GRT_PIPELINE_FILE_V3.0
PipelineMode: CLASSIFICATION_MODE
NumPreprocessingModules: 1
NumFeatureExtractionModules: 0
NumPostprocessingModules: 0
Trained: 1
Info: 
PreProcessingModuleDatatypes:	MovingAverageFilter
FeatureExtractionModuleDatatypes:
ClassificationModuleDatatype:	DTW
PostProcessingModuleDatatypes:
PreProcessingModule_1
GRT_MOVING_AVERAGE_FILTER_FILE_V1.0
NumInputDimensions: 3
NumOutputDimensions: 3
FilterSize: 4
GRT_DTW_Model_File_V2.0
Trained: 1
UseScaling: 0
NumInputDimensions: 3
NumOutputDimensions: 0
NumTrainingIterationsToConverge: 3
MinNumEpochs: 0
MaxNumEpochs: 100
ValidationSetSize: 20
LearningRate: 0.1
MinChange: 1e-05
UseValidationSet: 0
RandomiseTrainingOrder: 1
UseNullRejection: 0
ClassifierMode: 1
NullRejectionCoeff: 3
NumClasses: 26
NullRejectionThresholds:  0 0 0 0 0 0 0 0 0 0 0 0 0 0 0 0 0 0 0 0 0 0 0 0 0 0
ClassLabels:  9 16 12 8 13 23 4 17 14 2 22 19 10 5 3 18 15 26 20 6 7 11 25 21 1 24
DistanceMethod: 1
UseSmoothing: 0
SmoothingFactor: 5
UseZNormalisation: 0
OffsetUsingFirstSample: 0
ConstrainWarpingPath: 1
Radius: 0.2
RejectionMode: 0
NumberOfTemplates: 26
OverallAverageTemplateLength: 23
***************TEMPLATE***************
Template: 1
ClassLabel: 9
TimeSeriesLength: 21
TemplateThreshold: 66.8412
TrainingMu: 25.7381
TrainingSigma: 13.7011
AverageTemplateLength: 21
TimeSeries: 
1.42	0.05	-3.085	
1.49	-0.0866667	-3.92667	
1.065	-0.2875	-4.1775	
1.0325	-0.5175	-5.07	
0.465	-1.9925	-3.845	
-0.075	-3.8625	-0.19	
-0.705	-4.325	4.0125	
-2.37	-2.7525	7.015	
-3.7025	0.9625	8.4625	
-4.54	5.3775	6.4125	
-4.6925	6.985	3.8175	
-3.6975	6.365	1.5775	
-2.195	3.7	-0.275	
-0.595	1.1525	-0.9075	
1.2325	0.0325	-1.97	
2.0625	-0.105	-1.12	
3.13	0.2325	-1.0275	
4.9875	-5.24	-4.925	
0.5725	-3.255	-6.345	
-2.125	-1.3725	-3.6525	
-2.66	-2.73	-4.7925	
***************TEMPLATE***************
Template: 2
ClassLabel: 16
TimeSeriesLength: 25
TemplateThreshold: 57.0591
TrainingMu: 29.3816
TrainingSigma: 9.22585
AverageTemplateLength: 25
TimeSeries: 
-0.77	-1.24	-6.595	
-0.54	-1.68667	-7.35667	
-0.525	-1.86	-7.3075	
-1.34	-1.475	-7.4875	
-1.7725	-1.6775	-6.3975	
-2.6975	-1.0625	-4.895	
-3.5175	-0.4325	-2.4675	
-2.9375	-0.19	0.08	
-3.6875	1.12	5.1475	
-4.1375	2.875	9.1875	
-4.1025	3.3775	11.18	
-4.575	3.5225	11.3775	
-4.535	2.3375	8.2125	
-3.855	0.16	4.4825	
-3.6125	-1.0125	1.3875	
-2.875	-2.6425	-1.2	
-1.6875	-3.655	-3.9475	
-1.205	-4.2525	-5.6425	
-0.745	-4.405	-7.345	
-0.825	-3.9925	-8.67	
-1.54	-1.9925	-9.0275	
-2.2325	-0.025	-8.365	
-2.9075	2.6625	-6.4325	
-4.23	5.9725	-3.2025	
-4.04	5.52	-0.235	
***************TEMPLATE***************
Template: 3
ClassLabel: 12
TimeSeriesLength: 13
TemplateThreshold: 15.0449
TrainingMu: 8.65815
TrainingSigma: 2.12892
AverageTemplateLength: 16
TimeSeries: 
1.905	0.655	-0.09	
1.86667	0.51	-0.863333	
1.735	0.6825	-1.0375	
1.84	0.5125	-1.7125	
1.7075	0.295	-2.5325	
1.825	0.0025	-3.7725	
1.9025	-0.59	-5.4775	
1.33	-0.7625	-6.2725	
0.6875	-1.2325	-7.7425	
-0.6875	-0.74	-6.4825	
-1.7825	-0.4875	-2.2225	
-1.96	0.815	3.5975	
-1.3825	1.7575	8.28	
***************TEMPLATE***************
Template: 4
ClassLabel: 8
TimeSeriesLength: 25
TemplateThreshold: 44.7534
TrainingMu: 25.0703
TrainingSigma: 6.56103
AverageTemplateLength: 26
TimeSeries: 
0.78	-1.04	-4.965	
0.483333	-0.873333	-5.34	
0.1125	-1.1125	-6.2075	
-0.6475	-1.45	-6.2675	
-1.985	-0.59	-5.435	
-2.8625	-0.73	-3.005	
-3.8175	0.6125	1.4025	
-3.7375	2.31	5.7775	
-3.4875	3.5925	9.4675	
-3.4875	4.96	10.9275	
-3.1675	4.4275	10.175	
-3.14	3.08	7.415	
-3.1425	1.3625	4.3275	
-2.3975	-0.085	1.675	
-1.8275	-0.64	-0.1	
-1.2575	-0.905	-1.9425	
-0.15	-1.725	-4.0225	
0.3675	-2.215	-5.9075	
1.15	-2.965	-8.1125	
1.23	-3.48	-9.29	
0.1	-2.9075	-8.995	
-0.9925	-1.8425	-8.04	
-2.3675	-0.9325	-6.595	
-3.2175	-0.1025	-3.9975	
-3.825	0.9975	-0.4275	
***************TEMPLATE***************
Template: 5
ClassLabel: 13
TimeSeriesLength: 34
TemplateThreshold: 220.095
TrainingMu: 49.8209
TrainingSigma: 56.7581
AverageTemplateLength: 35
TimeSeries: 
0.72	0.135	-2.505	
0.986667	0.03	-4.15	
1.1975	-0.2825	-5.38	
1.16	-0.8625	-7.075	
0.7225	-0.9975	-8.27	
-0.3525	-1.355	-4.8575	
-1.5975	-0.7675	0.705	
-2.85	0.79	8.16	
-3.4625	1.2925	13.625	
-3.0075	1.705	13.8775	
-2.4475	1.3225	10.945	
-1.3575	-0.3425	5.2775	
-0.8425	-0.9975	0.47	
0.0025	-1.555	-3.8375	
0.6425	-2.1775	-6.675	
1.375	-1.98	-9.7625	
1.995	-1.755	-11.1025	
1.355	-1.1525	-10.575	
0.22	0.02	-8.7275	
-0.585	0.525	-4.005	
-1.91	1.285	2.7875	
-2.5275	2.6025	8.8725	
-2.4675	2.9925	12.5225	
-2.84	3.2275	12.6675	
-2.27	2.74	8.8675	
-2.475	0.7025	4.7275	
-1.825	-0.73	-0.14	
-0.535	-2.135	-4.585	
0.195	-3.135	-7.905	
1.6575	-3.1275	-10.835	
1.52	-2.9525	-11.4275	
0.7625	-2.65	-10.57	
-0.5125	-1.34	-8.055	
-1.99	-0.0425	-4.6375	
***************TEMPLATE***************
Template: 6
ClassLabel: 23
TimeSeriesLength: 22
TemplateThreshold: 48.998
TrainingMu: 27.9475
TrainingSigma: 7.01683
AverageTemplateLength: 23
TimeSeries: 
-2.98	1.01	-1.285	
-2.09333	1.13667	-3.21333	
-1.865	-0.3325	-4.0075	
-1.99	-1.0075	-5.215	
-1.97	-1.7775	-6.3425	
-2.7925	-2.74	-5.915	
-3.3775	-2.89	-3.3075	
-3.9675	-4.7125	1.8025	
-5.1875	-3.075	7.6125	
-5.725	-0.825	12.0725	
-6.235	1.6475	12.6425	
-6.11	4.5175	8.3125	
-5.01	3.905	3.045	
-4.3575	2.735	-1.085	
-3.2625	1.6125	-4.9725	
-2.2825	0.295	-5.995	
-1.685	0.2225	-7.475	
-1.0325	-0.32	-8.7125	
-0.97	-0.7825	-8.7425	
-1.5825	-1.5	-8.7025	
-2.6725	-3.3125	-7.8975	
-4.57	-5.3075	-2.645	
***************TEMPLATE***************
Template: 7
ClassLabel: 4
TimeSeriesLength: 23
TemplateThreshold: 59.1357
TrainingMu: 30.0145
TrainingSigma: 9.70705
AverageTemplateLength: 22
TimeSeries: 
-0.48	-2.94	-4.89	
-0.323333	-3.14667	-6.55667	
-1.5625	-3.1125	-6.3175	
-2.43	-3.5775	-7.6175	
-4.17	-3.3325	-6.2275	
-5.63	-3.2	-3.985	
-5.8375	-2.3125	-0.0925	
-7.075	-0.5575	7.0225	
-6.495	2.2025	10.965	
-6.4925	4.4025	14.1425	
-6.325	5.1775	12.6	
-5.585	5.0075	7.945	
-5.01	3.295	3.2	
-4.28	2.25	-1.8275	
-3.6325	1.1825	-5.725	
-2.945	0.0975	-8.3075	
-2.4075	-1.74	-10.1525	
-1.73	-3.9225	-10.355	
-0.4675	-6.7525	-9.555	
0.1425	-9.2475	-7.21	
-0.555	-10.65	-2.1	
-1.85	-10.6775	2.48	
-5.08	-6.065	6.365	
***************TEMPLATE***************
Template: 8
ClassLabel: 17
TimeSeriesLength: 31
TemplateThreshold: 142.105
TrainingMu: 38.7894
TrainingSigma: 34.4384
AverageTemplateLength: 30
TimeSeries: 
-3.24	0.13	2.44	
-3.05333	1.56	1.89333	
-3.0675	2.5175	1.1925	
-2.8925	3.2325	-0.9725	
-2.315	3.2025	-3.595	
-1.915	2.13	-5.505	
-1.4525	-0.3925	-7.225	
-1.4725	-2.2975	-6.1725	
-1.9225	-4.5975	-4.7625	
-2.4	-6.66	-1.395	
-3.62	-5.92	2.925	
-4.9175	-4.2175	7.11	
-5.785	-0.155	9.155	
-7.0475	3.69	9.6375	
-6.835	5.32	7.3575	
-5.635	5.785	2.7975	
-4.86	3.8575	-0.095	
-2.9	1.745	-3.65	
-1.6325	0.1525	-6.155	
-0.915	-0.8225	-7.6475	
-0.18	-1.5125	-8.5225	
-0.865	-1.385	-9.655	
-1.71	-1.7325	-9.305	
-3.61	-1.2075	-8.0275	
-5.6975	-0.845	-5.3325	
-5.6475	-2.7925	-2.525	
-5.615	-3.2525	4.1	
-4.5675	-4.285	10.415	
-3.335	-5.7	13.125	
-3.545	-4.56	13.7775	
-4.23	-1.845	7.9075	
***************TEMPLATE***************
Template: 9
ClassLabel: 14
TimeSeriesLength: 20
TemplateThreshold: 42.5639
TrainingMu: 18.9828
TrainingSigma: 7.86038
AverageTemplateLength: 20
TimeSeries: 
1.95	-0.74	-7.175	
1.16333	-0.636667	-6.73667	
0.8525	-0.5125	-6.47	
0.12	0.14	-4.9775	
-1.0775	0.36	-2.6675	
-1.7725	0.865	2.3775	
-2.4125	2.4075	7.225	
-3.02	2.4825	11.2775	
-2.605	2.7575	11.6675	
-2.6725	2.13	9.2625	
-2.3325	0.3125	5.1925	
-1.525	-0.6875	0.62	
-0.8725	-1.78	-2.3525	
0.4425	-2.2175	-6.3675	
1.22	-2.57	-8.535	
1.835	-2.065	-10.19	
1.175	-1.2025	-10.1625	
0.4575	-1.14	-7.675	
-0.6875	0.45	-3.5775	
-2.1725	0.9125	1.3025	
***************TEMPLATE***************
Template: 10
ClassLabel: 2
TimeSeriesLength: 27
TemplateThreshold: 361.225
TrainingMu: 72.1239
TrainingSigma: 96.3669
AverageTemplateLength: 25
TimeSeries: 
-1.425	-0.24	-1.725	
-1.00667	-0.87	-2.49667	
-0.97	-0.58	-3.5825	
-0.5575	-0.945	-5.475	
-1.29	-0.8975	-5.57	
-2.675	-0.7075	-4.7325	
-4.0375	-0.7475	-2.9025	
-5.2575	0.5875	-0.44	
-5.3475	0.46	2.11	
-5.39	1.775	6.0325	
-5.245	2.61	9.6125	
-5.1775	2.0675	11.1075	
-5.64	1.1925	11.3375	
-5.6175	-0.185	7.83	
-5.105	-1.8475	3.6925	
-4.655	-2.6825	-0.1325	
-3.9475	-2.67	-3.595	
-2.7925	-2.9475	-5.4525	
-1.905	-2.2925	-7.3575	
-1.3075	-1.84	-7.7675	
-1.43	-0.4375	-7.7	
-2.0075	1.7025	-7.5525	
-2.92	3.225	-6.11	
-4.1825	6.225	-4.045	
-4.8225	6.905	-2.18	
-5.4125	5.44	0.455	
-5.425	2.4325	3.0775	
***************TEMPLATE***************
Template: 11
ClassLabel: 22
TimeSeriesLength: 16
TemplateThreshold: 35.3644
TrainingMu: 20.7186
TrainingSigma: 4.88193
AverageTemplateLength: 16
TimeSeries: 
0.715	-0.24	-2.015	
0.113333	-0.48	-1.4	
0.49	-0.9475	-1.95	
0.545	-1.1075	-2.2625	
0.125	-1.9025	-2.415	
0.77	-2.565	-3.8775	
0.325	-3.03	-4.9175	
-0.9525	-2.335	-3.4775	
-1.9075	-0.555	-0.4775	
-2.925	1.6875	4.4475	
-3.6625	3.7575	9.085	
-2.5825	3.49	9.775	
-2.3025	2.71	8.7425	
-1.9225	0.855	6.9175	
-1.35	-0.315	4.1025	
-1.245	-0.825	2.3225	
***************TEMPLATE***************
Template: 12
ClassLabel: 19
TimeSeriesLength: 22
TemplateThreshold: 38.2138
TrainingMu: 23.2442
TrainingSigma: 4.98987
AverageTemplateLength: 22
TimeSeries: 
-3.175	3.605	1.875	
-3.44667	3.62333	0.68	
-3.2425	3.995	-0.84	
-3.065	3.8775	-3.1	
-3.0325	3.1625	-4.8325	
-2.91	1.4825	-5.21	
-3.1725	-0.44	-4.6	
-3.3625	-2.055	-3.005	
-3.4	-4.2175	-0.5575	
-3.8275	-4.6975	2.46	
-4.3275	-4.1075	6.2475	
-4.3425	-2.86	7.095	
-4.36	-0.83	6.0675	
-3.985	0.3375	2.725	
-3.4775	1.305	-2.235	
-3.3425	2.0375	-5.3	
-3.285	2.68	-6.8575	
-3.6525	5.0725	-6.995	
-4.1275	6.6925	-5.7275	
-4.8975	7.9175	-3.3775	
-5.755	8.085	-1.29	
-5.405	5.635	0.2675	
***************TEMPLATE***************
Template: 13
ClassLabel: 10
TimeSeriesLength: 8
TemplateThreshold: 45.3925
TrainingMu: 14.2999
TrainingSigma: 10.3642
AverageTemplateLength: 23
TimeSeries: 
1.665	-0.46	-2.93	
1.87667	-0.876667	-3.48333	
1.7575	-0.85	-3.54	
1.07	-1.1425	-3.2525	
0.5525	-0.8625	-3.59	
-0.9725	0.675	-1.39	
-2.095	2.145	-0.0275	
-2.7475	3.41	2.02	
***************TEMPLATE***************
Template: 14
ClassLabel: 5
TimeSeriesLength: 7
TemplateThreshold: 34.5725
TrainingMu: 23.8711
TrainingSigma: 3.56712
AverageTemplateLength: 24
TimeSeries: 
-1.7	-5.69	-10.705	
-1.55	-7.30667	-9.04667	
-1.2525	-7.4975	-8.1525	
-0.8225	-10.0625	-5.6675	
-1.4425	-12.315	-1.4275	
-3.3525	-11.5425	4.665	
-5.4475	-11.1	9.8275	
***************TEMPLATE***************
Template: 15
ClassLabel: 3
TimeSeriesLength: 14
TemplateThreshold: 21.9877
TrainingMu: 13.6367
TrainingSigma: 2.78369
AverageTemplateLength: 14
TimeSeries: 
-1.6275	0.1875	2.39	
-2.6075	1.5375	3.3075	
-3.615	2.63	3.8375	
-4.3075	3.7325	2.0675	
-4.3175	4.395	-0.91	
-3.6575	3.63	-4.325	
-3.0275	2.2925	-6.9625	
-2.915	1.4625	-7.7	
-2.8175	-0.805	-7.975	
-2.4225	-3.535	-7.4075	
-2.405	-6.105	-5.4925	
-3.0825	-8.475	-0.585	
-4.5325	-7.05	4.525	
-6.49	-2.26	7.475	
***************TEMPLATE***************
Template: 16
ClassLabel: 18
TimeSeriesLength: 13
TemplateThreshold: 39.1873
TrainingMu: 16.9118
TrainingSigma: 7.42515
AverageTemplateLength: 14
TimeSeries: 
-0.78	-1.985	-5.805	
-1.54333	-2.41667	-5.16	
-1.9175	-1.925	-5.9525	
-3.145	-1.805	-4.98	
-4.32	-1.68	-1.9775	
-5.54	-0.0775	3.03	
-6.3375	1.0175	8.355	
-6.5625	2.485	11.7775	
-5.8275	2.3875	11.1125	
-4.505	1.07	7.1325	
-3.1525	-0.59	2.845	
-1.675	-2.69	-1.675	
-0.9775	-3.95	-3.97	
***************TEMPLATE***************
Template: 17
ClassLabel: 15
TimeSeriesLength: 14
TemplateThreshold: 101.39
TrainingMu: 22.8464
TrainingSigma: 26.1814
AverageTemplateLength: 16
TimeSeries: 
-0.74	2.845	-5.215	
-0.846667	1.61667	-5.81	
-0.755	0.6475	-6.2525	
-0.84	-1.6775	-6.4575	
-0.82	-3.8475	-5.135	
-0.7125	-6.0325	-2.3825	
-1.5475	-7.195	1.8375	
-2.2125	-7.2025	4.8175	
-3.4825	-4.1975	7.585	
-4.6175	0.0175	8.26	
-4.465	3.8325	7.0725	
-4.555	7.15	5.24	
-3.1875	7.235	1.5025	
-2.1125	6.2525	-2.1175	
***************TEMPLATE***************
Template: 18
ClassLabel: 26
TimeSeriesLength: 22
TemplateThreshold: 265.77
TrainingMu: 57.8739
TrainingSigma: 69.2988
AverageTemplateLength: 24
TimeSeries: 
-0.84	-4.82	0.01	
-0.816667	-6.24333	0.61	
-0.6775	-5.93	-0.3	
-1.355	-5.3375	-0.6725	
-1.9275	-3.8375	-0.4425	
-2.48	-1.3175	-1.61	
-3.1	2.235	-1.39	
-3.005	5.2275	-2.0425	
-2.77	7.2225	-3.19	
-2.3	8.3425	-3.88	
-2.39	7.005	-4.735	
-2.4525	4.845	-4.7925	
-2.7125	3.2125	-5.2325	
-3.1075	1.83	-3.34	
-3.2125	-0.04	-1.2325	
-3.155	-1.495	0.97	
-3.105	-3.8575	5.0575	
-2.5075	-5.5825	6.3425	
-1.9175	-5.7625	6.4725	
-1.9175	-5.77	5.2625	
-1.8175	-5.07	2.055	
-2.005	-5.1475	-0.115	
***************TEMPLATE***************
Template: 19
ClassLabel: 20
TimeSeriesLength: 11
TemplateThreshold: 171.413
TrainingMu: 46.9517
TrainingSigma: 41.4872
AverageTemplateLength: 25
TimeSeries: 
0.6	-0.955	-1.105	
-0.55	-0.25	-0.88	
-0.7175	-1.4125	-0.62	
-0.6525	-2.8125	-0.925	
-1.265	-2.45	-0.57	
-0.7375	-3.9175	-0.8475	
-0.5875	-3.7925	-1.295	
-0.66	-4.6625	-1.85	
-0.1475	-6.9	-1.865	
-2.075	-8.045	-1.895	
-6.0675	-5.255	-1.4625	
***************TEMPLATE***************
Template: 20
ClassLabel: 6
TimeSeriesLength: 15
TemplateThreshold: 146.238
TrainingMu: 49.017
TrainingSigma: 32.407
AverageTemplateLength: 26
TimeSeries: 
-2.89	0.96	7.715	
-3.74333	3.03333	7.57333	
-4.3875	3.7775	5.68	
-5.0475	4.275	2.315	
-5.025	3.92	-1.29	
-4.3325	1.79	-4.89	
-2.87	-0.4225	-7.8975	
-1.0875	-2.635	-9.14	
-0.56	-3.7875	-8.8975	
-0.1675	-5.2175	-8.525	
-0.235	-6.44	-7.6525	
-2.0825	-5.5975	-6.535	
-4.085	-5.16	-2.02	
-6.54	-1.77	2.43	
-8.45	1.24	9.4375	
***************TEMPLATE***************
Template: 21
ClassLabel: 7
TimeSeriesLength: 28
TemplateThreshold: 440.192
TrainingMu: 80.8685
TrainingSigma: 119.774
AverageTemplateLength: 27
TimeSeries: 
-0.56	0.13	3.25	
-1.42333	1.76	3.99	
-1.66	2.135	3.2275	
-2.1325	3.0075	2.08	
-2.225	3.32	-1.1575	
-1.55	2.33	-5.0675	
-1.2575	1.29	-7.8575	
-0.805	-0.3875	-9.495	
-0.7225	-2.8275	-8.2975	
-0.8875	-5.2725	-4.92	
-1.4825	-6.905	-0.6	
-2.735	-6.325	5.11	
-4.1275	-3.49	9.69	
-5.4	0.4225	11.5375	
-5.9275	3.76	10.6375	
-5.245	4.71	7.1925	
-4.56	4.5825	2.1775	
-3.1375	2.9275	-2.92	
-1.245	0.975	-6.7175	
0.1125	0.175	-9.525	
1.2225	-1.08	-10.535	
1.09	-1.8675	-10.41	
-0.0725	-2.2175	-9.44	
-1.51	-1.44	-8.55	
-4.6275	1.0275	-4.9875	
-6.5725	4.18	-0.645	
-8.5675	6.765	5.9025	
-8.9575	5.235	10.75	
***************TEMPLATE***************
Template: 22
ClassLabel: 11
TimeSeriesLength: 27
TemplateThreshold: 69.9168
TrainingMu: 48.3254
TrainingSigma: 7.19711
AverageTemplateLength: 29
TimeSeries: 
4.505	-1.74	-11.925	
3.64	-2.46333	-11.2667	
2.5975	-2.41	-11.1625	
0.505	-2.645	-9.3875	
-2.49	-2.2675	-4.325	
-5.715	0.18	4.03	
-6.9925	1.2725	11.255	
-7.0075	1.69	14.8725	
-5.2075	1.645	13.42	
-2.64	-0.69	7.93	
-0.625	-2.4	3.4925	
0.835	-2.9225	0.535	
1.4625	-2.66	-1.2725	
1.965	-1.8825	-3.415	
1.98	-0.4725	-6.5425	
1.9275	1.3325	-10.4075	
1.19	2.265	-10.7325	
0.1675	2.34	-8.1625	
-0.505	1.18	-4.725	
-0.495	-1.9575	0.2375	
1.655	-5.1	0.4175	
3.9925	-9	-2.2175	
3.3575	-10.1625	-2.6875	
0.6725	-8.7825	-3.1575	
-3.3125	-2.745	-1.5775	
-6.4875	3.925	1.9025	
-6.4825	8.865	2.845	
***************TEMPLATE***************
Template: 23
ClassLabel: 25
TimeSeriesLength: 25
TemplateThreshold: 70.3988
TrainingMu: 29.6352
TrainingSigma: 13.5879
AverageTemplateLength: 26
TimeSeries: 
2.24	0.425	-5.93	
2.11	-0.273333	-6.13	
1.51	-0.24	-6.6375	
0.7825	-1.075	-6.735	
-0.15	-2.52	-4.6125	
-1.46	-3.055	-1.7175	
-2.705	-3.4425	3.7775	
-3.9575	-1.5075	8.45	
-5.1625	2.2125	10.485	
-5.2125	4.6725	10.575	
-4.665	6.0425	6.8225	
-3.35	5.065	2.875	
-2.1075	2.3875	-0.215	
-1.235	0.58	-3.0425	
0.1225	-0.3125	-4.9325	
0.8	-0.955	-6.5425	
1.65	-0.6725	-8.5675	
2.125	-0.855	-9.7575	
1.3825	-0.825	-10.0225	
0.0825	-0.255	-9.41	
-1.9225	0.92	-6.8425	
-3.8375	2.3775	-3.03	
-5.0475	3.765	1.5675	
-5.55	4.3125	6.425	
-5.61	3.02	9.785	
***************TEMPLATE***************
Template: 24
ClassLabel: 21
TimeSeriesLength: 21
TemplateThreshold: 186.062
TrainingMu: 36.2873
TrainingSigma: 49.925
AverageTemplateLength: 22
TimeSeries: 
-0.94	0.63	-3.495	
-0.0766667	-0.123333	-5.08667	
-0.25	-0.3525	-5.595	
-0.12	-2.39	-6.0675	
0.6725	-4.1775	-6.05	
-1.0725	-5.5325	1.0525	
-2.9475	-5.6475	7.5925	
-5.5	-1.6725	11.6125	
-6.645	1.6	11.695	
-5.3775	3.6325	4.58	
-2.73	3.915	-3.1775	
0.4425	1.485	-8.515	
1.5825	-0.76	-10.23	
1.4525	-2.1725	-8.795	
0.5675	-4.1775	-3.3525	
-0.8075	-5.165	2.0575	
-2.8575	-5.3575	9.0975	
-4.7	-2.6025	12.2825	
-6.5075	0.965	10.5075	
-5.7825	3.52	3.88	
-3.59	4.455	-4.615	
***************TEMPLATE***************
Template: 25
ClassLabel: 1
TimeSeriesLength: 29
TemplateThreshold: 165.35
TrainingMu: 30.6503
TrainingSigma: 44.9001
AverageTemplateLength: 27
TimeSeries: 
-0.35	-0.17	1.24	
-0.6	0.183333	2.40667	
-1.0925	1.0725	1.98	
-1.3525	1.9375	1.36	
-1.39	2.38	-0.02	
-1.3725	2.1725	-2.1525	
-0.36	1.0575	-4.0825	
-0.14	-0.5225	-5.0475	
0.17	-1.6225	-5.1875	
0.2925	-2.5525	-4.19	
-0.2775	-4.095	-2.075	
-0.4725	-4.32	-0.52	
-1.4025	-4.6525	3.775	
-2.7525	-3.265	6.1175	
-4.085	-0.3475	8.4825	
-5.1275	2.285	8.625	
-5.0325	4.5125	5.8875	
-3.74	4.385	2.5975	
-2.2975	3.2075	-1.76	
-1.0025	1.2675	-3.935	
0.1675	-0.185	-5.9125	
0.765	-1.0975	-7.28	
1.2825	-1.975	-7.36	
1.655	-3.15	-7.3775	
0.915	-3.98	-6.855	
-0.2775	-4.215	-4.3375	
-1.605	-5.4175	-0.5925	
-3.5225	-5.485	3.935	
-5.8425	-3.57	7.585	
***************TEMPLATE***************
Template: 26
ClassLabel: 24
TimeSeriesLength: 27
TemplateThreshold: 64.2794
TrainingMu: 30.3951
TrainingSigma: 11.2948
AverageTemplateLength: 26
TimeSeries: 
-0.395	-1.425	-5.17	
-0.27	-2.39667	-5.87667	
-0.47	-3.005	-5.93	
-0.3275	-4.2075	-5.9825	
-1.0725	-4.545	-5.8825	
-1.99	-4.28	-5.0125	
-3.075	-3.3075	-3.92	
-4.4725	-0.1475	-2.38	
-5.84	3.895	2.0475	
-6.365	7.33	6.22	
-5.885	9.495	9.0175	
-5.145	8.7425	9.8725	
-3.7875	5.94	7.2625	
-3.1225	3.1375	3.8025	
-2.5525	0.9125	0.77	
-2.165	-0.745	-1.545	
-1.5325	-0.9	-3.4775	
-0.785	-0.525	-5.1225	
-0.155	-0.445	-6.595	
0.54	-0.42	-7.7	
0.6475	-0.54	-9.2425	
0.435	-0.4475	-9.22	
-0.7325	0.15	-8.675	
-1.915	1.8175	-7.805	
-2.8175	1.5875	-6.0675	
-4.045	-0.1175	-3.6075	
-4.61	-2.6225	0.3675	
