0.000000000000000000e+00 0.000000000000000000e+00 0.000000000000000000e+00
9.354000000000002937e-04 1.148250000000017312e-03 8.559349999999910086e-03
9.341999999999996140e-04 4.259500000000041031e-03 3.074139999999964123e-02
6.375699999999998903e-03 8.872500000000047016e-03 6.117014999999917380e-02
1.995439999999999714e-02 1.535700000000005117e-02 9.618009999999854731e-02
4.230679999999999857e-02 2.387575000000005665e-02 1.333672999999979403e-01
7.129864999999999120e-02 3.377625000000004929e-02 1.696214499999972314e-01
1.034606999999999888e-01 4.443900000000002015e-02 2.036595499999962755e-01
1.372284999999999755e-01 5.575599999999995837e-02 2.342643499999951529e-01
1.703097499999999820e-01 6.833124999999988514e-02 2.602923499999940105e-01
2.015259499999999815e-01 7.995249999999980151e-02 2.796320499999926934e-01
2.287935999999999581e-01 9.059674999999967060e-02 2.927304499999912601e-01
2.429226999999999359e-01 9.591774999999952422e-02 3.009730499999897502e-01
2.399917499999999482e-01 9.226474999999945137e-02 3.088587999999878875e-01
2.133879999999999666e-01 7.328549999999933728e-02 3.192182499999859369e-01
1.615179499999999657e-01 3.752574999999919170e-02 3.330018999999838636e-01
8.047009999999996110e-02 -1.836900000000095401e-02 3.506317499999816456e-01
-2.999130000000002627e-02 -9.394275000000108788e-02 3.725085499999792882e-01
-1.691287500000000499e-01 -1.887617500000012549e-01 3.990132999999768115e-01
-3.352802500000000574e-01 -3.024145000000014183e-01 4.308172499999741722e-01
-5.254245499999999902e-01 -4.349907500000015914e-01 4.675958999999714760e-01
-7.366919000000000661e-01 -5.856140000000017443e-01 5.082514999999686589e-01
-9.668360500000000579e-01 -7.520100000000019547e-01 5.507797999999656247e-01
-1.211799750000000175e+00 -9.320175000000021637e-01 5.954190999999625644e-01
-1.468691000000000191e+00 -1.123137000000002494e+00 6.365558499999596220e-01
-1.736095799999999967e+00 -1.323818000000002826e+00 6.730505499999563934e-01
-2.012144149999999687e+00 -1.534614750000003136e+00 7.027984499999530010e-01
-2.297762299999999591e+00 -1.753166000000003555e+00 7.267302999999494251e-01
-2.594212749999999623e+00 -1.981559250000003880e+00 7.457300999999457725e-01
-2.900244999999999518e+00 -2.221775500000004566e+00 7.606378499999419951e-01
-3.214671049999999308e+00 -2.475698000000004839e+00 7.717707999999381396e-01
-3.536333649999999107e+00 -2.744827250000005492e+00 7.817458999999340463e-01
-3.863286549999998876e+00 -3.032700500000005572e+00 7.942994499999297409e-01
-4.196480749999999205e+00 -3.338931500000005492e+00 8.113381999999254024e-01
-4.536816499999999586e+00 -3.663152750000005842e+00 8.337121499999208263e-01
-4.885151299999999530e+00 -4.005015250000006688e+00 8.617477999999161309e-01
-5.242780400000000007e+00 -4.364187250000006735e+00 8.957553999999112726e-01
-5.608049800000000751e+00 -4.740354000000007950e+00 9.360296999999063727e-01
-5.983712750000000469e+00 -5.133216750000007877e+00 9.831981999999013233e-01
-6.371907000000000210e+00 -5.542491750000008821e+00 1.037376399999896170e+00
-6.777548050000000046e+00 -5.967909000000009456e+00 1.095923049999890875e+00
-7.200977149999999938e+00 -6.409211500000009387e+00 1.155847649999885540e+00
-7.642518049999999619e+00 -6.866155750000009661e+00 1.216452999999880102e+00
-8.102481499999999670e+00 -7.338510750000009963e+00 1.277124049999874611e+00
-8.581158499999999023e+00 -7.826056750000010886e+00 1.334726299999869026e+00
-9.078827049999999232e+00 -8.328971250000011040e+00 1.392464199999862817e+00
-9.595752399999998516e+00 -8.844914250000011080e+00 1.453387049999856462e+00
-1.013266654999999794e+01 -9.375710500000012715e+00 1.520332849999850078e+00
-1.068737974999999807e+01 -9.923088500000014633e+00 1.596959349999843569e+00
-1.126213949999999819e+01 -1.048869450000001535e+01 1.686741299999837018e+00
-1.185907979999999817e+01 -1.107409025000001535e+01 1.792017949999830106e+00
-1.247983964999999884e+01 -1.168060400000001664e+01 1.914530799999823119e+00
-1.312849804999999925e+01 -1.231108525000001741e+01 2.055934599999815759e+00
-1.380487424999999746e+01 -1.296507450000001782e+01 2.217801349999808380e+00
-1.450879599999999847e+01 -1.364026575000001884e+01 2.401624049999800725e+00
-1.524009954999999827e+01 -1.433949825000001965e+01 2.608820949999793193e+00
-1.599911089999999803e+01 -1.506212050000002023e+01 2.840580549999785376e+00
-1.678517829999999833e+01 -1.580751400000002072e+01 3.097551849999777840e+00
-1.759578974999999801e+01 -1.657509100000002178e+01 3.379067849999769724e+00
-1.842939824999999843e+01 -1.736429275000002193e+01 3.682090299999762006e+00
-1.928606780000000143e+01 -1.817458900000002231e+01 4.002291199999754134e+00
-2.016585965000000158e+01 -1.900547550000002417e+01 4.336039549999745724e+00
-2.106928630000000169e+01 -1.985647275000002310e+01 4.678443349999737322e+00
-2.199597550000000012e+01 -2.072712625000002262e+01 5.024375099999729422e+00
-2.294453600000000293e+01 -2.161700400000002631e+01 5.372458349999720717e+00
-2.391316480000000055e+01 -2.252569550000002963e+01 5.718129299999711534e+00
-2.489726465000000033e+01 -2.345281075000002957e+01 6.062581949999702680e+00
-2.589198780000000255e+01 -2.439797925000003076e+01 6.402624299999692958e+00
-2.689465200000000067e+01 -2.536084900000003017e+01 6.735224599999683370e+00
-2.789918779999999998e+01 -2.634108525000003098e+01 7.057502099999673817e+00
-2.889895089999999911e+01 -2.733837025000003251e+01 7.366720299999665045e+00
-2.988962479999999999e+01 -2.835240200000003341e+01 7.660278699999655494e+00
-3.086710874999999987e+01 -2.938289400000003582e+01 7.935225799999646057e+00
-3.182750700000000066e+01 -3.042957425000003724e+01 8.191644349999634755e+00
-3.276759930000000054e+01 -3.149218400000004081e+01 8.425283599999625395e+00
-3.368528814999999810e+01 -3.257047725000003879e+01 8.632107049999616422e+00
-3.457906179999999807e+01 -3.366422000000004289e+01 8.808280449999607242e+00
-3.544748399999999577e+01 -3.477319100000003971e+01 8.949680299999597466e+00
-3.628935699999999542e+01 -3.589717975000004202e+01 9.055270599999586167e+00
-3.710450479999999374e+01 -3.703598575000004445e+01 9.119265099999575241e+00
-3.789355464999999867e+01 -3.818941900000004352e+01 9.139046299999565193e+00
-3.865710254999999762e+01 -3.935777925000004274e+01 9.107803199999553456e+00
-3.939548974999999587e+01 -4.053990925000004353e+01 9.019545549999541834e+00
-4.010759774999999649e+01 -4.173470975000004302e+01 8.865699349999530909e+00
-4.079066604999999868e+01 -4.294161700000004345e+01 8.642923599999519979e+00
-4.144159115000000071e+01 -4.415865325000004304e+01 8.345163549999508490e+00
-4.205742505000000619e+01 -4.538393975000003877e+01 7.970992199999496819e+00
-4.263584825000000933e+01 -4.661569150000003958e+01 7.519055049999485263e+00
-4.317561850000000589e+01 -4.785221250000003579e+01 6.988063099999473948e+00
-4.367588755000000589e+01 -4.909189200000003694e+01 6.376312849999462351e+00
-4.413681115000000688e+01 -5.033270025000003756e+01 5.685070549999450051e+00
-4.455916655000000048e+01 -5.157233525000003738e+01 4.911691949999437590e+00
-4.494465424999999925e+01 -5.280948325000003507e+01 4.050781549999425302e+00
-4.529633199999999960e+01 -5.404289625000003383e+01 3.101540099999412714e+00
-4.561710405000000179e+01 -5.527138875000003537e+01 2.063206599999400037e+00
-4.590972964999999562e+01 -5.649388875000003196e+01 9.350622999993872808e-01
-4.617634954999999053e+01 -5.771033875000003377e+01 -2.835808000006260210e-01
-4.641995874999999216e+01 -5.892159125000003428e+01 -1.593371700000639102e+00
-4.664484474999999009e+01 -6.012845700000003291e+01 -2.994929900000652623e+00
-4.685508079999998898e+01 -6.133170650000003121e+01 -4.489323650000665467e+00
-4.705453689999998801e+01 -6.253192075000003314e+01 -6.075163200000678998e+00
-4.724640854999998396e+01 -6.372869000000003581e+01 -7.752571050000692132e+00
-4.743469249999998283e+01 -6.492033325000004140e+01 -9.525511200000705614e+00
-4.762042369999998215e+01 -6.610477300000003709e+01 -1.140063290000071916e+01
-4.780793444999998343e+01 -6.728051650000004713e+01 -1.337992665000073345e+01
-4.800219674999998176e+01 -6.844662600000005170e+01 -1.546528095000074643e+01
-4.820793359999998273e+01 -6.960221050000004084e+01 -1.765849455000076063e+01
-4.842963049999998049e+01 -7.074642400000003306e+01 -1.996127120000077326e+01
-4.867154994999997797e+01 -7.187846275000003970e+01 -2.237523165000078862e+01
-4.893774169999998236e+01 -7.299756275000004280e+01 -2.490191715000080208e+01
-4.923156974999998425e+01 -7.410299850000004085e+01 -2.754264195000081372e+01
-4.955894309999997915e+01 -7.519360025000004555e+01 -3.030020755000082744e+01
-4.992280849999998082e+01 -7.626777575000005527e+01 -3.317460845000083935e+01
-5.032255569999998102e+01 -7.732449325000004592e+01 -3.616127290000085281e+01
-5.075760469999998037e+01 -7.836301000000004535e+01 -3.926361115000086954e+01
-5.122811674999997678e+01 -7.938378875000005053e+01 -4.248486120000088562e+01
-5.172947059999997066e+01 -8.038751250000004234e+01 -4.582809880000090175e+01
-5.226518549999996566e+01 -8.137342725000004862e+01 -4.929624645000092187e+01
-5.283860344999996528e+01 -8.234197675000004324e+01 -5.289208240000093753e+01
-5.345338019999996249e+01 -8.329381700000004685e+01 -5.661807040000095270e+01
-5.411010349999996549e+01 -8.422793050000004200e+01 -6.048012520000096970e+01
-5.481414109999996498e+01 -8.514286975000004531e+01 -6.447565755000098875e+01
-5.556722624999996896e+01 -8.603774025000004144e+01 -6.859932370000100832e+01
-5.637821669999996743e+01 -8.691169225000004417e+01 -7.284604690000102778e+01
-5.725168019999996716e+01 -8.776343775000005110e+01 -7.721100415000104533e+01
-5.818859399999996640e+01 -8.859223375000004808e+01 -8.168961295000106304e+01
-5.919709409999996552e+01 -8.939785525000004895e+01 -8.627752055000108555e+01
-6.028058449999996782e+01 -9.018008875000005276e+01 -9.097059245000110650e+01
-6.144229919999996525e+01 -9.093825050000005206e+01 -9.576489965000112647e+01
-6.268579069999996278e+01 -9.167072925000005057e+01 -1.006567101500011461e+02
-6.401154999999995709e+01 -9.237598750000005055e+01 -1.056424784500011640e+02
-6.542436984999996241e+01 -9.305352675000004581e+01 -1.107193170500011945e+02
-6.692928499999996461e+01 -9.370336025000004554e+01 -1.158840024500012191e+02
-6.852819194999996455e+01 -9.432550075000004597e+01 -1.211310684000012401e+02
-7.022770194999996818e+01 -9.491948000000004981e+01 -1.264538796500012552e+02
-7.203217374999996991e+01 -9.548533300000005397e+01 -1.318466132000012863e+02
-7.394430159999997443e+01 -9.602597850000006474e+01 -1.373032565500012936e+02
-7.597530374999998060e+01 -9.654467000000006749e+01 -1.428156937000013045e+02
-7.813583319999997912e+01 -9.704305550000007941e+01 -1.483742916500013109e+02
-8.043553219999996884e+01 -9.752292750000007970e+01 -1.539708606500013559e+02
-8.288644524999996577e+01 -9.798502725000007274e+01 -1.595990624500013837e+02
-8.549520709999997337e+01 -9.842839000000007843e+01 -1.652533570500013980e+02
-8.827052249999997002e+01 -9.885065725000008285e+01 -1.709265582000014092e+02
-9.121874044999997011e+01 -9.924814625000009016e+01 -1.766123194000014394e+02
-9.434444744999996146e+01 -9.961687725000008697e+01 -1.823070159000014598e+02
-9.764814499999997111e+01 -9.995258850000007556e+01 -1.880086459500014939e+02
-1.011293988499999728e+02 -1.002502700000000715e+02 -1.937157883000015204e+02
-1.047863149999999735e+02 -1.005046817500000600e+02 -1.994244895000015276e+02
-1.086170934499999703e+02 -1.007108457500000611e+02 -2.051303197500015472e+02
-1.126200244499999741e+02 -1.008640327500000637e+02 -2.108294640500015475e+02
-1.167932312499999767e+02 -1.009602307500000649e+02 -2.165173364000015681e+02
-1.211354608499999870e+02 -1.009965897500000693e+02 -2.221886185500015927e+02
-1.256452457499999866e+02 -1.009708830000000717e+02 -2.278368157500016196e+02
-1.303231131999999661e+02 -1.008809952500000691e+02 -2.334538350000016464e+02
-1.351710079499999608e+02 -1.007253902500000606e+02 -2.390310265500016840e+02
-1.401951044999999567e+02 -1.005035697500000680e+02 -2.445601731500017024e+02
-1.454012698499999487e+02 -1.002150752500000692e+02 -2.500339493000017228e+02
-1.507950739999999428e+02 -9.985802925000007235e+01 -2.554463572500017392e+02
-1.563813301999999226e+02 -9.942919850000006932e+01 -2.607926605000017730e+02
-1.621674964499999305e+02 -9.892503050000007647e+01 -2.660693208000017762e+02
-1.681558484999999337e+02 -9.834215025000007415e+01 -2.712734576500017738e+02
-1.743514338499999212e+02 -9.767735150000007138e+01 -2.764023348000018245e+02
-1.807547197499999072e+02 -9.692758850000008408e+01 -2.814533527500018408e+02
-1.873664401999999143e+02 -9.608996800000008420e+01 -2.864240420000018617e+02
-1.941870951999999022e+02 -9.516174125000007677e+01 -2.913120565500018415e+02
-2.012151447499999222e+02 -9.414029675000007558e+01 -2.961156481500018458e+02
-2.084491258499999162e+02 -9.302315375000007691e+01 -3.008341175500018494e+02
-2.158876479999998992e+02 -9.180747475000008251e+01 -3.054672815000018318e+02
-2.235293904499999087e+02 -9.048960250000008898e+01 -3.100149660000018343e+02
-2.313730986999999004e+02 -8.906558200000007730e+01 -3.144766035500018688e+02
-2.394180612499999086e+02 -8.753165600000006918e+01 -3.188526166500018917e+02
-2.476626413499999160e+02 -8.588377425000007293e+01 -3.231450860500019076e+02
-2.561043222499999388e+02 -8.411712750000008043e+01 -3.273550267500019118e+02
-2.647392701999999076e+02 -8.222714700000007326e+01 -3.314816450000018904e+02
-2.735628824499999041e+02 -8.021093475000007800e+01 -3.355232253000019114e+02
-2.825731899999998973e+02 -7.806718000000007862e+01 -3.394776571500019600e+02
-2.917697643499998890e+02 -7.579463750000007849e+01 -3.433429353000019546e+02
-3.011524957499999005e+02 -7.339164350000008596e+01 -3.471171547500019869e+02
-3.107191291999998839e+02 -7.085709825000007811e+01 -3.507985060000020212e+02
-3.204710799499998757e+02 -6.818995675000007850e+01 -3.543852700500020774e+02
-3.304120157499999095e+02 -6.538778400000008162e+01 -3.578761084000020674e+02
-3.405409133499999257e+02 -6.244682475000008282e+01 -3.612707105500020930e+02
-3.508553577499999392e+02 -5.936303050000008596e+01 -3.645694482500020968e+02
-3.613530549499999438e+02 -5.613255500000008880e+01 -3.677717142500021055e+02
-3.720318259499999840e+02 -5.275174450000009330e+01 -3.708788545500021314e+02
-3.828900809999999524e+02 -4.921712800000009480e+01 -3.738950314000021535e+02
-3.939248675999999136e+02 -4.552492725000009699e+01 -3.768241998000021908e+02
-4.051338614999999095e+02 -4.167059125000010056e+01 -3.796696362500022133e+02
-4.165143741999999065e+02 -3.764931575000010611e+01 -3.824354142500022249e+02
-4.280604861999999002e+02 -3.345653675000010452e+01 -3.851273278000022628e+02
-4.397689782499999183e+02 -2.908791850000010726e+01 -3.877499194000023408e+02
-4.516353493499998990e+02 -2.453934225000010727e+01 -3.903065423000023770e+02
-4.636505152499998985e+02 -1.980689525000011031e+01 -3.927992590000023938e+02
-4.758054734499999086e+02 -1.488734100000011296e+01 -3.952271442500024250e+02
-4.880960474499999009e+02 -9.778566250000116256e+00 -3.975875580500024284e+02
-5.005205174999999258e+02 -4.479044250000118410e+00 -3.998770306500024390e+02
-5.130796523499998329e+02 1.012467499999878839e+00 -4.020908233000024552e+02
-5.257727422499998511e+02 6.696668749999876269e+00 -4.042220305000024609e+02
-5.386077636999998504e+02 1.257250874999987289e+01 -4.062621692500025006e+02
-5.515922961999998506e+02 1.863706674999987101e+01 -4.082036613000025227e+02
-5.647330594999998539e+02 2.488887699999986580e+01 -4.100412301500025478e+02
-5.780388395999998465e+02 3.132895024999986333e+01 -4.117717863000025886e+02
-5.915160609999999224e+02 3.795934199999985736e+01 -4.133938370000026339e+02
-6.051698209499999166e+02 4.478296649999985846e+01 -4.149064447500026631e+02
-6.190003356999999369e+02 5.180355374999985685e+01 -4.163086608000026558e+02
-6.330047897499998726e+02 5.902560874999985430e+01 -4.176005456500026867e+02
-6.471800270999998475e+02 6.645389199999985408e+01 -4.187826958000027275e+02
-6.615244917499998110e+02 7.409292624999984866e+01 -4.198571202500027653e+02
-6.760367056999997430e+02 8.194700799999984042e+01 -4.208261207500028149e+02
-6.907152646999996932e+02 9.001973774999983391e+01 -4.216894798000028572e+02
-7.055588344999996480e+02 9.831357474999983026e+01 -4.224456359000028556e+02
-7.205661483499995938e+02 1.068303747499998337e+02 -4.230916635500029201e+02
-7.357359397499996021e+02 1.155719004999998276e+02 -4.236233415000029368e+02
-7.510662944499996456e+02 1.245395127499998154e+02 -4.240361787500029891e+02
-7.665580911999996943e+02 1.337335419999998010e+02 -4.243254278000030126e+02
-7.822126437499996428e+02 1.431536549999998158e+02 -4.244856169000030945e+02
-7.980283193499996059e+02 1.527995357499998192e+02 -4.245110673000031625e+02
-8.140078894999995782e+02 1.626708832499998323e+02 -4.243968650000031744e+02
-8.301535076999995226e+02 1.727674119999998084e+02 -4.241388222500032157e+02
-8.464701064499995482e+02 1.830892092499998114e+02 -4.237329608000032408e+02
-8.629583702499995752e+02 1.936373189999997919e+02 -4.231759824000032495e+02
-8.796190825999995013e+02 2.044138172499997950e+02 -4.224657150500033254e+02
-8.964501232499994785e+02 2.154216379999998026e+02 -4.216010567500033517e+02
-9.134485164499994880e+02 2.266640492499997777e+02 -4.205812297500033878e+02
-9.306104744499995149e+02 2.381446359999997640e+02 -4.194064560500034418e+02
-9.479309564999995246e+02 2.498677654999997628e+02 -4.180776396500035048e+02
-9.654051730999996153e+02 2.618380677499997660e+02 -4.165966010500035281e+02
-9.830290554999995720e+02 2.740599412499997243e+02 -4.149665115000035485e+02
-1.000797777199999587e+03 2.865375642499997184e+02 -4.131903840000035757e+02
-1.018705310199999531e+03 2.992749062499997308e+02 -4.112715615500036392e+02
-1.036745927749999737e+03 3.122757384999997043e+02 -4.092122586500036618e+02
-1.054913708849999693e+03 3.255431627499996807e+02 -4.070129548000036834e+02
-1.073203509499999882e+03 3.390791639999996505e+02 -4.046726632500037226e+02
-1.091612846449999779e+03 3.528851472499995907e+02 -4.021887055000037776e+02
-1.110140870199999654e+03 3.669624474999995414e+02 -3.995575753000038617e+02
-1.128785545249999814e+03 3.813122122499995044e+02 -3.967749804000039262e+02
-1.147548007599999892e+03 3.959347084999994877e+02 -3.938363625500039689e+02
-1.166430353999999852e+03 4.108303107499994553e+02 -3.907373910000039814e+02
-1.185431649949999837e+03 4.260001977499994723e+02 -3.874739515000039773e+02
-1.204551008199999842e+03 4.414454892499994685e+02 -3.840421358000040186e+02
-1.223788067250000040e+03 4.571677297499994665e+02 -3.804387116500040520e+02
-1.243142002099999900e+03 4.731693479999995020e+02 -3.766615698000040879e+02
-1.262609624749999966e+03 4.894531319999995276e+02 -3.727094292500041206e+02
-1.282186945950000108e+03 5.060222112499995433e+02 -3.685820352500041395e+02
-1.301869214450000300e+03 5.228805204999995340e+02 -3.642798650500041617e+02
-1.321650474000000258e+03 5.400322784999995065e+02 -3.598033716500041805e+02
-1.341525066100000458e+03 5.574814929999994320e+02 -3.551529855500041890e+02
-1.361487615250000317e+03 5.752319712499994466e+02 -3.503291157500042345e+02
-1.381533014450000337e+03 5.932868492499994773e+02 -3.453316700000042943e+02
-1.401656411700000262e+03 6.116486254999994117e+02 -3.401620025500043312e+02
-1.421853198000000248e+03 6.303201544999994894e+02 -3.348218816500043999e+02
-1.442118995100000120e+03 6.493046287499994378e+02 -3.293111710500044182e+02
-1.462449162750000141e+03 6.686046002499994074e+02 -3.236287790000044993e+02
-1.482840254450000202e+03 6.882215319999994563e+02 -3.177726000000045588e+02
-1.503290091700000175e+03 7.081563822499994103e+02 -3.117391918000045621e+02
-1.523797509000000218e+03 7.284095804999993788e+02 -3.055238419000045837e+02
-1.544360842600000296e+03 7.489795627499993316e+02 -2.991215923000046359e+02
-1.564979953250000335e+03 7.698634004999992158e+02 -2.925277330000046732e+02
-1.585658553450000454e+03 7.910583117499991204e+02 -2.857377897500047084e+02
-1.606403056450000577e+03 8.125611734999990858e+02 -2.787479928000047380e+02
-1.627214950000000727e+03 8.343699797499990609e+02 -2.715562031500047624e+02
-1.648098198850000699e+03 8.564845384999990756e+02 -2.641613500500047849e+02
-1.669051891750000777e+03 8.789056292499991514e+02 -2.565624057500048139e+02
-1.690073721200000818e+03 9.016346824999991441e+02 -2.487588750000048492e+02
-1.711161494200000789e+03 9.246730572499991467e+02 -2.407502983000049142e+02
-1.732313608000000841e+03 9.480220444999991969e+02 -2.325371999000049641e+02
-1.753527098350000870e+03 9.716828707499992106e+02 -2.241215200500050173e+02
-1.774799149000000853e+03 9.956567009999992024e+02 -2.155051022500050806e+02
-1.796127565450000930e+03 1.019944597249999219e+03 -2.066896975000051384e+02
-1.817508820950000882e+03 1.044546673499999315e+03 -1.976769700500051954e+02
-1.838939564250001013e+03 1.069463082749999330e+03 -1.884685006500052395e+02
-1.860417092350000985e+03 1.094694865499999196e+03 -1.790657903000052897e+02
-1.881937876250000954e+03 1.120243010249999088e+03 -1.694702652500053546e+02
-1.903497120950000863e+03 1.146108490999999049e+03 -1.596832805000053952e+02
-1.925090271200000871e+03 1.172291271249998999e+03 -1.497062240500054315e+02
-1.946712519250000923e+03 1.198790319749999071e+03 -1.395394531500054711e+02
-1.968360259350000888e+03 1.225604656999998952e+03 -1.291822448000055203e+02
-1.990031092750000880e+03 1.252733833749999121e+03 -1.186334315000055710e+02
-2.011723918950001007e+03 1.280176461249999193e+03 -1.078909425000056217e+02
-2.033435968700001013e+03 1.307929296749999367e+03 -9.695232955000567188e+01
-2.055171821000000818e+03 1.335990221499999507e+03 -8.581526690000571023e+01
-2.076931499600000734e+03 1.364359145999999555e+03 -7.447754530000575812e+01
-2.098715029000000413e+03 1.393035023249999540e+03 -6.293706600000580664e+01
-2.120522428700000546e+03 1.422015415999999504e+03 -5.119230050000584953e+01
-2.142354192950000652e+03 1.451297529249999570e+03 -3.924229230000589297e+01
-2.164209862250000697e+03 1.480879668749999610e+03 -2.708608640000593937e+01
-2.186087532850000571e+03 1.510761666749999677e+03 -1.472324105000598671e+01
-2.207985395750000407e+03 1.540943845249999640e+03 -2.153879750006034044e+00
-2.229901731950000340e+03 1.571425548249999565e+03 1.062236074999391988e+01
-2.251834908450000512e+03 1.602204710249999607e+03 2.360486444999387246e+01
-2.273783374500000718e+03 1.633279369499999575e+03 3.679160384999382671e+01
-2.295746137350000936e+03 1.664647661999999400e+03 5.018065319999377749e+01
-2.317721292500000800e+03 1.696307817249999289e+03 6.377018224999372364e+01
-2.339705588950000674e+03 1.728258152749999454e+03 7.755845249999367752e+01
-2.361695937450000656e+03 1.760497069749999582e+03 9.154381269999363724e+01
-2.383688439550000567e+03 1.793023050249999642e+03 1.057246940999935845e+02
-2.405678686700000526e+03 1.825834481749999441e+03 1.200996064499935301e+02
-2.427664640650000365e+03 1.858930979999999408e+03 1.346671337499934964e+02
-2.449645326400000613e+03 1.892312349999999469e+03 1.494259304999934557e+02
-2.471620298450000519e+03 1.925977258499999607e+03 1.643747189499933938e+02
-2.493589133550000497e+03 1.959924439749999465e+03 1.795122858499933614e+02
-2.515551429450000796e+03 1.994153171749999501e+03 1.948374774499933153e+02
-2.537506803900000705e+03 2.028661806749999641e+03 2.103496787499932736e+02
-2.559454893900000570e+03 2.063447337499999776e+03 2.260473442499932162e+02
-2.581395354700000553e+03 2.098506906749999416e+03 2.419275626999931887e+02
-2.603327858800000740e+03 2.133837800249999418e+03 2.579875690999930953e+02
-2.625251762450000570e+03 2.169437439499999527e+03 2.742247369499930301e+02
-2.647167415150000579e+03 2.205303855999999541e+03 2.906365709999929550e+02
-2.669076442900000529e+03 2.241434218499999588e+03 3.072207004999929154e+02
-2.690980390700000498e+03 2.277824394249999841e+03 3.239753536999928656e+02
-2.712880726800000502e+03 2.314470456749999812e+03 3.408978860999928315e+02
-2.734778995200000736e+03 2.351368195749999813e+03 3.579843431999927930e+02
-2.756675700900000720e+03 2.388515053999999964e+03 3.752309684999927413e+02
-2.778570213150000654e+03 2.425909082499999840e+03 3.926341929999927061e+02
-2.800461736450000899e+03 2.463546987249999802e+03 4.101911066999927016e+02
-2.822350476550000622e+03 2.501425639499999761e+03 4.278975028499926339e+02
-2.844237786450000840e+03 2.539542066999999406e+03 4.457489046999925790e+02
-2.866124470650000603e+03 2.577893925999999283e+03 4.637425019999925553e+02
-2.888009574350000548e+03 2.616478028749999339e+03 4.818756239999925128e+02
-2.909896338100000321e+03 2.655289904749999096e+03 5.001462144499924420e+02
-2.931785411650000242e+03 2.694325306749999072e+03 5.185508780999923601e+02
-2.953681741000000329e+03 2.733580200499998682e+03 5.370859084499923028e+02
-2.975590024400000402e+03 2.773050752999998622e+03 5.557492269999921746e+02
-2.997514721850000115e+03 2.812733322999998563e+03 5.745388584999921022e+02
-3.019459594599999946e+03 2.852624931999998353e+03 5.934529266999919628e+02
-3.041431096399999660e+03 2.892721307499998602e+03 6.124901298499919449e+02
-3.063430739999999332e+03 2.933017910749998464e+03 6.316477889499918774e+02
-3.085462099649999345e+03 2.973511872499998390e+03 6.509233597499918460e+02
-3.107524803849999444e+03 3.014200466249998499e+03 6.703153857499918331e+02
-3.129618499599999268e+03 3.055081101749998652e+03 6.898200794499917947e+02
-3.151742851149999296e+03 3.096151318249998894e+03 7.094324008499917227e+02
-3.173897539499999311e+03 3.137408778749998874e+03 7.291475621999916257e+02
-3.196082743149999260e+03 3.178850782749998871e+03 7.489610152499915330e+02
-3.218298150849999274e+03 3.220476205749998826e+03 7.688689194999914207e+02
-3.240541062099999181e+03 3.262283990499998708e+03 7.888666644499913900e+02
-3.262806988899999396e+03 3.304273122749998493e+03 8.089484278499913898e+02
-3.285092304749999585e+03 3.346443108749998828e+03 8.291086794499913140e+02
-3.307395342149999578e+03 3.388792528499998753e+03 8.493416844999912882e+02
-3.329716912599999432e+03 3.431319071249998615e+03 8.696434364999911395e+02
-3.352054898099999718e+03 3.474019099249998362e+03 8.900101301999910675e+02
-3.374411616399999730e+03 3.516889637499998571e+03 9.104376698499910390e+02
-3.396789266499999940e+03 3.559926897999998346e+03 9.309236059499910425e+02
-3.419189939899999899e+03 3.603125840249998419e+03 9.514660932499909904e+02
-3.441616102349999892e+03 3.646481676249998600e+03 9.720624164999909453e+02
-3.464066732599999796e+03 3.689989856499998496e+03 9.927090346999908661e+02
-3.486548551150000094e+03 3.733646058999998331e+03 1.013401623099990843e+03
-3.509060252750000018e+03 3.777446177999998326e+03 1.034134630449990709e+03
-3.531607806150000215e+03 3.821385832749998372e+03 1.054902782499990735e+03
-3.554192556100000274e+03 3.865461822749998191e+03 1.075701068749990554e+03
-3.576815780350000296e+03 3.909672549249998610e+03 1.096524730449990557e+03
-3.599478652400000101e+03 3.954016494249998686e+03 1.117368765099990469e+03
-3.622183409000000211e+03 3.998492215749998650e+03 1.138229381449990569e+03
-3.644929170150000118e+03 4.043098343249998379e+03 1.159104901749990404e+03
-3.667715100099999745e+03 4.087833574999998291e+03 1.179992770249990372e+03
-3.690540885349999371e+03 4.132696674249998978e+03 1.200889597199990249e+03
-3.713405266149999534e+03 4.177686466249998375e+03 1.221791201099990303e+03
-3.736305603499999506e+03 4.222801835499998560e+03 1.242695442749990207e+03
-3.759239390899999307e+03 4.268041721749998942e+03 1.263598915099990109e+03
-3.782203765849998945e+03 4.313405597999999372e+03 1.284496481399989989e+03
-3.805197343599998931e+03 4.358892483499999798e+03 1.305383259649989895e+03
-3.828218279399999119e+03 4.404499042500000542e+03 1.326254612849989826e+03
-3.851266420749999270e+03 4.450221144000001004e+03 1.347106137499989700e+03
-3.874343542399999478e+03 4.496053903000000901e+03 1.367933649349989537e+03
-3.897452775849999398e+03 4.541991236250000838e+03 1.388733171649989345e+03
-3.920601422849999381e+03 4.588027364250000574e+03 1.409500929399989218e+03
-3.943795936399999391e+03 4.634156796500000382e+03 1.430233815099989215e+03
-3.967044853499999590e+03 4.680373836750000009e+03 1.450925512249989197e+03
-3.990354841399999714e+03 4.726674034249999750e+03 1.471577231099989149e+03
-4.013727907599999980e+03 4.773055084249999709e+03 1.492186273899989146e+03
-4.037165957100000014e+03 4.819513355499999307e+03 1.512746717149989081e+03
-4.060670800649999819e+03 4.866044916249999915e+03 1.533260138349989120e+03
-4.084243902499999876e+03 4.912647474499999589e+03 1.553723715499989112e+03
-4.107889125400000012e+03 4.959318372749999980e+03 1.574134281599988981e+03
-4.131605519849999837e+03 5.006056046749999950e+03 1.594491717399989057e+03
-4.155390741100000014e+03 5.052860452750000150e+03 1.614791579149988820e+03
-4.179243523150000328e+03 5.099731549750000340e+03 1.635029646349988980e+03
-4.203160741000000598e+03 5.146669298750000962e+03 1.655201909499989142e+03
-4.227136540900000000e+03 5.193673663000000488e+03 1.675304079599989109e+03
-4.251164880849999463e+03 5.240745088000000578e+03 1.695334966399989071e+03
-4.275240472349999436e+03 5.287883515750000697e+03 1.715289111399988997e+03
-4.299360813899999812e+03 5.335086487750000742e+03 1.735161331099988956e+03
-4.323521997499999998e+03 5.382350707250000596e+03 1.754946696749988860e+03
-4.347729444899999180e+03 5.429672080500000448e+03 1.774641013099988641e+03
-4.371985421849998602e+03 5.477045276000000740e+03 1.794237404149988606e+03
-4.396296409349998612e+03 5.524465228500000194e+03 1.813733653399988498e+03
-4.420669043899998542e+03 5.571927607500000704e+03 1.833125791849988445e+03
-4.445106745249998312e+03 5.619427337500001158e+03 1.852415772249988322e+03
-4.469617088649998550e+03 5.666958153500001572e+03 1.871605449099988391e+03
-4.494206791599998724e+03 5.714513142750001862e+03 1.890696899649988381e+03
-4.518885120349998942e+03 5.762087661500001559e+03 1.909691319399988288e+03
-4.543656548149998343e+03 5.809680182500001138e+03 1.928590306099988084e+03
-4.568524846999997862e+03 5.857289080500001546e+03 1.947393935999988116e+03
-4.593496482899997318e+03 5.904913963000001786e+03 1.966097955599987927e+03
-4.618573273349997180e+03 5.952554631000001791e+03 1.984698804649987778e+03
-4.643756941849997020e+03 6.000209744750001846e+03 2.003190213649987754e+03
-4.669049129649996758e+03 6.047878032000002349e+03 2.021570556599987640e+03
-4.694451874499996848e+03 6.095558283250002205e+03 2.039837807999987490e+03
-4.719964708149997023e+03 6.143249830250001651e+03 2.057992926849987725e+03
-4.745589109599997755e+03 6.190951557250001315e+03 2.076032496899987564e+03
-4.771327926099997057e+03 6.238660000750001927e+03 2.093952793649987598e+03
-4.797188670899996396e+03 6.286370750000001863e+03 2.111752681099987512e+03
-4.823175594749996890e+03 6.334083368250002422e+03 2.129429639249987758e+03
-4.849297065899997506e+03 6.381793364750002183e+03 2.146976946099987799e+03
-4.875561032099997647e+03 6.429496473750002224e+03 2.164387734899987663e+03
-4.901975043599997662e+03 6.477188163500001792e+03 2.181658368149987382e+03
-4.928546274899998025e+03 6.524867491000002701e+03 2.198781061099987255e+03
-4.955281539999998131e+03 6.572525870500002384e+03 2.215748419249987364e+03
-4.982187793399998554e+03 6.620161874750002426e+03 2.232553899349987660e+03
-5.009268758099999104e+03 6.667772707750002155e+03 2.249188399649987787e+03
-5.036532777599999463e+03 6.715351384000001417e+03 2.265648080899987690e+03
-5.063985374149999188e+03 6.762890789000001860e+03 2.281925933599987729e+03
-5.091633237249999183e+03 6.810387527750001027e+03 2.298022025749987733e+03
-5.119487530399998832e+03 6.857830681500001447e+03 2.313934979349987771e+03
-5.147555971599998884e+03 6.905217092000001685e+03 2.329660123899987866e+03
-5.175850221599998804e+03 6.952538949000001594e+03 2.345187241899987839e+03
-5.204380878649999431e+03 6.999791718500001480e+03 2.360513873099987450e+03
-5.233160411749999184e+03 7.046967244500001470e+03 2.375641019999987748e+03
-5.262198745649999182e+03 7.094054899000001569e+03 2.390571557599987500e+03
-5.291503385849999177e+03 7.141049387750001188e+03 2.405311101899987079e+03
-5.321080013349998808e+03 7.187943282000001091e+03 2.419865949649986760e+03
