GRT_PIPELINE_FILE_V3.0
PipelineMode: CLASSIFICATION_MODE
NumPreprocessingModules: 1
NumFeatureExtractionModules: 0
NumPostprocessingModules: 0
Trained: 1
Info: 
PreProcessingModuleDatatypes:	MovingAverageFilter
FeatureExtractionModuleDatatypes:
ClassificationModuleDatatype:	DTW
PostProcessingModuleDatatypes:
PreProcessingModule_1
GRT_MOVING_AVERAGE_FILTER_FILE_V1.0
NumInputDimensions: 3
NumOutputDimensions: 3
FilterSize: 4
GRT_DTW_Model_File_V2.0
Trained: 1
UseScaling: 0
NumInputDimensions: 3
NumOutputDimensions: 0
NumTrainingIterationsToConverge: 3
MinNumEpochs: 0
MaxNumEpochs: 100
ValidationSetSize: 20
LearningRate: 0.1
MinChange: 1e-05
UseValidationSet: 0
RandomiseTrainingOrder: 1
UseNullRejection: 0
ClassifierMode: 1
NullRejectionCoeff: 3
NumClasses: 9
NullRejectionThresholds:  0 0 0 0 0 0 0 0 0
ClassLabels:  7 4 6 5 2 9 1 3 8
DistanceMethod: 1
UseSmoothing: 0
SmoothingFactor: 5
UseZNormalisation: 0
OffsetUsingFirstSample: 0
ConstrainWarpingPath: 1
Radius: 0.2
RejectionMode: 0
NumberOfTemplates: 9
OverallAverageTemplateLength: 35
***************TEMPLATE***************
Template: 1
ClassLabel: 7
TimeSeriesLength: 33
TemplateThreshold: 204.105
TrainingMu: 44.2024
TrainingSigma: 53.3008
AverageTemplateLength: 35
TimeSeries: 
1.095	0.12	2.575	
0.683333	1.70667	3.34	
0.2925	2.265	3.15	
-0.3275	2.8825	2.73	
-0.5875	3.0025	1.5125	
-0.83	2.275	-0.865	
-0.805	1.3125	-2.9625	
-0.64	0.4525	-4.2775	
-0.715	-0.1875	-5.16	
-0.4775	-1.5525	-5.2175	
-0.4125	-2.4075	-4.6075	
-0.35	-3.0025	-4.5425	
-0.415	-3.9525	-3.52	
-0.54	-4.5575	-2.06	
-0.58	-4.9525	-1.05	
-0.7025	-5.375	1.615	
-0.6075	-4.5525	3.1275	
-0.5575	-3.8225	4.6475	
-0.515	-2.7975	6.0925	
-0.5325	-1.2025	6.4	
-0.6725	0.1025	6.07	
-0.78	1.5225	4.4275	
-0.7275	2.0875	2.81	
-0.58	2.015	0.96	
-0.4525	1.6825	-0.655	
-0.25	1.415	-2.2225	
-0.195	1.6475	-4.0675	
-0.16	2.25	-6.29	
-0.2375	2.0975	-7.5175	
-0.485	2.18	-7.595	
-0.505	1.4225	-5.84	
-0.7275	0.335	-3.235	
-0.6025	-0.1625	-1.335	
***************TEMPLATE***************
Template: 2
ClassLabel: 4
TimeSeriesLength: 47
TemplateThreshold: 245.254
TrainingMu: 58.7234
TrainingSigma: 62.1767
AverageTemplateLength: 46
TimeSeries: 
0.32	3.73	1.81	
0.11	3.99333	2.08	
-0.1975	3.595	0.92	
-0.55	3.725	0.4525	
-0.5225	2.33	-0.755	
-0.46	0.29	-2.1775	
-0.4725	-0.8825	-2.965	
-0.51	-3.4075	-3.82	
-0.0125	-5.5675	-3.705	
0.4575	-6.31	-3.3275	
1.1175	-7.4375	-1.53	
0.975	-6.32	0.3025	
0.58	-5.265	1.6125	
-0.0875	-3.72	2.1625	
-1.26	-1.45	1.84	
-1.775	0.46	0.745	
-2.4425	2.61	-0.4375	
-2.9575	4.2025	-0.36	
-2.8	5.055	-0.1625	
-2.165	5.255	0.21	
-1.6	5.62	1.735	
-0.96	5.1025	2.9325	
-0.5475	4.2075	3.725	
-0.6525	2.835	4.9375	
-0.62	0.8425	5.0125	
-0.2125	-1.0775	4.4975	
0.43	-2.7075	4.065	
0.525	-4.25	4.4325	
1.0975	-5.01	1.88	
0.625	-6.06	0.5975	
-0.01	-6.415	-1.5725	
-1.38778e-17	-5.7525	-4.4	
-0.59	-5.5975	-4.2375	
-0.6125	-4.2025	-4.64	
-0.615	-3.1275	-3.15	
-0.595	-2.2875	-2.1775	
-0.555	-1.0675	-0.6825	
-0.63	-0.0675	0.95	
-0.53	2.1925	1.785	
-0.5525	3.89	3.025	
-0.54	5.5075	3.3075	
-0.5225	6.395	2.7225	
-0.4775	5.9875	1.3575	
-0.69	4.8975	-0.2575	
-0.8975	3.2375	-1.4075	
-0.93	1.53	-2.0025	
-0.87	-0.705	-2.1425	
***************TEMPLATE***************
Template: 3
ClassLabel: 6
TimeSeriesLength: 44
TemplateThreshold: 240.186
TrainingMu: 51.4645
TrainingSigma: 62.9072
AverageTemplateLength: 45
TimeSeries: 
-0.72	1.655	2.835	
-0.85	2.64333	2.2	
-0.6975	2.7725	1.6425	
-0.6875	3.2075	0.4925	
-0.56	2.4325	-1.1425	
-0.5125	1.4175	-2.2	
-0.74	0.135	-3.105	
-1	-0.9925	-3.085	
-1.0925	-2.235	-2.93	
-1.145	-3.4775	-2.25	
-1.14	-4.4225	-1.3375	
-1.3875	-5.0825	-0.66	
-1.7725	-4.9575	0.11	
-2.145	-4.655	0.085	
-2.51	-3.315	-0.23	
-2.2675	-1.8825	-0.5775	
-1.79	-0.1275	-1.315	
-1.3225	1.7875	-1.355	
-0.925	2.805	-1.485	
-0.8375	4.175	-0.85	
-0.81	4.635	-0.0175	
-0.7925	4.6675	1.28	
-0.6325	4.6375	3.0175	
-0.6125	3.295	4.475	
-0.755	2.195	5.495	
-0.8375	0.13	5.9225	
-0.87	-1.81	5.1725	
-1.5175	-3.2775	3.97	
-1.335	-4.3725	1.67	
-1.75	-4.6525	-0.325	
-1.82	-4.7825	-2.1625	
-1.285	-4.64	-3.41	
-1.29	-4.03	-3.4475	
-0.9025	-3.7	-2.6925	
-1.0275	-2.875	-1.3975	
-0.835	-1.7825	0.1975	
-0.98	-0.5625	2.015	
-0.7425	1.53	2.615	
-0.735	3.1075	3.035	
-0.7975	4.2475	2.0525	
-0.835	4.63	0.8875	
-1	3.9075	-0.775	
-0.725	2.32	-2.4925	
-0.5725	0.0375	-3.4475	
***************TEMPLATE***************
Template: 4
ClassLabel: 5
TimeSeriesLength: 42
TemplateThreshold: 311.054
TrainingMu: 56.6591
TrainingSigma: 84.7983
AverageTemplateLength: 41
TimeSeries: 
-1.215	1.875	0.155	
-1.02333	2.65	-0.16	
-1.0075	3.0125	-0.4975	
-0.74	3.4675	-1.7375	
-0.615	1.725	-2.455	
-0.76	0.0625	-3.09	
-0.54	-2.0475	-3.0075	
-0.5575	-2.965	-2.1425	
-0.645	-3.8675	-1.1575	
-0.4775	-4.71	0.1125	
-0.5625	-5.2675	1.3125	
-1.1775	-5.81	2.62	
-1.025	-4.7225	2.745	
-1.1825	-3.875	2.7525	
-1.5875	-2.235	1.455	
-1.095	-1.09	-0.575	
-1.07	0.17	-1.9575	
-0.935	1.83	-3.1625	
-0.5225	3.1475	-3.2	
-0.55	3.6125	-2.7725	
-0.5275	4.0975	-1.4775	
-0.475	4.1325	-0.24	
-1.115	3.8775	1.105	
-1.66	3.9725	1.915	
-2.2375	2.5275	2.4675	
-2.7975	0.3575	3.075	
-2.3075	-2.1475	3.235	
-1.82	-4.465	3.625	
-1.4675	-6.05	3.2175	
-1.085	-6.4575	2.075	
-0.925	-6.0475	0.895	
-0.8125	-5.025	-0.255	
-0.7	-3.6025	-0.4075	
-0.6125	-2.2175	-0.3325	
-0.74	-0.99	0.025	
-0.665	0.21	0.1075	
-0.76	1.945	0.3275	
-0.6675	3.555	-0.3125	
-0.48	4.7225	-1.4425	
-0.695	5.12	-2.2175	
-0.6775	4.2425	-3.5575	
-0.7925	2.6825	-3.855	
***************TEMPLATE***************
Template: 5
ClassLabel: 2
TimeSeriesLength: 22
TemplateThreshold: 117.487
TrainingMu: 24.6722
TrainingSigma: 30.9381
AverageTemplateLength: 24
TimeSeries: 
-0.69	1.365	0.595	
-1.03333	1.07333	-0.156667	
-0.9175	1.345	-1.0175	
-1.0675	0.9575	-2.1975	
-0.8725	1.0225	-3.3425	
-0.5025	0.0625	-3.51	
-0.605	-0.6925	-4.075	
-0.4125	-2.2525	-3.025	
-0.655	-3.3875	-2.48	
-1.53	-4.575	-0.615	
-2.085	-4.9875	2.1725	
-2.925	-4.7875	3.8025	
-3.465	-4.165	5.76	
-3.175	-2.7475	5.96	
-3.1525	-1.1425	6.1325	
-3.0525	1.3925	6.3	
-3.1475	2.7725	5.1125	
-3.2825	4.3025	4.0675	
-3.25	4.1525	2.65	
-3.2725	4.115	0.725	
-3.205	3.6875	-0.1775	
-2.7025	3.24	-2.2775	
***************TEMPLATE***************
Template: 6
ClassLabel: 9
TimeSeriesLength: 39
TemplateThreshold: 376.069
TrainingMu: 70.1719
TrainingSigma: 101.966
AverageTemplateLength: 39
TimeSeries: 
-0.065	-2.055	3.02	
-0.333333	-1.62333	3.68333	
-0.35	0.1175	3.22	
-0.4275	1.5775	2.08	
-0.4075	3.0525	0.43	
-0.5075	3.9675	-2.3975	
-0.555	2.665	-4.8	
-0.545	1.1425	-6.76	
-0.825	-0.2575	-7.3075	
-0.51	-1.6825	-7.2425	
-1.0225	-2.235	-6.09	
-1.095	-2.755	-4.6725	
-1.6325	-3.8325	-2.8825	
-2.4325	-5.0375	-0.2925	
-2.4725	-6.1275	0.875	
-3.0075	-6.9325	3.11	
-2.485	-6.575	4.18	
-2.365	-5.8975	4.4475	
-2.385	-4.3075	5.48	
-2.3525	-1.95	5.215	
-2.2925	-0.115	4.3225	
-1.6725	0.945	3.1475	
-1.1875	1.0925	0.9875	
-0.5625	0.81	-0.9225	
0.0025	0.2775	-2.22	
0.4925	0.605	-3.595	
1.2775	1.2075	-4.835	
1.9225	1.74	-6.235	
1.9525	1.9775	-7.405	
1.9025	2.1	-7.4675	
1.2975	1.495	-7.055	
0.4225	0.8025	-6.535	
-0.7675	-0.025	-4.5175	
-2.005	0.1725	-4.52	
-2.725	-1.37	-1.99	
-3.145	-2.4025	1.58	
-2.9525	-2.805	3.28	
-2.1425	-4.4925	5.885	
-1.455	-3.6575	6.9625	
***************TEMPLATE***************
Template: 7
ClassLabel: 1
TimeSeriesLength: 25
TemplateThreshold: 30.4966
TrainingMu: 17.404
TrainingSigma: 4.3642
AverageTemplateLength: 24
TimeSeries: 
-0.485	3.585	1.745	
-0.663333	3.85333	1.75667	
-0.72	3.5925	0.51	
-0.705	3.1175	-1.605	
-0.6925	1.42	-3.145	
-0.52	-0.45	-4.7525	
-0.3175	-1.6775	-4.89	
-0.2725	-3.33	-4.13	
-0.2025	-4.0625	-2.585	
-0.4275	-3.905	-1.21	
-0.51	-4.3525	0.05	
-0.6275	-3.97	1.6375	
-0.7325	-3.4525	2.8475	
-0.5725	-3.4575	3.9075	
-0.66	-2.485	5.3	
-0.785	-1.245	5.7075	
-0.695	0.2075	5.3025	
-0.745	1.7325	4.9075	
-0.715	2.6525	3.61	
-0.525	3.8	1.7975	
-0.65	3.62	1.2625	
-0.6	3.775	-0.3575	
-0.6975	3.0525	-1.135	
-0.6375	1.9825	-1.765	
-0.465	0.9525	-2.6425	
***************TEMPLATE***************
Template: 8
ClassLabel: 3
TimeSeriesLength: 29
TemplateThreshold: 346.82
TrainingMu: 78.2637
TrainingSigma: 89.5189
AverageTemplateLength: 29
TimeSeries: 
0.505	2.2	0.8	
0.273333	2.77333	0.27	
0.1275	3.2025	-0.2	
-0.4425	3.515	-1.0925	
-0.4075	3.2375	-3.1425	
-0.37	3.0125	-4.0175	
-0.505	1.7925	-5.1175	
-0.66	0.59	-4.3575	
-0.505	-0.08	-5.125	
-1.185	-1.3575	-4.945	
-1.8525	-2.45	-2.8775	
-2.26	-2.5375	-3.245	
-3.055	-4.625	-0.91	
-3.325	-5.06	1.1425	
-3.155	-5.18	1.44	
-3.15	-5.5925	3.77	
-3.115	-4.0325	4.7075	
-3.05	-3.945	5.4675	
-3.1475	-2.245	6.3625	
-3.295	-0.6825	6.815	
-3.3	1.14	6.88	
-3.0675	2.8975	6.1225	
-3	3.665	5.03	
-3.04	4.33	3.61	
-2.9425	4.9975	2.015	
-2.3825	5.38	-0.22	
-1.82	5.2775	-2.0725	
-1.2325	4.3575	-3.8925	
-0.6075	2.725	-5.255	
***************TEMPLATE***************
Template: 9
ClassLabel: 8
TimeSeriesLength: 40
TemplateThreshold: 242.714
TrainingMu: 49.3443
TrainingSigma: 64.4564
AverageTemplateLength: 37
TimeSeries: 
1.39	-1.945	2.145	
1.46667	-1.99	1.96333	
0.995	-0.9575	1.99	
0.505	0.185	1.81	
0.1675	1.805	1.5625	
0.1225	2.52	0.0875	
0.7475	1.21	-1.815	
1.2675	0.61	-3.485	
1.8875	-1.185	-5.4075	
2.045	-1.8675	-5.8225	
1.505	-2.3425	-5.525	
0.8525	-3.6425	-4.4575	
0.2	-4.1775	-3.1075	
-0.6025	-4.63	-1.4975	
-0.6425	-4.49	0.4775	
-1.095	-4.4375	3.0825	
-1.2575	-4.355	4.94	
-1.73	-4.125	7.3125	
-1.7175	-2.85	7.3925	
-1.26	-1.7475	6.8875	
-1.105	-0.1225	5.9075	
-0.5575	0.565	4.36	
-0.7575	0.7675	3.53	
-0.5925	0.9675	1.5475	
-0.145	0.275	0.22	
0.0375	0.11	-0.9275	
0.785	-0.2025	-2.215	
1.2175	-0.3425	-3.355	
1.3425	-0.645	-4.1775	
2.3775	-0.985	-5.88	
2.8625	-1.6875	-6.5525	
3.0625	-2.07	-6.675	
2.4625	-1.9375	-6.5725	
1.215	-1.4375	-5.65	
-0.0675	-1.1	-4.7525	
-0.915	-0.9425	-4.2775	
-1.77	-1.5825	-2.105	
-1.8	-0.995	-0.25	
-2.0425	-1.69	1.9925	
-2.5875	-1.275	5.8275	
