GRT_PIPELINE_FILE_V3.0
PipelineMode: CLASSIFICATION_MODE
NumPreprocessingModules: 0
NumFeatureExtractionModules: 0
NumPostprocessingModules: 0
Trained: 1
Info: 
PreProcessingModuleDatatypes:
FeatureExtractionModuleDatatypes:
ClassificationModuleDatatype:	DTW
PostProcessingModuleDatatypes:
GRT_DTW_Model_File_V2.0
Trained: 1
UseScaling: 0
NumInputDimensions: 3
NumOutputDimensions: 0
NumTrainingIterationsToConverge: 1995396465
MinNumEpochs: 0
MaxNumEpochs: 100
ValidationSetSize: 20
LearningRate: 0.1
MinChange: 1e-05
UseValidationSet: 0
RandomiseTrainingOrder: 1
UseNullRejection: 0
ClassifierMode: 1
NullRejectionCoeff: 3
NumClasses: 9
NullRejectionThresholds:  0 0 0 0 0 0 0 0 0
ClassLabels:  2 3 1 7 5 4 6 8 9
DistanceMethod: 1
UseSmoothing: 0
SmoothingFactor: 5
UseZNormalisation: 0
OffsetUsingFirstSample: 0
ConstrainWarpingPath: 1
Radius: 0.2
RejectionMode: 0
NumberOfTemplates: 9
OverallAverageTemplateLength: 35
***************TEMPLATE***************
Template: 1
ClassLabel: 2
TimeSeriesLength: 23
TemplateThreshold: 122.81
TrainingMu: 38.9247
TrainingSigma: 27.9616
AverageTemplateLength: 24
TimeSeries: 
-0.54	1.57	1.09	
-0.24	1.8	-2.12	
-0.59	1.94	-4.16	
-1.04	0.81	-5.57	
-1.2	0.44	-0.2	
-0.32	1.49	-5.26	
-3.09	-2.61	0.78	
-0.86	-2.04	-4.6	
-2.77	-3.05	-0.57	
-3.35	-5.34	0.36	
-3.78	-3.35	2.83	
-3.14	-4.46	5.97	
-3.06	-3.62	4.38	
-2.78	-0.53	8.31	
-2.96	0.7	9.82	
-3.6	0.7	6.02	
-2.91	1.67	6.08	
-3.77	4.18	3.62	
-3.42	4.75	5.07	
-2.83	3.86	-1.07	
-2.67	3.26	-1.16	
-3.3	2.08	-5.93	
-2.8	1.33	-4.48	
***************TEMPLATE***************
Template: 2
ClassLabel: 3
TimeSeriesLength: 30
TemplateThreshold: 328.648
TrainingMu: 85.5995
TrainingSigma: 81.0162
AverageTemplateLength: 29
TimeSeries: 
-0.57	2.19	3.3	
-0.34	5.49	-0.35	
-0.62	4.38	-0.67	
-0.25	2.78	-4.49	
-0.38	1.16	-4.69	
-0.28	0.24	-6.18	
-0.21	-1.58	-4.61	
-0.21	-1.71	-6.77	
-0.63	-2.47	-2.88	
-2.84	-4.96	0.07	
-3.19	-3.37	0.53	
-2.98	-5.93	2.85	
-3.08	-1.88	3.34	
-1.11	-4.09	2.73	
-3.16	-5.85	5.74	
-0.62	-2.81	2.24	
-2.76	-2.41	4.86	
-3.21	0.18	7.78	
-2.95	1.65	6.43	
-2.99	0.86	6.04	
-2.67	2.74	4.09	
-3.46	4.1	2.87	
-2.77	3.42	-0.05	
-1.15	3.97	-0.46	
-1.27	5.28	-0.21	
-1.01	1.66	-6.42	
-0.77	0.98	-4.09	
1.7	-0.08	-6.36	
-0.1	0.3	-2.81	
1.97	-1.25	-5.71	
***************TEMPLATE***************
Template: 3
ClassLabel: 1
TimeSeriesLength: 25
TemplateThreshold: 43.3853
TrainingMu: 30.3858
TrainingSigma: 4.33318
AverageTemplateLength: 24
TimeSeries: 
-0.88	4.07	2.49	
-0.88	6.09	1.94	
-1.11	4.41	-1.35	
-1.01	1.7	-4.21	
-1.08	-0.19	-4.66	
-1.13	-1.82	-3.52	
-0.47	-2.06	-5.44	
-0.65	-5.87	-2.8	
-0.71	-5.72	-2.46	
-0.16	-5.62	-1.27	
-1.02	-5.45	2.69	
-0.65	-6.16	3.71	
-0.2	-5.39	4.72	
-0.72	-2.9	4.58	
-0.01	-2.37	8.78	
-1.22	1.73	6.6	
-0.63	2.96	4.67	
-0.85	5.99	4.31	
-0.85	5.74	2.03	
-2.8	5.26	1.93	
-0.81	5.03	-1.8	
-1.09	2.32	-0.71	
-1.04	2.34	-2.96	
-1.19	-2.06	0.31	
-0.37	-0.91	-2.73	
***************TEMPLATE***************
Template: 4
ClassLabel: 7
TimeSeriesLength: 34
TemplateThreshold: 219.561
TrainingMu: 59.6036
TrainingSigma: 53.3192
AverageTemplateLength: 35
TimeSeries: 
2.09	2.17	5.12	
-0.38	5.47	7.18	
-1.09	4.94	1.43	
-1.25	3.64	-1.3	
-1.26	1.78	-3.57	
-0.45	0.97	-3.5	
-0.26	-0.03	-5.95	
-0.13	-1.71	-6.16	
-0.3	-3.23	-4.48	
-1.07	-3.81	-5.15	
-0.64	-4.73	-4.03	
-0.86	-7.1	-4.02	
-0.02	-4.88	-1.81	
-0.6	-4.26	0.22	
-0.39	-4.99	3.84	
-0.4	-5.38	7.16	
-0.37	-3.58	7.53	
-0.67	-1.73	7.19	
-0.88	0.04	5.63	
-0.01	4.14	4.34	
-1.12	2.43	3.18	
-0.95	2.57	1.53	
-0.59	2.14	-0.32	
-0.51	1.52	-1.3	
-0.53	0.13	-1.83	
-0.33	1.05	-5.86	
-0.36	1.63	-8.8	
-0.27	1.6	-11.09	
-0.82	0.69	-7.27	
-0.2	1.11	-5.85	
-0.85	-0.89	-2.4	
-0.71	1.35	-1.5	
-0.81	-0.38	2.93	
-0.09	-1.59	6.81	
***************TEMPLATE***************
Template: 5
ClassLabel: 5
TimeSeriesLength: 38
TemplateThreshold: 181.999
TrainingMu: 57.0861
TrainingSigma: 41.6376
AverageTemplateLength: 41
TimeSeries: 
-0.81	3.3	-2.04	
-0.82	1.81	-2.27	
-1.21	2.31	-2.86	
-0.4	0.28	-2.63	
-0.9	-2.05	-4.33	
-0.17	-6.25	-2.8	
-0.93	-5.06	1.09	
-0.55	-7.64	1.48	
-0.54	-6.76	2.39	
-0.72	-4.13	4.01	
-1.16	-2.32	1.2	
-0.69	0.48	-2.13	
-0.83	1.13	-2.41	
-0.73	3.58	-2.88	
-0.18	2.32	-3.6	
-0.09	5.52	-2.14	
-1.23	7.38	0.52	
-0.45	6.06	0.86	
-0.39	4.57	1.33	
-0.96	0.83	4.62	
-1.1	0.88	4.37	
-1.12	-2.18	5.2	
-0.27	-4.21	3.73	
-0.31	-5.19	3.71	
-0.03	-4.98	2.55	
-0.28	-6.08	1.88	
-0.75	-3.38	1.01	
-1.05	-4.8	-2.36	
-0.37	-3.25	-0.82	
-1.15	-2.42	-2.04	
-0.67	-0.51	0	
-1.09	-0.35	-1.87	
-0.96	2.43	2.48	
-0.09	3.64	0.13	
-0.31	5.48	0.3	
-0.02	5.29	-0.63	
-1.1	4.13	-1.16	
-0.93	2.27	-2.68	
***************TEMPLATE***************
Template: 6
ClassLabel: 4
TimeSeriesLength: 44
TemplateThreshold: 344.207
TrainingMu: 93.5292
TrainingSigma: 83.5594
AverageTemplateLength: 46
TimeSeries: 
-0.43	2.03	2.17	
-0.71	4.58	0.66	
-0.44	3.93	-0.23	
-1.25	1.95	-1.2	
-0.9	0.67	-3.75	
-0.09	-2.32	-4.57	
-0.42	-3.4	-3.26	
-1.27	-3.17	-3.87	
-0.27	-6.9	-0.72	
-1.02	-7.23	-0.53	
1.4	-5.65	-1.82	
-0.63	-4.85	0.76	
-0.12	-3.02	0.52	
-0.44	-0.66	0.58	
-1.24	0.55	1.76	
-2.92	2.28	0.65	
-2.65	2.94	0.12	
-0.92	5.09	-1.19	
-1.07	5.25	2.54	
-0.51	5.19	2.1	
-0.11	6.11	1.59	
-0.29	5.26	6.69	
-0.85	3.47	3.55	
-1.19	0.86	4.11	
-0.44	0.42	4.07	
-1.06	-2.88	3.4	
-0.52	-3.88	2.78	
-0.42	-4.37	1.02	
-0.53	-4.51	1.74	
1.38	-4.81	-1.62	
-1.16	-7.47	-0.02	
-0.17	-4.09	-4.79	
-0.57	-6.01	-3.02	
-0.59	-2.87	-5.69	
-0.37	-3.1	-2.23	
-1.19	0.17	0.63	
-0.62	-2.32	2.4	
-1.09	6	2	
-0.19	2.88	5.21	
-1.13	7.61	0.38	
-0.62	6.53	0.77	
-0.7	9.09	-3.61	
-0.43	3.39	-1.01	
-0.27	1.75	-3.41	
***************TEMPLATE***************
Template: 7
ClassLabel: 6
TimeSeriesLength: 47
TemplateThreshold: 357.181
TrainingMu: 106.035
TrainingSigma: 83.7155
AverageTemplateLength: 46
TimeSeries: 
-0.57	1.87	1.63	
-0.91	1.48	1.49	
-1.28	4.83	0.86	
-1.2	3.9	-2.84	
-1.21	4.72	-1.45	
-0.52	2.01	-4.23	
-1.07	-1.73	-2.07	
-1.14	-1.24	-4.51	
-0.31	-1.16	-3.49	
-1.21	-2.28	-2.93	
-1.15	-4.64	-3.47	
-1.56	-4.86	-0.64	
-1.59	-5.42	0.52	
-2.95	-6.46	4.17	
-0.62	-3.86	-1.17	
-1.18	-3.05	0.18	
-3.06	-0.53	0.06	
-1.03	1.13	-1.21	
-0.81	2.91	-2.15	
-0.41	5.13	-2.82	
-0.15	5.26	-2.33	
-0.71	6.75	1.52	
-0.86	7.54	0.07	
-0.2	3.08	3.79	
-1.13	6.91	5.12	
-0.52	3.59	6.44	
-1.05	0.23	5.74	
-2.72	0.53	5.08	
-2.89	-4.66	3.13	
-2.67	-6.96	1.78	
-2.89	-6.69	-1.04	
-1.14	-7.31	-2.11	
-1.15	-5.21	-2.58	
-1.1	-4.99	-2.92	
-2.71	-3.29	-2.51	
-1.09	-3.6	-3.42	
-0.45	-1.39	-2.38	
-1.09	-2.12	1.83	
-0.35	2.21	0.68	
-0.74	3.58	3.76	
-0.32	6.25	2.02	
-1.24	7.6	1.69	
-0.58	6.89	-0.78	
-0.51	6.68	-1.22	
-0.42	4.51	-3.72	
-0.98	-1.22	-3.09	
-0.55	-2.2	-3.91	
***************TEMPLATE***************
Template: 8
ClassLabel: 8
TimeSeriesLength: 35
TemplateThreshold: 131.431
TrainingMu: 53.1023
TrainingSigma: 26.1097
AverageTemplateLength: 36
TimeSeries: 
2.09	-0.33	1.08	
-0.01	-0.1	4.29	
-0.06	0.36	3.3	
-0.13	2.58	0.93	
-0.49	3.75	0.71	
2.19	2.45	-5.11	
1.8	1.4	-5.29	
2.05	-0.19	-6.81	
2.36	-2.49	-6.88	
1.85	-3.94	-5.21	
1.75	-4.31	-5.42	
-1.11	-3.61	-2.66	
-0.2	-3.31	-2.21	
-1.21	-6.63	6.09	
-1.15	-4.85	4.19	
-2.66	-5.32	9.49	
-0.68	-3.64	6.66	
-0.52	-0.3	5.63	
-2.68	2.83	7.52	
-0.29	4.42	3.47	
-1.17	2.48	3.54	
-0.41	2.5	-0.12	
-0.17	0.55	-2.49	
2.42	-0.62	-5.94	
2.32	-0.93	-6.84	
2.41	-1.51	-6.97	
4.39	-2.29	-8.19	
3.85	-2.35	-6.52	
2.3	-2.31	-4.29	
1.7	-0.27	-5.8	
-0.27	-0.59	-5.58	
-0.41	-0.88	-3.67	
-0.12	0.43	-1.52	
-1.26	-4.87	3.86	
-3.21	-2.52	7.79	
***************TEMPLATE***************
Template: 9
ClassLabel: 9
TimeSeriesLength: 34
TemplateThreshold: 314.384
TrainingMu: 77.9365
TrainingSigma: 78.8158
AverageTemplateLength: 38
TimeSeries: 
-0.18	-0.32	2.44	
-1.11	3.26	3.85	
1.41	3.93	-4.25	
1.47	2	-4.01	
1.99	-0.16	-6.64	
2.19	-1.64	-8.3	
-0.43	-3.35	-6.43	
-0.42	-3.8	-4.25	
-1.12	-7.21	-2.48	
-1.24	-6.69	-2.14	
-3.24	-7.14	1.32	
-3.16	-5.05	2.8	
-3.2	-6.24	8.43	
-3.63	-3.7	6.97	
-3.7	-0.58	10.3	
-1.23	1.96	6	
-0.6	1.36	3.2	
-1.24	1.85	-1.02	
-0.52	-0.06	-2.07	
1.79	1.24	-5.16	
1.9	1.75	-9.37	
1.67	1.83	-5.94	
2.18	3.06	-9.22	
1.6	0.93	-7.81	
1.77	1.98	-8.52	
-0.57	1.31	-5.1	
-1.2	1.41	-7.67	
-3.48	-1.06	-2.36	
-3.03	0.34	-3.77	
-3.28	-0.94	1.12	
-3.27	-2.89	1.93	
-3.74	0.18	5.44	
-3.89	-3.93	11.07	
-0.1	-2.17	6.57	
