GRT_PIPELINE_FILE_V3.0
PipelineMode: CLASSIFICATION_MODE
NumPreprocessingModules: 0
NumFeatureExtractionModules: 0
NumPostprocessingModules: 0
Trained: 1
Info: 
PreProcessingModuleDatatypes:
FeatureExtractionModuleDatatypes:
ClassificationModuleDatatype:	DTW
PostProcessingModuleDatatypes:
GRT_DTW_Model_File_V2.0
Trained: 1
UseScaling: 0
NumInputDimensions: 3
NumOutputDimensions: 0
NumTrainingIterationsToConverge: 1995314545
MinNumEpochs: 0
MaxNumEpochs: 100
ValidationSetSize: 20
LearningRate: 0.1
MinChange: 1e-05
UseValidationSet: 0
RandomiseTrainingOrder: 1
UseNullRejection: 0
ClassifierMode: 1
NullRejectionCoeff: 3
NumClasses: 9
NullRejectionThresholds:  0 0 0 0 0 0 0 0 0
ClassLabels:  4 6 5 1 2 3 8 7 9
DistanceMethod: 1
UseSmoothing: 0
SmoothingFactor: 5
UseZNormalisation: 0
OffsetUsingFirstSample: 0
ConstrainWarpingPath: 1
Radius: 0.2
RejectionMode: 0
NumberOfTemplates: 9
OverallAverageTemplateLength: 35
***************TEMPLATE***************
Template: 1
ClassLabel: 4
TimeSeriesLength: 45
TemplateThreshold: 364.179
TrainingMu: 104.735
TrainingSigma: 86.4812
AverageTemplateLength: 46
TimeSeries: 
-0.59	4.88	2.82	
-0.06	4.73	1.62	
-1.28	3.74	-3.17	
-0.35	1.83	-2.42	
-0.49	0.85	-3.29	
-0.02	-2.36	-3.62	
-0.25	-3.27	-3.86	
-0.96	-4.4	-3.91	
-0.89	-7.23	-1.45	
1.37	-10.39	-2.44	
-0.4	-9.22	-0.51	
-0.52	-6.77	0.72	
-2.7	-1.87	1.26	
-2.87	0.76	1.55	
-2.89	1.17	2.57	
-1	2.18	0.58	
-1.23	4.93	-1.13	
-1.08	7.17	-0.17	
-0.7	5.42	2.21	
-0.36	6.88	0.07	
-0.31	5.1	3.02	
-0.79	3.23	4.2	
-1.1	4.65	3.48	
-0.77	-2.54	6.56	
-0.45	0.35	3.23	
0.11	-3.1	3.88	
-0.24	-4.09	5.52	
2.03	-4.39	1.2	
-0.28	-5.31	1.82	
-0.39	-5.04	-0.71	
-1.01	-4.91	-2.51	
-0.85	-3.83	-4.5	
-0.82	-5.27	-5.18	
-1.21	-2.88	-3.27	
-0.98	-3.78	-0.87	
-0.03	-0.54	-0.12	
-0.53	-1.98	1.41	
-0.02	1.88	2.35	
-0.23	5.15	4.15	
-0.33	4.96	2.91	
-0.58	8.93	2.51	
-1.98	6.88	1.88	
-0.72	5.67	-2.3	
-0.12	-0.61	-1.6	
-0.58	-1.67	-4.21	
***************TEMPLATE***************
Template: 2
ClassLabel: 6
TimeSeriesLength: 44
TemplateThreshold: 287.654
TrainingMu: 76.2779
TrainingSigma: 70.4587
AverageTemplateLength: 45
TimeSeries: 
-0.95	-0.73	2.72	
-1.24	4.57	1.27	
-1.05	4.47	-1.7	
-0.25	1.93	-2.67	
-0.42	-0.08	-2.67	
-0.61	-2.28	-2.96	
-0.98	-3.39	-2.39	
-2.8	-4.19	-2.27	
-1.22	-5.99	-2.29	
-2.6	-6.04	-1.43	
-1.22	-5.87	-1.46	
-2.98	-4.87	0.5	
-2.79	-3.8	-0.3	
-2.6	-1.6	-1.09	
-1.11	0	-2.18	
-0.46	1.49	-2.1	
-0.45	1.72	-0.72	
-0.42	4.04	-1.77	
-1.22	4.44	0.2	
-0.88	6.27	0.91	
-0.76	5.05	1.5	
-1.11	3.25	2.35	
-0.47	0.45	6.01	
-0.37	-0.85	5.32	
-0.91	-1.46	5.12	
-1.2	-3.11	3.92	
-2.65	-4.29	2.58	
-1.28	-5.8	1.05	
-3.65	-7.51	0.53	
-2.98	-6.1	-2.6	
-3.03	-6.55	-1.52	
-2.61	-4.33	-2.62	
-2.95	-2.54	-0.08	
-0.94	-1.33	-0.46	
-0.56	-1.32	0.66	
-1.07	0.82	-0.38	
-1.25	1.57	1.66	
-0.93	3.17	0.48	
-1.17	4.35	0.79	
-1.14	4.06	-0.17	
-0.53	4.12	-1.24	
-0.71	4.13	-2.79	
-1.19	-0.99	-1.51	
-0.85	-4.02	-2.83	
***************TEMPLATE***************
Template: 3
ClassLabel: 5
TimeSeriesLength: 40
TemplateThreshold: 213.954
TrainingMu: 65.7368
TrainingSigma: 49.4059
AverageTemplateLength: 41
TimeSeries: 
-0.7	1.17	-1.61	
-1.11	3.11	-1.48	
-0.06	2.61	-2.96	
-0.12	0.52	-2.07	
-0.82	-1.57	-2.81	
-1.31	-2.1	-1.09	
-1.03	-2.4	-1.68	
-0.7	-6.72	-0.95	
-0.37	-4.73	0.87	
-0.24	-3.64	1.01	
-0.82	-5.09	3.53	
-0.24	-2.87	1.39	
-0.94	-3.94	3.84	
-1.2	-1.87	1.62	
-0.75	-1.64	-0.95	
-0.59	1.54	-4.45	
-0.3	1.24	-3.96	
-0.28	3.08	-3.62	
-0.04	5.1	-3.52	
-2.58	7.36	0.97	
-0.77	7.74	-0.95	
-2.59	4.13	2.58	
-2.64	2.52	2.04	
-3.15	-2.17	6.43	
-3.56	-3.01	4.61	
-3.41	-5.78	6.75	
-0.31	-7.16	1.83	
-0.26	-8.01	1.92	
-1.22	-5.93	-1.19	
-1.14	-6.23	-0.33	
-0.78	-3.3	0.45	
-0.81	-2.81	1.62	
-2.92	1	1.98	
-2.99	2.18	1.74	
-1.09	3.4	-0.45	
-0.53	4.9	-0.9	
-0.33	5.36	-3.79	
-0.51	5.21	-4.78	
-0.2	2.45	-5.26	
-0.53	0.91	-3.59	
***************TEMPLATE***************
Template: 4
ClassLabel: 1
TimeSeriesLength: 25
TemplateThreshold: 43.1136
TrainingMu: 29.8387
TrainingSigma: 4.42498
AverageTemplateLength: 24
TimeSeries: 
-0.88	4.07	2.49	
-0.88	6.09	1.94	
-1.11	4.41	-1.35	
-1.01	1.7	-4.21	
-1.08	-0.19	-4.66	
-1.13	-1.82	-3.52	
-0.47	-2.06	-5.44	
-0.65	-5.87	-2.8	
-0.71	-5.72	-2.46	
-0.16	-5.62	-1.27	
-1.02	-5.45	2.69	
-0.65	-6.16	3.71	
-0.2	-5.39	4.72	
-0.72	-2.9	4.58	
-0.01	-2.37	8.78	
-1.22	1.73	6.6	
-0.63	2.96	4.67	
-0.85	5.99	4.31	
-0.85	5.74	2.03	
-2.8	5.26	1.93	
-0.81	5.03	-1.8	
-1.09	2.32	-0.71	
-1.04	2.34	-2.96	
-1.19	-2.06	0.31	
-0.37	-0.91	-2.73	
***************TEMPLATE***************
Template: 5
ClassLabel: 2
TimeSeriesLength: 23
TemplateThreshold: 40.7051
TrainingMu: 31.0329
TrainingSigma: 3.22409
AverageTemplateLength: 24
TimeSeries: 
-0.48	2.13	-0.49	
-0.55	4.56	-2.7	
-1.19	2.74	-2.57	
-0.77	1.63	-5.33	
-0.71	-1.71	-4.44	
-0.96	0.86	-4.25	
-2.68	-2.73	-1.52	
-2.61	-1.23	-2.84	
-2.86	-4.96	0.66	
-3.79	-3.67	2.11	
-3.2	-5.32	4.56	
-3.46	-5.77	5.67	
-3.62	-4.72	5.27	
-3.65	-3.4	7.42	
-3.59	2.68	7.94	
-3.29	1.67	7.58	
-3.66	2.09	3.47	
-2.76	4.67	3.57	
-2.84	3.82	2.59	
-3.25	4.85	0.96	
-3.78	4.48	-2.84	
-3.83	4.41	-4.48	
-1.08	3.1	-6.63	
***************TEMPLATE***************
Template: 6
ClassLabel: 3
TimeSeriesLength: 29
TemplateThreshold: 353.376
TrainingMu: 93.8792
TrainingSigma: 86.4989
AverageTemplateLength: 29
TimeSeries: 
-0.79	2.43	2.72	
-0.19	3.92	-0.79	
-0.31	4.49	-1.61	
-0.48	3.22	-4.69	
-0.65	1.32	-5.48	
-0.04	3.02	-4.29	
-0.85	-0.39	-6.01	
-1.1	-1.59	-1.65	
-0.03	-1.36	-8.55	
-2.76	-2.09	-3.57	
-3.52	-4.76	2.26	
-2.73	-1.94	-3.12	
-3.21	-9.71	0.79	
-3.84	-3.83	4.64	
-2.84	-5.24	3.45	
-2.71	-3.59	6.2	
-3.07	-3.47	4.54	
-3.58	-3.48	7.68	
-3.23	1.56	7.03	
-3.3	2.66	8.01	
-3.09	3.82	4.8	
-2.65	3.55	4.65	
-2.96	4.63	2.66	
-3.46	5.32	2.33	
-2.7	6.49	-1.58	
-0.41	5.08	-4.29	
-0.71	4.22	-4.75	
-1.11	1.64	-4.95	
-0.2	-0.04	-7.03	
***************TEMPLATE***************
Template: 7
ClassLabel: 8
TimeSeriesLength: 36
TemplateThreshold: 247.067
TrainingMu: 61.1203
TrainingSigma: 61.9821
AverageTemplateLength: 37
TimeSeries: 
-0.23	-0.64	2.88	
-0.24	0.39	1.61	
1.47	1.19	-1.07	
1.28	1.14	-0.87	
1.54	1.39	-4.06	
1.96	1.62	-5.63	
1.88	-1.54	-4.99	
1.92	-1.83	-5.25	
1.83	-3.57	-4.11	
-0.92	-6.39	-1.63	
-0.54	-4.98	-0.31	
-1.2	-6.89	3.78	
-0.95	-3.44	5.96	
-1.21	-4.56	7.55	
-0.77	-0.08	5.35	
-0.78	-0.36	5.68	
-0.67	1.77	4.43	
-0.27	2.62	2.41	
-0.64	1.33	0.5	
-0.28	0.94	-0.6	
1.45	1.4	-2.01	
2.11	0.04	-3.81	
1.44	-0.87	-5.6	
2.27	-0.91	-7.68	
3.85	-2.09	-7.27	
2.01	-2.9	-5.97	
2.07	-0.89	-4.57	
-0.22	-0.93	-3.26	
-0.73	-0.38	-2.56	
-0.58	-0.11	-2.19	
-0.05	-1.58	-0.12	
-1.14	-1.86	-1.07	
-0.06	-1	2.37	
-1.04	-2.37	-0.18	
-0.82	-1.32	4.61	
-3.44	-1.12	9	
***************TEMPLATE***************
Template: 8
ClassLabel: 7
TimeSeriesLength: 34
TemplateThreshold: 163.499
TrainingMu: 53.7303
TrainingSigma: 36.5895
AverageTemplateLength: 35
TimeSeries: 
2.09	2.17	5.12	
-0.38	5.47	7.18	
-1.09	4.94	1.43	
-1.25	3.64	-1.3	
-1.26	1.78	-3.57	
-0.45	0.97	-3.5	
-0.26	-0.03	-5.95	
-0.13	-1.71	-6.16	
-0.3	-3.23	-4.48	
-1.07	-3.81	-5.15	
-0.64	-4.73	-4.03	
-0.86	-7.1	-4.02	
-0.02	-4.88	-1.81	
-0.6	-4.26	0.22	
-0.39	-4.99	3.84	
-0.4	-5.38	7.16	
-0.37	-3.58	7.53	
-0.67	-1.73	7.19	
-0.88	0.04	5.63	
-0.01	4.14	4.34	
-1.12	2.43	3.18	
-0.95	2.57	1.53	
-0.59	2.14	-0.32	
-0.51	1.52	-1.3	
-0.53	0.13	-1.83	
-0.33	1.05	-5.86	
-0.36	1.63	-8.8	
-0.27	1.6	-11.09	
-0.82	0.69	-7.27	
-0.2	1.11	-5.85	
-0.85	-0.89	-2.4	
-0.71	1.35	-1.5	
-0.81	-0.38	2.93	
-0.09	-1.59	6.81	
***************TEMPLATE***************
Template: 9
ClassLabel: 9
TimeSeriesLength: 34
TemplateThreshold: 175.162
TrainingMu: 65.125
TrainingSigma: 36.6789
AverageTemplateLength: 38
TimeSeries: 
-0.18	-0.32	2.44	
-1.11	3.26	3.85	
1.41	3.93	-4.25	
1.47	2	-4.01	
1.99	-0.16	-6.64	
2.19	-1.64	-8.3	
-0.43	-3.35	-6.43	
-0.42	-3.8	-4.25	
-1.12	-7.21	-2.48	
-1.24	-6.69	-2.14	
-3.24	-7.14	1.32	
-3.16	-5.05	2.8	
-3.2	-6.24	8.43	
-3.63	-3.7	6.97	
-3.7	-0.58	10.3	
-1.23	1.96	6	
-0.6	1.36	3.2	
-1.24	1.85	-1.02	
-0.52	-0.06	-2.07	
1.79	1.24	-5.16	
1.9	1.75	-9.37	
1.67	1.83	-5.94	
2.18	3.06	-9.22	
1.6	0.93	-7.81	
1.77	1.98	-8.52	
-0.57	1.31	-5.1	
-1.2	1.41	-7.67	
-3.48	-1.06	-2.36	
-3.03	0.34	-3.77	
-3.28	-0.94	1.12	
-3.27	-2.89	1.93	
-3.74	0.18	5.44	
-3.89	-3.93	11.07	
-0.1	-2.17	6.57	
