GRT_PIPELINE_FILE_V3.0
PipelineMode: CLASSIFICATION_MODE
NumPreprocessingModules: 0
NumFeatureExtractionModules: 0
NumPostprocessingModules: 0
Trained: 1
Info: 
PreProcessingModuleDatatypes:
FeatureExtractionModuleDatatypes:
ClassificationModuleDatatype:	DTW
PostProcessingModuleDatatypes:
GRT_DTW_Model_File_V2.0
Trained: 1
UseScaling: 0
NumInputDimensions: 3
NumOutputDimensions: 0
NumTrainingIterationsToConverge: 1996096881
MinNumEpochs: 0
MaxNumEpochs: 100
ValidationSetSize: 20
LearningRate: 0.1
MinChange: 1e-05
UseValidationSet: 0
RandomiseTrainingOrder: 1
UseNullRejection: 0
ClassifierMode: 1
NullRejectionCoeff: 3
NumClasses: 9
NullRejectionThresholds:  0 0 0 0 0 0 0 0 0
ClassLabels:  1 7 8 9 5 4 3 2 6
DistanceMethod: 1
UseSmoothing: 0
SmoothingFactor: 5
UseZNormalisation: 0
OffsetUsingFirstSample: 0
ConstrainWarpingPath: 1
Radius: 0.2
RejectionMode: 0
NumberOfTemplates: 9
OverallAverageTemplateLength: 35
***************TEMPLATE***************
Template: 1
ClassLabel: 1
TimeSeriesLength: 25
TemplateThreshold: 42.1168
TrainingMu: 30.9144
TrainingSigma: 3.73412
AverageTemplateLength: 24
TimeSeries: 
-0.88	4.07	2.49	
-0.88	6.09	1.94	
-1.11	4.41	-1.35	
-1.01	1.7	-4.21	
-1.08	-0.19	-4.66	
-1.13	-1.82	-3.52	
-0.47	-2.06	-5.44	
-0.65	-5.87	-2.8	
-0.71	-5.72	-2.46	
-0.16	-5.62	-1.27	
-1.02	-5.45	2.69	
-0.65	-6.16	3.71	
-0.2	-5.39	4.72	
-0.72	-2.9	4.58	
-0.01	-2.37	8.78	
-1.22	1.73	6.6	
-0.63	2.96	4.67	
-0.85	5.99	4.31	
-0.85	5.74	2.03	
-2.8	5.26	1.93	
-0.81	5.03	-1.8	
-1.09	2.32	-0.71	
-1.04	2.34	-2.96	
-1.19	-2.06	0.31	
-0.37	-0.91	-2.73	
***************TEMPLATE***************
Template: 2
ClassLabel: 7
TimeSeriesLength: 34
TemplateThreshold: 218.566
TrainingMu: 58.3037
TrainingSigma: 53.4209
AverageTemplateLength: 35
TimeSeries: 
2.09	2.17	5.12	
-0.38	5.47	7.18	
-1.09	4.94	1.43	
-1.25	3.64	-1.3	
-1.26	1.78	-3.57	
-0.45	0.97	-3.5	
-0.26	-0.03	-5.95	
-0.13	-1.71	-6.16	
-0.3	-3.23	-4.48	
-1.07	-3.81	-5.15	
-0.64	-4.73	-4.03	
-0.86	-7.1	-4.02	
-0.02	-4.88	-1.81	
-0.6	-4.26	0.22	
-0.39	-4.99	3.84	
-0.4	-5.38	7.16	
-0.37	-3.58	7.53	
-0.67	-1.73	7.19	
-0.88	0.04	5.63	
-0.01	4.14	4.34	
-1.12	2.43	3.18	
-0.95	2.57	1.53	
-0.59	2.14	-0.32	
-0.51	1.52	-1.3	
-0.53	0.13	-1.83	
-0.33	1.05	-5.86	
-0.36	1.63	-8.8	
-0.27	1.6	-11.09	
-0.82	0.69	-7.27	
-0.2	1.11	-5.85	
-0.85	-0.89	-2.4	
-0.71	1.35	-1.5	
-0.81	-0.38	2.93	
-0.09	-1.59	6.81	
***************TEMPLATE***************
Template: 3
ClassLabel: 8
TimeSeriesLength: 36
TemplateThreshold: 138.768
TrainingMu: 53.2999
TrainingSigma: 28.4893
AverageTemplateLength: 37
TimeSeries: 
-0.23	-0.64	2.88	
-0.24	0.39	1.61	
1.47	1.19	-1.07	
1.28	1.14	-0.87	
1.54	1.39	-4.06	
1.96	1.62	-5.63	
1.88	-1.54	-4.99	
1.92	-1.83	-5.25	
1.83	-3.57	-4.11	
-0.92	-6.39	-1.63	
-0.54	-4.98	-0.31	
-1.2	-6.89	3.78	
-0.95	-3.44	5.96	
-1.21	-4.56	7.55	
-0.77	-0.08	5.35	
-0.78	-0.36	5.68	
-0.67	1.77	4.43	
-0.27	2.62	2.41	
-0.64	1.33	0.5	
-0.28	0.94	-0.6	
1.45	1.4	-2.01	
2.11	0.04	-3.81	
1.44	-0.87	-5.6	
2.27	-0.91	-7.68	
3.85	-2.09	-7.27	
2.01	-2.9	-5.97	
2.07	-0.89	-4.57	
-0.22	-0.93	-3.26	
-0.73	-0.38	-2.56	
-0.58	-0.11	-2.19	
-0.05	-1.58	-0.12	
-1.14	-1.86	-1.07	
-0.06	-1	2.37	
-1.04	-2.37	-0.18	
-0.82	-1.32	4.61	
-3.44	-1.12	9	
***************TEMPLATE***************
Template: 4
ClassLabel: 9
TimeSeriesLength: 34
TemplateThreshold: 308.307
TrainingMu: 72.8353
TrainingSigma: 78.4905
AverageTemplateLength: 38
TimeSeries: 
-0.18	-0.32	2.44	
-1.11	3.26	3.85	
1.41	3.93	-4.25	
1.47	2	-4.01	
1.99	-0.16	-6.64	
2.19	-1.64	-8.3	
-0.43	-3.35	-6.43	
-0.42	-3.8	-4.25	
-1.12	-7.21	-2.48	
-1.24	-6.69	-2.14	
-3.24	-7.14	1.32	
-3.16	-5.05	2.8	
-3.2	-6.24	8.43	
-3.63	-3.7	6.97	
-3.7	-0.58	10.3	
-1.23	1.96	6	
-0.6	1.36	3.2	
-1.24	1.85	-1.02	
-0.52	-0.06	-2.07	
1.79	1.24	-5.16	
1.9	1.75	-9.37	
1.67	1.83	-5.94	
2.18	3.06	-9.22	
1.6	0.93	-7.81	
1.77	1.98	-8.52	
-0.57	1.31	-5.1	
-1.2	1.41	-7.67	
-3.48	-1.06	-2.36	
-3.03	0.34	-3.77	
-3.28	-0.94	1.12	
-3.27	-2.89	1.93	
-3.74	0.18	5.44	
-3.89	-3.93	11.07	
-0.1	-2.17	6.57	
***************TEMPLATE***************
Template: 5
ClassLabel: 5
TimeSeriesLength: 38
TemplateThreshold: 192.982
TrainingMu: 60.0445
TrainingSigma: 44.3126
AverageTemplateLength: 40
TimeSeries: 
-0.81	3.3	-2.04	
-0.82	1.81	-2.27	
-1.21	2.31	-2.86	
-0.4	0.28	-2.63	
-0.9	-2.05	-4.33	
-0.17	-6.25	-2.8	
-0.93	-5.06	1.09	
-0.55	-7.64	1.48	
-0.54	-6.76	2.39	
-0.72	-4.13	4.01	
-1.16	-2.32	1.2	
-0.69	0.48	-2.13	
-0.83	1.13	-2.41	
-0.73	3.58	-2.88	
-0.18	2.32	-3.6	
-0.09	5.52	-2.14	
-1.23	7.38	0.52	
-0.45	6.06	0.86	
-0.39	4.57	1.33	
-0.96	0.83	4.62	
-1.1	0.88	4.37	
-1.12	-2.18	5.2	
-0.27	-4.21	3.73	
-0.31	-5.19	3.71	
-0.03	-4.98	2.55	
-0.28	-6.08	1.88	
-0.75	-3.38	1.01	
-1.05	-4.8	-2.36	
-0.37	-3.25	-0.82	
-1.15	-2.42	-2.04	
-0.67	-0.51	0	
-1.09	-0.35	-1.87	
-0.96	2.43	2.48	
-0.09	3.64	0.13	
-0.31	5.48	0.3	
-0.02	5.29	-0.63	
-1.1	4.13	-1.16	
-0.93	2.27	-2.68	
***************TEMPLATE***************
Template: 6
ClassLabel: 4
TimeSeriesLength: 44
TemplateThreshold: 342.412
TrainingMu: 95.8576
TrainingSigma: 82.1847
AverageTemplateLength: 46
TimeSeries: 
-0.43	2.03	2.17	
-0.71	4.58	0.66	
-0.44	3.93	-0.23	
-1.25	1.95	-1.2	
-0.9	0.67	-3.75	
-0.09	-2.32	-4.57	
-0.42	-3.4	-3.26	
-1.27	-3.17	-3.87	
-0.27	-6.9	-0.72	
-1.02	-7.23	-0.53	
1.4	-5.65	-1.82	
-0.63	-4.85	0.76	
-0.12	-3.02	0.52	
-0.44	-0.66	0.58	
-1.24	0.55	1.76	
-2.92	2.28	0.65	
-2.65	2.94	0.12	
-0.92	5.09	-1.19	
-1.07	5.25	2.54	
-0.51	5.19	2.1	
-0.11	6.11	1.59	
-0.29	5.26	6.69	
-0.85	3.47	3.55	
-1.19	0.86	4.11	
-0.44	0.42	4.07	
-1.06	-2.88	3.4	
-0.52	-3.88	2.78	
-0.42	-4.37	1.02	
-0.53	-4.51	1.74	
1.38	-4.81	-1.62	
-1.16	-7.47	-0.02	
-0.17	-4.09	-4.79	
-0.57	-6.01	-3.02	
-0.59	-2.87	-5.69	
-0.37	-3.1	-2.23	
-1.19	0.17	0.63	
-0.62	-2.32	2.4	
-1.09	6	2	
-0.19	2.88	5.21	
-1.13	7.61	0.38	
-0.62	6.53	0.77	
-0.7	9.09	-3.61	
-0.43	3.39	-1.01	
-0.27	1.75	-3.41	
***************TEMPLATE***************
Template: 7
ClassLabel: 3
TimeSeriesLength: 29
TemplateThreshold: 407.774
TrainingMu: 114.129
TrainingSigma: 97.8816
AverageTemplateLength: 28
TimeSeries: 
-0.79	2.43	2.72	
-0.19	3.92	-0.79	
-0.31	4.49	-1.61	
-0.48	3.22	-4.69	
-0.65	1.32	-5.48	
-0.04	3.02	-4.29	
-0.85	-0.39	-6.01	
-1.1	-1.59	-1.65	
-0.03	-1.36	-8.55	
-2.76	-2.09	-3.57	
-3.52	-4.76	2.26	
-2.73	-1.94	-3.12	
-3.21	-9.71	0.79	
-3.84	-3.83	4.64	
-2.84	-5.24	3.45	
-2.71	-3.59	6.2	
-3.07	-3.47	4.54	
-3.58	-3.48	7.68	
-3.23	1.56	7.03	
-3.3	2.66	8.01	
-3.09	3.82	4.8	
-2.65	3.55	4.65	
-2.96	4.63	2.66	
-3.46	5.32	2.33	
-2.7	6.49	-1.58	
-0.41	5.08	-4.29	
-0.71	4.22	-4.75	
-1.11	1.64	-4.95	
-0.2	-0.04	-7.03	
***************TEMPLATE***************
Template: 8
ClassLabel: 2
TimeSeriesLength: 23
TemplateThreshold: 43.1237
TrainingMu: 30.6219
TrainingSigma: 4.16729
AverageTemplateLength: 24
TimeSeries: 
-0.48	2.13	-0.49	
-0.55	4.56	-2.7	
-1.19	2.74	-2.57	
-0.77	1.63	-5.33	
-0.71	-1.71	-4.44	
-0.96	0.86	-4.25	
-2.68	-2.73	-1.52	
-2.61	-1.23	-2.84	
-2.86	-4.96	0.66	
-3.79	-3.67	2.11	
-3.2	-5.32	4.56	
-3.46	-5.77	5.67	
-3.62	-4.72	5.27	
-3.65	-3.4	7.42	
-3.59	2.68	7.94	
-3.29	1.67	7.58	
-3.66	2.09	3.47	
-2.76	4.67	3.57	
-2.84	3.82	2.59	
-3.25	4.85	0.96	
-3.78	4.48	-2.84	
-3.83	4.41	-4.48	
-1.08	3.1	-6.63	
***************TEMPLATE***************
Template: 9
ClassLabel: 6
TimeSeriesLength: 44
TemplateThreshold: 296.753
TrainingMu: 80.576
TrainingSigma: 72.059
AverageTemplateLength: 45
TimeSeries: 
-0.95	-0.73	2.72	
-1.24	4.57	1.27	
-1.05	4.47	-1.7	
-0.25	1.93	-2.67	
-0.42	-0.08	-2.67	
-0.61	-2.28	-2.96	
-0.98	-3.39	-2.39	
-2.8	-4.19	-2.27	
-1.22	-5.99	-2.29	
-2.6	-6.04	-1.43	
-1.22	-5.87	-1.46	
-2.98	-4.87	0.5	
-2.79	-3.8	-0.3	
-2.6	-1.6	-1.09	
-1.11	0	-2.18	
-0.46	1.49	-2.1	
-0.45	1.72	-0.72	
-0.42	4.04	-1.77	
-1.22	4.44	0.2	
-0.88	6.27	0.91	
-0.76	5.05	1.5	
-1.11	3.25	2.35	
-0.47	0.45	6.01	
-0.37	-0.85	5.32	
-0.91	-1.46	5.12	
-1.2	-3.11	3.92	
-2.65	-4.29	2.58	
-1.28	-5.8	1.05	
-3.65	-7.51	0.53	
-2.98	-6.1	-2.6	
-3.03	-6.55	-1.52	
-2.61	-4.33	-2.62	
-2.95	-2.54	-0.08	
-0.94	-1.33	-0.46	
-0.56	-1.32	0.66	
-1.07	0.82	-0.38	
-1.25	1.57	1.66	
-0.93	3.17	0.48	
-1.17	4.35	0.79	
-1.14	4.06	-0.17	
-0.53	4.12	-1.24	
-0.71	4.13	-2.79	
-1.19	-0.99	-1.51	
-0.85	-4.02	-2.83	
