GRT_PIPELINE_FILE_V3.0
PipelineMode: CLASSIFICATION_MODE
NumPreprocessingModules: 0
NumFeatureExtractionModules: 0
NumPostprocessingModules: 0
Trained: 1
Info: 
PreProcessingModuleDatatypes:
FeatureExtractionModuleDatatypes:
ClassificationModuleDatatype:	DTW
PostProcessingModuleDatatypes:
GRT_DTW_Model_File_V2.0
Trained: 1
UseScaling: 0
NumInputDimensions: 3
NumOutputDimensions: 0
NumTrainingIterationsToConverge: 1995855217
MinNumEpochs: 0
MaxNumEpochs: 100
ValidationSetSize: 20
LearningRate: 0.1
MinChange: 1e-05
UseValidationSet: 0
RandomiseTrainingOrder: 1
UseNullRejection: 0
ClassifierMode: 1
NullRejectionCoeff: 3
NumClasses: 9
NullRejectionThresholds:  0 0 0 0 0 0 0 0 0
ClassLabels:  8 3 1 4 7 5 2 6 9
DistanceMethod: 1
UseSmoothing: 0
SmoothingFactor: 5
UseZNormalisation: 0
OffsetUsingFirstSample: 0
ConstrainWarpingPath: 1
Radius: 0.2
RejectionMode: 0
NumberOfTemplates: 9
OverallAverageTemplateLength: 35
***************TEMPLATE***************
Template: 1
ClassLabel: 8
TimeSeriesLength: 35
TemplateThreshold: 243.571
TrainingMu: 65.11
TrainingSigma: 59.4869
AverageTemplateLength: 38
TimeSeries: 
2.09	-0.33	1.08	
-0.01	-0.1	4.29	
-0.06	0.36	3.3	
-0.13	2.58	0.93	
-0.49	3.75	0.71	
2.19	2.45	-5.11	
1.8	1.4	-5.29	
2.05	-0.19	-6.81	
2.36	-2.49	-6.88	
1.85	-3.94	-5.21	
1.75	-4.31	-5.42	
-1.11	-3.61	-2.66	
-0.2	-3.31	-2.21	
-1.21	-6.63	6.09	
-1.15	-4.85	4.19	
-2.66	-5.32	9.49	
-0.68	-3.64	6.66	
-0.52	-0.3	5.63	
-2.68	2.83	7.52	
-0.29	4.42	3.47	
-1.17	2.48	3.54	
-0.41	2.5	-0.12	
-0.17	0.55	-2.49	
2.42	-0.62	-5.94	
2.32	-0.93	-6.84	
2.41	-1.51	-6.97	
4.39	-2.29	-8.19	
3.85	-2.35	-6.52	
2.3	-2.31	-4.29	
1.7	-0.27	-5.8	
-0.27	-0.59	-5.58	
-0.41	-0.88	-3.67	
-0.12	0.43	-1.52	
-1.26	-4.87	3.86	
-3.21	-2.52	7.79	
***************TEMPLATE***************
Template: 2
ClassLabel: 3
TimeSeriesLength: 29
TemplateThreshold: 365.073
TrainingMu: 97.4236
TrainingSigma: 89.2164
AverageTemplateLength: 29
TimeSeries: 
-0.79	2.43	2.72	
-0.19	3.92	-0.79	
-0.31	4.49	-1.61	
-0.48	3.22	-4.69	
-0.65	1.32	-5.48	
-0.04	3.02	-4.29	
-0.85	-0.39	-6.01	
-1.1	-1.59	-1.65	
-0.03	-1.36	-8.55	
-2.76	-2.09	-3.57	
-3.52	-4.76	2.26	
-2.73	-1.94	-3.12	
-3.21	-9.71	0.79	
-3.84	-3.83	4.64	
-2.84	-5.24	3.45	
-2.71	-3.59	6.2	
-3.07	-3.47	4.54	
-3.58	-3.48	7.68	
-3.23	1.56	7.03	
-3.3	2.66	8.01	
-3.09	3.82	4.8	
-2.65	3.55	4.65	
-2.96	4.63	2.66	
-3.46	5.32	2.33	
-2.7	6.49	-1.58	
-0.41	5.08	-4.29	
-0.71	4.22	-4.75	
-1.11	1.64	-4.95	
-0.2	-0.04	-7.03	
***************TEMPLATE***************
Template: 3
ClassLabel: 1
TimeSeriesLength: 23
TemplateThreshold: 47.1549
TrainingMu: 28.7435
TrainingSigma: 6.13713
AverageTemplateLength: 24
TimeSeries: 
-1.07	4.64	1.92	
-1.01	2.54	-4.12	
-0.41	-0.12	-4.59	
-0.41	-1.75	-3.83	
-0.29	-1.57	-2.74	
-0.17	-2.84	-4.64	
-0.28	-5.33	-1.08	
-0.82	-2.84	-2.3	
-0.34	-5.45	1.64	
-1	-5.48	3.79	
-0.53	-2.58	2.73	
1.32	-3.89	4.84	
-0.21	-2.17	5.88	
-0.19	0	8.57	
-1.22	2.06	7.3	
-1.18	2.74	3.79	
-0.14	3.05	2.75	
-1.03	3.76	1.9	
-1.02	5.58	-1.52	
-0.92	4.67	-2.27	
-0.86	3.19	-2.85	
-0.8	0.1	-2.55	
-0.47	-0.69	-1.97	
***************TEMPLATE***************
Template: 4
ClassLabel: 4
TimeSeriesLength: 45
TemplateThreshold: 364.871
TrainingMu: 101.621
TrainingSigma: 87.7499
AverageTemplateLength: 46
TimeSeries: 
-0.59	4.88	2.82	
-0.06	4.73	1.62	
-1.28	3.74	-3.17	
-0.35	1.83	-2.42	
-0.49	0.85	-3.29	
-0.02	-2.36	-3.62	
-0.25	-3.27	-3.86	
-0.96	-4.4	-3.91	
-0.89	-7.23	-1.45	
1.37	-10.39	-2.44	
-0.4	-9.22	-0.51	
-0.52	-6.77	0.72	
-2.7	-1.87	1.26	
-2.87	0.76	1.55	
-2.89	1.17	2.57	
-1	2.18	0.58	
-1.23	4.93	-1.13	
-1.08	7.17	-0.17	
-0.7	5.42	2.21	
-0.36	6.88	0.07	
-0.31	5.1	3.02	
-0.79	3.23	4.2	
-1.1	4.65	3.48	
-0.77	-2.54	6.56	
-0.45	0.35	3.23	
0.11	-3.1	3.88	
-0.24	-4.09	5.52	
2.03	-4.39	1.2	
-0.28	-5.31	1.82	
-0.39	-5.04	-0.71	
-1.01	-4.91	-2.51	
-0.85	-3.83	-4.5	
-0.82	-5.27	-5.18	
-1.21	-2.88	-3.27	
-0.98	-3.78	-0.87	
-0.03	-0.54	-0.12	
-0.53	-1.98	1.41	
-0.02	1.88	2.35	
-0.23	5.15	4.15	
-0.33	4.96	2.91	
-0.58	8.93	2.51	
-1.98	6.88	1.88	
-0.72	5.67	-2.3	
-0.12	-0.61	-1.6	
-0.58	-1.67	-4.21	
***************TEMPLATE***************
Template: 5
ClassLabel: 7
TimeSeriesLength: 34
TemplateThreshold: 244.829
TrainingMu: 65.9999
TrainingSigma: 59.6097
AverageTemplateLength: 35
TimeSeries: 
2.09	2.17	5.12	
-0.38	5.47	7.18	
-1.09	4.94	1.43	
-1.25	3.64	-1.3	
-1.26	1.78	-3.57	
-0.45	0.97	-3.5	
-0.26	-0.03	-5.95	
-0.13	-1.71	-6.16	
-0.3	-3.23	-4.48	
-1.07	-3.81	-5.15	
-0.64	-4.73	-4.03	
-0.86	-7.1	-4.02	
-0.02	-4.88	-1.81	
-0.6	-4.26	0.22	
-0.39	-4.99	3.84	
-0.4	-5.38	7.16	
-0.37	-3.58	7.53	
-0.67	-1.73	7.19	
-0.88	0.04	5.63	
-0.01	4.14	4.34	
-1.12	2.43	3.18	
-0.95	2.57	1.53	
-0.59	2.14	-0.32	
-0.51	1.52	-1.3	
-0.53	0.13	-1.83	
-0.33	1.05	-5.86	
-0.36	1.63	-8.8	
-0.27	1.6	-11.09	
-0.82	0.69	-7.27	
-0.2	1.11	-5.85	
-0.85	-0.89	-2.4	
-0.71	1.35	-1.5	
-0.81	-0.38	2.93	
-0.09	-1.59	6.81	
***************TEMPLATE***************
Template: 6
ClassLabel: 5
TimeSeriesLength: 37
TemplateThreshold: 197.892
TrainingMu: 61.6344
TrainingSigma: 45.4193
AverageTemplateLength: 41
TimeSeries: 
-0.1	1.81	0.82	
-0.18	2.85	-1.38	
-0.94	2.27	-3.57	
-0.44	2.31	-6.1	
-0.17	-1.32	-2.01	
-0.93	-2.04	-3.97	
-0.69	-3.64	-1.95	
-0.92	-7.42	0.86	
-0.35	-8.38	0.75	
-0.51	-6.58	4.16	
-1.11	-6.37	4.12	
-1.06	-2.61	0.68	
-1.22	0.47	-1.6	
-2.93	1.33	-1.84	
-0.28	3.82	-4.8	
-0.87	5.41	-3.13	
-0.89	7.15	-2.26	
-0.3	7.89	-0.82	
-0.7	6.49	0.54	
-0.38	2.45	1.1	
-0.29	1.43	3.88	
-3.52	1.98	6.22	
-1.28	-4.12	5.63	
-0.36	-6.75	6.09	
-0.53	-6.54	5.38	
-0.22	-7.06	2.44	
-0.23	-5.14	0.31	
-0.12	-5.14	-1.04	
-0.82	-2.24	-0.02	
-0.03	-0.13	-2.25	
-1.25	2.06	0.71	
-0.12	3.01	-2.08	
-0.72	4.51	-0.55	
-1.22	6.88	-3.73	
-0.27	5.97	-3.74	
-0.16	3.12	-2.42	
-0.72	1.84	-4.44	
***************TEMPLATE***************
Template: 7
ClassLabel: 2
TimeSeriesLength: 23
TemplateThreshold: 127.927
TrainingMu: 38.4214
TrainingSigma: 29.8352
AverageTemplateLength: 23
TimeSeries: 
-0.48	2.13	-0.49	
-0.55	4.56	-2.7	
-1.19	2.74	-2.57	
-0.77	1.63	-5.33	
-0.71	-1.71	-4.44	
-0.96	0.86	-4.25	
-2.68	-2.73	-1.52	
-2.61	-1.23	-2.84	
-2.86	-4.96	0.66	
-3.79	-3.67	2.11	
-3.2	-5.32	4.56	
-3.46	-5.77	5.67	
-3.62	-4.72	5.27	
-3.65	-3.4	7.42	
-3.59	2.68	7.94	
-3.29	1.67	7.58	
-3.66	2.09	3.47	
-2.76	4.67	3.57	
-2.84	3.82	2.59	
-3.25	4.85	0.96	
-3.78	4.48	-2.84	
-3.83	4.41	-4.48	
-1.08	3.1	-6.63	
***************TEMPLATE***************
Template: 8
ClassLabel: 6
TimeSeriesLength: 44
TemplateThreshold: 306.11
TrainingMu: 79.2344
TrainingSigma: 75.6253
AverageTemplateLength: 45
TimeSeries: 
-0.95	-0.73	2.72	
-1.24	4.57	1.27	
-1.05	4.47	-1.7	
-0.25	1.93	-2.67	
-0.42	-0.08	-2.67	
-0.61	-2.28	-2.96	
-0.98	-3.39	-2.39	
-2.8	-4.19	-2.27	
-1.22	-5.99	-2.29	
-2.6	-6.04	-1.43	
-1.22	-5.87	-1.46	
-2.98	-4.87	0.5	
-2.79	-3.8	-0.3	
-2.6	-1.6	-1.09	
-1.11	0	-2.18	
-0.46	1.49	-2.1	
-0.45	1.72	-0.72	
-0.42	4.04	-1.77	
-1.22	4.44	0.2	
-0.88	6.27	0.91	
-0.76	5.05	1.5	
-1.11	3.25	2.35	
-0.47	0.45	6.01	
-0.37	-0.85	5.32	
-0.91	-1.46	5.12	
-1.2	-3.11	3.92	
-2.65	-4.29	2.58	
-1.28	-5.8	1.05	
-3.65	-7.51	0.53	
-2.98	-6.1	-2.6	
-3.03	-6.55	-1.52	
-2.61	-4.33	-2.62	
-2.95	-2.54	-0.08	
-0.94	-1.33	-0.46	
-0.56	-1.32	0.66	
-1.07	0.82	-0.38	
-1.25	1.57	1.66	
-0.93	3.17	0.48	
-1.17	4.35	0.79	
-1.14	4.06	-0.17	
-0.53	4.12	-1.24	
-0.71	4.13	-2.79	
-1.19	-0.99	-1.51	
-0.85	-4.02	-2.83	
***************TEMPLATE***************
Template: 9
ClassLabel: 9
TimeSeriesLength: 34
TemplateThreshold: 347.936
TrainingMu: 80.2642
TrainingSigma: 89.2238
AverageTemplateLength: 39
TimeSeries: 
-0.18	-0.32	2.44	
-1.11	3.26	3.85	
1.41	3.93	-4.25	
1.47	2	-4.01	
1.99	-0.16	-6.64	
2.19	-1.64	-8.3	
-0.43	-3.35	-6.43	
-0.42	-3.8	-4.25	
-1.12	-7.21	-2.48	
-1.24	-6.69	-2.14	
-3.24	-7.14	1.32	
-3.16	-5.05	2.8	
-3.2	-6.24	8.43	
-3.63	-3.7	6.97	
-3.7	-0.58	10.3	
-1.23	1.96	6	
-0.6	1.36	3.2	
-1.24	1.85	-1.02	
-0.52	-0.06	-2.07	
1.79	1.24	-5.16	
1.9	1.75	-9.37	
1.67	1.83	-5.94	
2.18	3.06	-9.22	
1.6	0.93	-7.81	
1.77	1.98	-8.52	
-0.57	1.31	-5.1	
-1.2	1.41	-7.67	
-3.48	-1.06	-2.36	
-3.03	0.34	-3.77	
-3.28	-0.94	1.12	
-3.27	-2.89	1.93	
-3.74	0.18	5.44	
-3.89	-3.93	11.07	
-0.1	-2.17	6.57	
