GRT_PIPELINE_FILE_V3.0
PipelineMode: CLASSIFICATION_MODE
NumPreprocessingModules: 1
NumFeatureExtractionModules: 0
NumPostprocessingModules: 0
Trained: 1
Info: 
PreProcessingModuleDatatypes:	MovingAverageFilter
FeatureExtractionModuleDatatypes:
ClassificationModuleDatatype:	DTW
PostProcessingModuleDatatypes:
PreProcessingModule_1
GRT_MOVING_AVERAGE_FILTER_FILE_V1.0
NumInputDimensions: 3
NumOutputDimensions: 3
FilterSize: 2
GRT_DTW_Model_File_V2.0
Trained: 1
UseScaling: 0
NumInputDimensions: 3
NumOutputDimensions: 0
NumTrainingIterationsToConverge: 3
MinNumEpochs: 0
MaxNumEpochs: 100
ValidationSetSize: 20
LearningRate: 0.1
MinChange: 1e-05
UseValidationSet: 0
RandomiseTrainingOrder: 1
UseNullRejection: 0
ClassifierMode: 1
NullRejectionCoeff: 3
NumClasses: 9
NullRejectionThresholds:  0 0 0 0 0 0 0 0 0
ClassLabels:  2 7 4 8 6 3 1 9 5
DistanceMethod: 1
UseSmoothing: 0
SmoothingFactor: 5
UseZNormalisation: 0
OffsetUsingFirstSample: 0
ConstrainWarpingPath: 1
Radius: 0.2
RejectionMode: 0
NumberOfTemplates: 9
OverallAverageTemplateLength: 35
***************TEMPLATE***************
Template: 1
ClassLabel: 2
TimeSeriesLength: 22
TemplateThreshold: 116.515
TrainingMu: 28.309
TrainingSigma: 29.4018
AverageTemplateLength: 24
TimeSeries: 
-0.69	1.365	0.595	
-1.285	0.96	-0.49	
-1.145	1.325	-2.63	
-0.85	0.955	-3.905	
-0.6	0.72	-4.055	
-0.155	-0.83	-3.115	
-0.61	-2.105	-4.095	
-0.67	-3.675	-2.935	
-0.7	-4.67	-0.865	
-2.39	-5.475	1.705	
-3.47	-5.305	5.21	
-3.46	-4.1	5.9	
-3.46	-3.025	6.31	
-2.89	-1.395	6.02	
-2.845	0.74	5.955	
-3.215	4.18	6.58	
-3.45	4.805	4.27	
-3.35	4.425	1.555	
-3.05	3.5	1.03	
-3.195	3.805	-0.105	
-3.36	3.875	-1.385	
-2.21	2.675	-4.45	
***************TEMPLATE***************
Template: 2
ClassLabel: 7
TimeSeriesLength: 33
TemplateThreshold: 217.17
TrainingMu: 53.0258
TrainingSigma: 54.7147
AverageTemplateLength: 35
TimeSeries: 
1.095	0.12	2.575	
0.365	2.81	4.205	
-0.51	4.41	3.725	
-1.02	2.955	1.255	
-0.665	1.595	-0.7	
-0.64	1.595	-2.985	
-0.945	1.03	-5.225	
-0.64	-0.69	-5.57	
-0.485	-1.405	-5.095	
-0.315	-2.415	-4.865	
-0.34	-3.41	-4.12	
-0.385	-3.59	-4.22	
-0.49	-4.495	-2.92	
-0.695	-5.525	0.1	
-0.67	-5.41	0.82	
-0.71	-5.225	3.13	
-0.545	-3.695	5.435	
-0.405	-2.42	6.165	
-0.485	-1.9	6.75	
-0.66	0.015	6.635	
-0.86	2.105	5.39	
-0.9	3.03	2.22	
-0.595	2.07	0.23	
-0.26	1	-0.3	
-0.31	1.295	-1.54	
-0.24	1.83	-4.145	
-0.08	2	-6.595	
-0.08	2.67	-8.435	
-0.395	2.195	-8.44	
-0.89	1.69	-6.755	
-0.615	0.65	-3.24	
-0.565	-1.02	0.285	
-0.59	-0.975	0.57	
***************TEMPLATE***************
Template: 3
ClassLabel: 4
TimeSeriesLength: 44
TemplateThreshold: 343.978
TrainingMu: 84.2834
TrainingSigma: 86.5648
AverageTemplateLength: 46
TimeSeries: 
0.49	1.985	1.755	
-0.57	3.305	1.415	
-0.575	4.255	0.215	
-0.845	2.94	-0.715	
-1.075	1.31	-2.475	
-0.495	-0.825	-4.16	
-0.255	-2.86	-3.915	
-0.845	-3.285	-3.565	
-0.77	-5.035	-2.295	
-0.645	-7.065	-0.625	
0.19	-6.44	-1.175	
0.385	-5.25	-0.53	
-0.375	-3.935	0.64	
-0.28	-1.84	0.55	
-0.84	-0.055	1.17	
-2.08	1.415	1.205	
-2.785	2.61	0.385	
-1.785	4.015	-0.535	
-0.995	5.17	0.675	
-0.79	5.22	2.32	
-0.31	5.65	1.845	
-0.2	5.685	4.14	
-0.57	4.365	5.12	
-1.02	2.165	3.83	
-0.815	0.64	4.09	
-0.75	-1.23	3.735	
-0.79	-3.38	3.09	
-0.47	-4.125	1.9	
-0.475	-4.44	1.38	
0.425	-4.66	0.06	
0.11	-6.14	-0.82	
-0.665	-5.78	-2.405	
-0.37	-5.05	-3.905	
-0.58	-4.44	-4.355	
-0.48	-2.985	-3.96	
-0.78	-1.465	-0.8	
-0.905	-1.075	1.515	
-0.855	1.84	2.2	
-0.64	4.44	3.605	
-0.66	5.245	2.795	
-0.875	7.07	0.575	
-0.66	7.81	-1.42	
-0.565	6.24	-2.31	
-0.35	2.57	-2.21	
***************TEMPLATE***************
Template: 4
ClassLabel: 8
TimeSeriesLength: 35
TemplateThreshold: 254.864
TrainingMu: 54.423
TrainingSigma: 66.8136
AverageTemplateLength: 37
TimeSeries: 
1.98	-0.84	1.635	
1.04	-0.215	2.685	
-0.035	0.13	3.795	
-0.095	1.47	2.115	
-0.31	3.165	0.82	
0.85	3.1	-2.2	
1.995	1.925	-5.2	
1.925	0.605	-6.05	
2.205	-1.34	-6.845	
2.105	-3.215	-6.045	
1.8	-4.125	-5.315	
0.32	-3.96	-4.04	
-0.655	-3.46	-2.435	
-0.705	-4.97	1.94	
-1.18	-5.74	5.14	
-1.905	-5.085	6.84	
-1.67	-4.48	8.075	
-0.6	-1.97	6.145	
-1.6	1.265	6.575	
-1.485	3.625	5.495	
-0.73	3.45	3.505	
-0.79	2.49	1.71	
-0.29	1.525	-1.305	
1.125	-0.035	-4.215	
2.37	-0.775	-6.39	
2.365	-1.22	-6.905	
3.4	-1.9	-7.58	
4.12	-2.32	-7.355	
3.075	-2.33	-5.405	
2	-1.29	-5.045	
0.715	-0.43	-5.69	
-0.34	-0.735	-4.625	
-0.265	-0.225	-2.595	
-0.69	-2.22	1.17	
-2.235	-3.695	5.825	
***************TEMPLATE***************
Template: 5
ClassLabel: 6
TimeSeriesLength: 45
TemplateThreshold: 280.889
TrainingMu: 69.6601
TrainingSigma: 70.4095
AverageTemplateLength: 46
TimeSeries: 
-0.755	-1.68	0.935	
-0.805	0.755	0.44	
-1.135	3.615	0.305	
-0.825	3.965	-0.565	
-0.795	1.895	-1.52	
-1.065	-0.505	-2.315	
-1.115	-1.295	-2.805	
-1.945	-2.87	-2.42	
-2.69	-4.695	-2.09	
-1.91	-6.485	-2.145	
-1.22	-7.015	-1.74	
-2.025	-5.685	-1	
-2.955	-4.47	-0.145	
-2.82	-1.905	-0.93	
-2.69	-0.11	-1.035	
-1.89	0.85	-1.02	
-0.54	2.115	-2.345	
-0.355	2.095	-1.6	
-0.65	2.23	-1.58	
-0.37	3.205	-1.355	
-0.24	4.66	0.15	
-0.75	4.505	2.815	
-0.885	3.675	4.17	
-0.655	2.51	4.855	
-0.61	1.23	4.805	
-0.93	-0.57	3.225	
-2.01	-2.63	2.29	
-2.805	-3.93	1.55	
-3.065	-5.72	1.015	
-3.475	-6.405	0.445	
-3.72	-5.76	-0.255	
-3.42	-5.245	-2.515	
-3.08	-5.18	-3.32	
-2.14	-3.955	-3.465	
-2.055	-3.075	-2.525	
-1.74	-2.55	-1.63	
-0.715	-0.83	-0.595	
-0.75	0.825	0.965	
-0.93	1.8	1.235	
-0.76	2.84	1.74	
-0.675	2.8	2.185	
-0.69	2.955	1.71	
-0.29	2.98	0.665	
-0.36	2.48	-0.57	
-0.695	1.5	-2.685	
***************TEMPLATE***************
Template: 6
ClassLabel: 3
TimeSeriesLength: 29
TemplateThreshold: 400.436
TrainingMu: 98.1609
TrainingSigma: 100.758
AverageTemplateLength: 29
TimeSeries: 
0.505	2.2	0.8	
-0.49	3.175	0.965	
-0.25	4.205	-1.2	
-0.395	3.855	-3.15	
-0.565	2.27	-5.085	
-0.345	2.17	-4.885	
-0.445	1.315	-5.15	
-0.975	-0.99	-3.83	
-0.565	-1.475	-5.1	
-1.395	-1.725	-6.06	
-3.14	-3.425	-0.655	
-3.125	-3.35	-0.43	
-2.97	-5.825	-1.165	
-3.525	-6.77	2.715	
-3.34	-4.535	4.045	
-2.775	-4.415	4.825	
-2.89	-3.53	5.37	
-3.325	-3.475	6.11	
-3.405	-0.96	7.355	
-3.265	2.11	7.52	
-3.195	3.24	6.405	
-2.87	3.685	4.725	
-2.805	4.09	3.655	
-3.21	4.975	2.495	
-3.08	5.905	0.375	
-1.555	5.785	-2.935	
-0.56	4.65	-4.52	
-0.91	2.93	-4.85	
-0.655	0.8	-5.99	
***************TEMPLATE***************
Template: 7
ClassLabel: 1
TimeSeriesLength: 25
TemplateThreshold: 146.178
TrainingMu: 31.7962
TrainingSigma: 38.1273
AverageTemplateLength: 24
TimeSeries: 
-0.51	3.47	1.97	
-0.88	5.08	2.215	
-0.995	5.25	0.295	
-1.06	3.055	-2.78	
-1.045	0.755	-4.435	
-1.105	-1.005	-4.09	
-0.8	-1.94	-4.48	
-0.56	-3.965	-4.12	
-0.68	-5.795	-2.63	
-0.435	-5.67	-1.865	
-0.59	-5.535	0.71	
-0.835	-5.805	3.2	
-0.425	-5.775	4.215	
-0.46	-4.145	4.65	
-0.365	-2.635	6.68	
-0.615	-0.32	7.69	
-0.925	2.345	5.635	
-0.74	4.475	4.49	
-0.85	5.865	3.17	
-1.825	5.5	1.98	
-1.805	5.145	0.065	
-0.95	3.675	-1.255	
-1.065	2.33	-1.835	
-1.115	0.14	-1.325	
-0.78	-1.485	-1.21	
***************TEMPLATE***************
Template: 8
ClassLabel: 9
TimeSeriesLength: 36
TemplateThreshold: 290.813
TrainingMu: 65.8213
TrainingSigma: 74.9974
AverageTemplateLength: 38
TimeSeries: 
2.13	-0.225	-0.255	
2.03	-1.09	1.715	
0.625	-0.325	4.535	
-0.545	3.01	3.675	
-0.63	4.955	1.185	
0.405	3.005	-2.795	
0.52	1.095	-5.165	
-0.215	-0.23	-6.745	
-0.235	-1.34	-7.67	
-0.575	-2.355	-7.38	
-0.61	-4.705	-5.925	
-1.57	-5.735	-3.095	
-3.065	-6.46	-0.045	
-3.335	-7.26	2	
-3.42	-7.11	4.095	
-3.51	-5.905	7.225	
-3.2	-3.5	8.15	
-2.82	-1.73	8.08	
-2.845	1.23	7.415	
-2.11	3.4	4.26	
-0.68	3.19	1.555	
0.8	2.83	-1.93	
0.48	2.325	-2.91	
0.735	1.815	-4.475	
1.895	1.66	-8.495	
1.775	1.255	-9.12	
2.11	0.59	-8.575	
2.17	0.495	-8.395	
1.03	0.665	-6.37	
-0.705	0.865	-5.025	
-2.53	0.53	-2.2	
-3.195	-0.61	2.72	
-1.995	-0.32	2.01	
-2.44	-1.66	3.645	
-2.23	-3.85	7.255	
-0.905	-3.23	8.915	
***************TEMPLATE***************
Template: 9
ClassLabel: 5
TimeSeriesLength: 38
TemplateThreshold: 214.528
TrainingMu: 55.9511
TrainingSigma: 52.859
AverageTemplateLength: 41
TimeSeries: 
-0.74	3.34	-1.02	
-0.815	2.555	-2.155	
-1.015	2.06	-2.565	
-0.805	1.295	-2.745	
-0.65	-0.885	-3.48	
-0.535	-4.15	-3.565	
-0.55	-5.655	-0.855	
-0.74	-6.35	1.285	
-0.545	-7.2	1.935	
-0.63	-5.445	3.2	
-0.94	-3.225	2.605	
-0.925	-0.92	-0.465	
-0.76	0.805	-2.27	
-0.78	2.355	-2.645	
-0.455	2.95	-3.24	
-0.135	3.92	-2.87	
-0.66	6.45	-0.81	
-0.84	6.72	0.69	
-0.42	5.315	1.095	
-0.675	2.7	2.975	
-1.03	0.855	4.495	
-1.11	-0.65	4.785	
-0.695	-3.195	4.465	
-0.29	-4.7	3.72	
-0.17	-5.085	3.13	
-0.155	-5.53	2.215	
-0.515	-4.73	1.445	
-0.9	-4.09	-0.675	
-0.71	-4.025	-1.59	
-0.76	-2.835	-1.43	
-0.91	-1.465	-1.02	
-0.88	-0.43	-0.935	
-1.025	1.04	0.305	
-0.525	3.035	1.305	
-0.2	4.56	0.215	
-0.165	5.385	-0.165	
-0.56	4.71	-0.895	
-1.015	3.2	-1.92	
