GRT_DTW_Model_File_V2.0
Trained: 1
UseScaling: 0
NumInputDimensions: 6
NumOutputDimensions: 1
NumTrainingIterationsToConverge: 0
MinNumEpochs: 0
MaxNumEpochs: 100
ValidationSetSize: 20
LearningRate: 0.1
MinChange: 1e-05
UseValidationSet: 0
RandomiseTrainingOrder: 1
UseNullRejection: 0
ClassifierMode: 1
NullRejectionCoeff: 3
NumClasses: 3
NullRejectionThresholds:  0 0 0
ClassLabels:  3 2 1
DistanceMethod: 1
UseSmoothing: 0
SmoothingFactor: 5
UseZNormalisation: 0
OffsetUsingFirstSample: 0
ConstrainWarpingPath: 1
Radius: 0.2
RejectionMode: 0
NumberOfTemplates: 3
OverallAverageTemplateLength: 23
***************TEMPLATE***************
Template: 1
ClassLabel: 3
TimeSeriesLength: 27
TemplateThreshold: 324.326
TrainingMu: 134.077
TrainingSigma: 63.4163
AverageTemplateLength: 26
TimeSeries: 
196.5	-4.25	-3.5625	-0.09	-0.33	3.18	
196.5	-4.625	-3.9375	-0.55	-0.09	7.26	
196.938	-3.25	-4.0625	0.54	0.54	2.95	
197.688	-0.3125	-5.6875	0.47	1.42	1.84	
197.625	2.25	-6.9375	-0.71	0.27	1.13	
197.625	5.4375	-8.125	-0.56	-0.58	-0.59	
198	8.1875	-9	-0.5	-0.96	-2.99	
198.875	11.3125	-9.5	-1	-0.29	-4.4	
198.938	13.3125	-10.25	-0.89	-1.13	-4.64	
199.375	13.125	-9.6875	-0.85	-0.12	-1.72	
199.812	13.0625	-9.5	-0.58	-0.68	-0.44	
200.688	12.75	-9.25	-0.7	-0.69	-3.26	
201.688	11.75	-9.4375	-1.14	-0.85	-6.4	
204.375	7.5625	-9.8125	-0.43	5.69	-4	
203.438	1.1875	-8.4375	-0.98	5.6	3.35	
200	-4.4375	-4.25	-0.42	4.34	7.5	
192.812	-6.3125	2.1875	-0.12	0.75	8.49	
184.688	-4.375	8.9375	-1.06	-6.82	4.83	
179.875	-0.4375	12.9375	-2.19	-8.49	0.09	
179.438	6.9375	11.25	-2.14	-5.61	-3.97	
182.188	13.5625	6.875	-2.97	-3.22	-5.55	
188.438	17	2.375	-3.68	-0.19	-7.37	
197.5	15.625	-3.0625	-2.41	5.09	-7.08	
202.625	11.3125	-5.25	-0.74	4.36	-3.34	
204.25	5.8125	-6.4375	-0.43	3.64	4.88	
203.188	2.75	-5.25	0.41	-0.14	4.17	
202.875	1.5	-4.875	0.84	0.66	2.1	
***************TEMPLATE***************
Template: 2
ClassLabel: 2
TimeSeriesLength: 24
TemplateThreshold: 247.341
TrainingMu: 131.226
TrainingSigma: 38.7053
AverageTemplateLength: 29
TimeSeries: 
191.938	-4.375	-5.8125	-0.11	-3.54	-1.92	
193.25	-5.9375	-8.5625	0.6	-5.98	2.05	
198.125	-8.4375	-9.875	-0.62	-4.91	8.75	
205.125	-8	-10.375	-2.32	3.46	4.3	
213.375	-4	-12.0625	-0.16	17.92	-1.3	
210.375	3.8125	-8	-4.77	5.64	-7.98	
203.312	10.125	-4.0625	-4.1	5.81	-6.43	
193.125	10.8125	2.0625	-1.72	-0.22	-2.01	
183.688	8.4375	13.75	-2.51	-8.76	8.96	
176.312	11.3125	22.1875	-2.57	-14.86	-0.4	
176.75	16.5625	25.375	-2.8	-9.99	-6.28	
183.938	23.125	23.625	-4.58	-3.15	-9.42	
194.938	26.125	17.1875	-8.11	1.16	-5.76	
208.312	24.25	6.0625	-8.71	5.88	-4.26	
217.125	18.8125	-3.875	-1	21.15	0.38	
211.25	14.75	-7.6875	-3.76	10.33	1.49	
200.438	11.5625	-8.1875	-4.48	5.29	2.89	
191	9.4375	-2.25	-2.61	-1.04	0.48	
179.125	7.3125	3	-3.17	-11.89	-1.97	
174	4	2.8125	-1.63	-10.58	-2.46	
175.812	-1	1.0625	0.36	-6.68	-0.43	
180.188	-5.9375	0.9375	-1.4	-5.47	4.84	
185.875	-8.25	0	-0.21	2.81	4.4	
192.25	-8.125	-0.375	0.81	7.92	2.13	
***************TEMPLATE***************
Template: 3
ClassLabel: 1
TimeSeriesLength: 13
TemplateThreshold: 909.613
TrainingMu: 180.848
TrainingSigma: 242.922
AverageTemplateLength: 14
TimeSeries: 
171.875	-2.6875	-6.3125	1.37	-6.05	1.74	
176.062	-3.75	-8.125	-0.24	-5.05	6.77	
183.312	-2.4375	-13.0625	0.08	6.16	9.56	
188.812	1.75	-17.625	-4.1	11.1	4.98	
191.438	6.625	-20.875	-5.11	9.84	-5.25	
189.188	12.625	-21.6875	-7.36	4.66	-7.96	
183.188	17.375	-20.0625	-6.95	-1.1	-11.44	
173.188	19.75	-17	-5.22	-9.45	-11.73	
164.562	16.875	-11.25	-1.91	-15.78	-9.68	
160.062	7.4375	-9	-1.46	-14.18	2.65	
163	-2.6875	-5.1875	-2.77	0.8	19.57	
168.625	-7.3125	-5.0625	-2.43	6.71	11.14	
173.875	-6.4375	-4.5	1.36	5.53	0.49	
