GRT_PIPELINE_FILE_V3.0
PipelineMode: CLASSIFICATION_MODE
NumPreprocessingModules: 1
NumFeatureExtractionModules: 0
NumPostprocessingModules: 0
Trained: 1
Info: 
PreProcessingModuleDatatypes:	MovingAverageFilter
FeatureExtractionModuleDatatypes:
ClassificationModuleDatatype:	DTW
PostProcessingModuleDatatypes:
PreProcessingModule_1
GRT_MOVING_AVERAGE_FILTER_FILE_V1.0
NumInputDimensions: 5
NumOutputDimensions: 5
FilterSize: 4
GRT_DTW_Model_File_V2.0
Trained: 1
UseScaling: 0
NumInputDimensions: 5
NumOutputDimensions: 1
NumTrainingIterationsToConverge: 3666458941
MinNumEpochs: 0
MaxNumEpochs: 100
ValidationSetSize: 20
LearningRate: 0.1
MinChange: 1e-05
UseValidationSet: 0
RandomiseTrainingOrder: 1
UseNullRejection: 0
ClassifierMode: 1
NullRejectionCoeff: 3
NumClasses: 3
NullRejectionThresholds:  0 0 0
ClassLabels:  2 3 1
DistanceMethod: 1
UseSmoothing: 0
SmoothingFactor: 5
UseZNormalisation: 0
OffsetUsingFirstSample: 0
ConstrainWarpingPath: 1
Radius: 0.2
RejectionMode: 0
NumberOfTemplates: 3
OverallAverageTemplateLength: 41
***************TEMPLATE***************
Template: 1
ClassLabel: 2
TimeSeriesLength: 46
TemplateThreshold: 285.402
TrainingMu: 121.171
TrainingSigma: 54.7436
AverageTemplateLength: 47
TimeSeries: 
-1.15625	3.65625	-0.16	-0.205	-0.035	
-1.14583	3.70833	0.366667	-0.136667	-0.04	
-1.15625	3.73438	0.595	-0.1325	-0.0375	
-1.17188	3.75	0.6325	-0.0975	-0.0075	
-1.21875	3.76562	0.65	-0.0825	-0.0125	
-1.26562	3.75	0.285	-0.06	-0.0475	
-1.28125	3.70312	-0.13	-0.1325	-0.37	
-1.34375	3.67188	-0.1675	-0.915	-0.845	
-1.67188	3.59375	-0.2175	-2.5375	-0.5625	
-2.23438	3.15625	-0.4125	-3.9925	0.4025	
-2.89062	2.125	0.1175	-4.1775	2.9075	
-3.20312	0.78125	-0.1375	-2.3875	5.785	
-1.9375	-0.640625	-0.2525	1.94	5.965	
0.609375	-0.984375	-0.8625	5.9225	4.475	
4.26562	0.015625	-1.455	8.6875	0.56	
8.29688	2.09375	-1.295	9.495	-3.315	
10.5156	4.98438	-1.28	7.2975	-3.8875	
11.0312	7.42188	-0.715	4.4375	-2.755	
9.90625	9.34375	-1.3025	0.2025	-0.1175	
7.76562	10.7656	-1.8125	-3.675	2.4425	
6.71875	12.0781	-2.57	-6.6775	2.71	
7.28125	13.5312	-3.1425	-8.7075	1.235	
9.82812	14.9062	-3.115	-8.205	-1.2875	
13.6562	15.875	-3.1825	-6.19	-4.225	
17.4375	15.7969	-2.4475	-2.94	-6.36	
20.25	14.7656	-2.2825	0.5375	-6.85	
21.2188	12.8125	-1.7225	3.5775	-6.335	
20.5625	10.0781	-1.73	5.61	-4.84	
18.4688	6.70312	-1.7375	7.905	-2.0975	
15.9062	3.48438	-0.7275	8.9925	0.0675	
13.4531	1.21875	-0.1475	8.13	1.94	
9.48438	0.171875	0.385	5.3675	2.685	
7.95312	0.984375	0.4425	0.725	1.8075	
6.5	2.5625	0.455	-3.365	0.755	
4.82812	4.0625	-0.19	-6.01	-0.2	
4.64062	5.25	-0.185	-6.3725	-0.33	
2.59375	5.51562	-0.135	-4.7425	0.63	
0.84375	5.39062	-0.575	-3.1525	1.275	
-0.203125	4.875	-0.3675	-1.375	1.835	
-0.53125	4.34375	0.16	-0.295	1.835	
-0.46875	3.9375	0.14	-0.1275	1.365	
-0.03125	3.59375	0.0975	0.4625	1.1175	
0.71875	3.42188	0.5575	0.9875	0.75	
1.42188	3.29688	0.1875	1.4	0.435	
2.04688	3.15625	0.675	1.395	-0.0325	
2.375	2.78125	1.1825	1.24	-0.19	
***************TEMPLATE***************
Template: 2
ClassLabel: 3
TimeSeriesLength: 41
TemplateThreshold: 349.196
TrainingMu: 114.315
TrainingSigma: 78.2939
AverageTemplateLength: 42
TimeSeries: 
0.8125	2.75	0.65	-0.095	0.03	
0.8125	2.6875	0.423333	-0.01	0.0533333	
0.796875	2.65625	0.29	0.01	0.09	
0.78125	2.59375	0.2975	0.0325	0.0675	
0.765625	2.53125	0.29	-0.05	0.12	
0.75	2.42188	0.735	-0.595	0.2775	
0.671875	2.01562	0.565	-0.4325	1.5325	
0.796875	1.23438	0.5275	1.3125	3.4075	
1.59375	0.234375	-0.05	3.3225	3.8125	
3.5625	-0.609375	-0.665	5.5325	2.595	
6.59375	-1	-0.695	6.175	-1.24	
9.98438	-0.359375	-1.4775	4.1575	-6.1625	
12.375	0.921875	-1.52	0.375	-9.31	
12.5781	1.875	-2.035	-4.165	-9.4	
10.25	2.1875	-2.4675	-7.395	-6.3525	
6.09375	1.45312	-1.9575	-9.1875	-1.585	
1.29688	-0.078125	-1.7525	-7.735	4.0175	
-3.28125	-1.64062	-1.2475	-4.2175	8.7075	
-6.04688	-2.46875	-0.1975	-0.0675	11.4125	
-6.71875	-2.625	0.015	4.285	11.67	
-4.78125	-1.90625	-0.0625	5.8775	8.7325	
-0.9375	-0.515625	-0.63	5.225	3.8725	
3.82812	0.921875	-1.7975	3.3775	-1.2475	
8.60938	2.34375	-1.8425	0.8125	-5.335	
12.2656	3.57812	-1.7425	-0.4125	-7.4	
14.9062	4.375	-1.17	-0.5825	-8.09	
15.9844	4.90625	-0.6875	-0.94	-8.48	
15.3594	5	-0.6275	-0.54	-7.8875	
12.875	4.6875	-0.7775	-0.2775	-5.88	
8.64062	4.20312	-0.8575	-0.36	-3.7525	
3.6875	3.6875	-1.3075	0.355	0.4	
-1.625	3.48438	-1.325	0.075	3.4775	
-5.82812	2.98438	-0.6675	0.5275	5.7675	
-8.29688	2.8125	-0.065	0.445	6.725	
-9.21875	2.65625	1.1475	0.2025	5.435	
-8.375	2.5625	1.5925	0.32	3.8125	
-7	3	1.065	-0.3	1.6	
-5.39062	3.39062	0.6275	-0.015	0.32	
-4.0625	3.73438	0.0825	-0.05	-0.4075	
-3.21875	3.65625	0.0625	0.255	-0.535	
-2.73438	3.4375	-0.135	0.1025	-0.5575	
***************TEMPLATE***************
Template: 3
ClassLabel: 1
TimeSeriesLength: 36
TemplateThreshold: 572.449
TrainingMu: 107.776
TrainingSigma: 154.891
AverageTemplateLength: 35
TimeSeries: 
1.09375	0.28125	0.645	0	0.155	
1.10417	0.270833	0.426667	0.03	0.156667	
1.125	0.28125	0.3125	0.005	0.185	
1.17188	0.28125	0.2975	-0.0025	0.195	
1.20312	0.296875	0.3075	-0.0025	0.1425	
1.23438	0.3125	0.3075	-0.0625	-0.04	
1.20312	0.328125	0.6525	-1.0125	-0.64	
0.875	0.25	0.52	-2.8675	-0.99	
0.34375	-0.375	0.095	-4.1875	0	
0.0625	-1.85938	0.0525	-4.255	2.23	
0	-4.03125	0.2625	-2.6825	5.3375	
0.390625	-6.5625	-0.3875	1.585	8.015	
1.1875	-9.53125	-1.01	4.9525	7.5175	
2.40625	-11.875	-0.4	7.6075	4.1925	
3.98438	-12.9219	-1.0975	8.225	-0.11	
6.01562	-12.8906	-0.505	6.6125	-4.21	
8.45312	-11.2969	-0.1125	4.49	-6.9225	
10.8594	-8.6875	-0.78	1.5725	-7.625	
12.8594	-5.98438	-0.805	-0.24	-7.44	
14.0156	-3.21875	-0.6275	-1.94	-7.2975	
14.1875	-0.75	-0.5575	-3.1325	-6.2475	
13.0625	0.875	-0.7325	-4.0675	-4.8125	
11.1094	1.45312	-0.84	-5.15	-3.3675	
8.76562	1.04688	-0.9775	-5.05	-0.745	
6.1875	0.546875	-0.3175	-4.735	1.2275	
3.79688	0.28125	-0.3075	-3.5925	2.7225	
1.8125	0.453125	-0.0275	-1.38	3.7925	
0.375	1.01562	0.1275	0.0075	3.575	
-0.390625	1.26562	-0.425	1.83	3.4475	
-0.703125	1.3125	0.215	2.495	2.755	
-0.53125	1.23438	0.355	2.4025	2.0825	
-0.078125	1.07812	0.325	2	1.3025	
0.375	1.03125	0.31	1.26	0.7375	
0.703125	1.04688	-0.0875	0.775	0.4425	
0.796875	0.96875	-0.31	0.28	0.135	
0.53125	0.6875	0.115	0.1525	0.1625	
