GRT_PIPELINE_FILE_V3.0
PipelineMode: CLASSIFICATION_MODE
NumPreprocessingModules: 1
NumFeatureExtractionModules: 0
NumPostprocessingModules: 0
Trained: 1
Info: 
PreProcessingModuleDatatypes:	MovingAverageFilter
FeatureExtractionModuleDatatypes:
ClassificationModuleDatatype:	DTW
PostProcessingModuleDatatypes:
PreProcessingModule_1
GRT_MOVING_AVERAGE_FILTER_FILE_V1.0
NumInputDimensions: 5
NumOutputDimensions: 5
FilterSize: 4
GRT_DTW_Model_File_V2.0
Trained: 1
UseScaling: 0
NumInputDimensions: 5
NumOutputDimensions: 1
NumTrainingIterationsToConverge: 3666458941
MinNumEpochs: 0
MaxNumEpochs: 100
ValidationSetSize: 20
LearningRate: 0.1
MinChange: 1e-05
UseValidationSet: 0
RandomiseTrainingOrder: 1
UseNullRejection: 0
ClassifierMode: 1
NullRejectionCoeff: 3
NumClasses: 3
NullRejectionThresholds:  0 0 0
ClassLabels:  3 2 1
DistanceMethod: 1
UseSmoothing: 0
SmoothingFactor: 5
UseZNormalisation: 0
OffsetUsingFirstSample: 0
ConstrainWarpingPath: 1
Radius: 0.2
RejectionMode: 0
NumberOfTemplates: 3
OverallAverageTemplateLength: 42
***************TEMPLATE***************
Template: 1
ClassLabel: 3
TimeSeriesLength: 41
TemplateThreshold: 328.309
TrainingMu: 107.029
TrainingSigma: 73.7601
AverageTemplateLength: 42
TimeSeries: 
0.8125	2.75	0.65	-0.095	0.03	
0.8125	2.6875	0.423333	-0.01	0.0533333	
0.796875	2.65625	0.29	0.01	0.09	
0.78125	2.59375	0.2975	0.0325	0.0675	
0.765625	2.53125	0.29	-0.05	0.12	
0.75	2.42188	0.735	-0.595	0.2775	
0.671875	2.01562	0.565	-0.4325	1.5325	
0.796875	1.23438	0.5275	1.3125	3.4075	
1.59375	0.234375	-0.05	3.3225	3.8125	
3.5625	-0.609375	-0.665	5.5325	2.595	
6.59375	-1	-0.695	6.175	-1.24	
9.98438	-0.359375	-1.4775	4.1575	-6.1625	
12.375	0.921875	-1.52	0.375	-9.31	
12.5781	1.875	-2.035	-4.165	-9.4	
10.25	2.1875	-2.4675	-7.395	-6.3525	
6.09375	1.45312	-1.9575	-9.1875	-1.585	
1.29688	-0.078125	-1.7525	-7.735	4.0175	
-3.28125	-1.64062	-1.2475	-4.2175	8.7075	
-6.04688	-2.46875	-0.1975	-0.0675	11.4125	
-6.71875	-2.625	0.015	4.285	11.67	
-4.78125	-1.90625	-0.0625	5.8775	8.7325	
-0.9375	-0.515625	-0.63	5.225	3.8725	
3.82812	0.921875	-1.7975	3.3775	-1.2475	
8.60938	2.34375	-1.8425	0.8125	-5.335	
12.2656	3.57812	-1.7425	-0.4125	-7.4	
14.9062	4.375	-1.17	-0.5825	-8.09	
15.9844	4.90625	-0.6875	-0.94	-8.48	
15.3594	5	-0.6275	-0.54	-7.8875	
12.875	4.6875	-0.7775	-0.2775	-5.88	
8.64062	4.20312	-0.8575	-0.36	-3.7525	
3.6875	3.6875	-1.3075	0.355	0.4	
-1.625	3.48438	-1.325	0.075	3.4775	
-5.82812	2.98438	-0.6675	0.5275	5.7675	
-8.29688	2.8125	-0.065	0.445	6.725	
-9.21875	2.65625	1.1475	0.2025	5.435	
-8.375	2.5625	1.5925	0.32	3.8125	
-7	3	1.065	-0.3	1.6	
-5.39062	3.39062	0.6275	-0.015	0.32	
-4.0625	3.73438	0.0825	-0.05	-0.4075	
-3.21875	3.65625	0.0625	0.255	-0.535	
-2.73438	3.4375	-0.135	0.1025	-0.5575	
***************TEMPLATE***************
Template: 2
ClassLabel: 2
TimeSeriesLength: 41
TemplateThreshold: 260.445
TrainingMu: 117.074
TrainingSigma: 47.7904
AverageTemplateLength: 48
TimeSeries: 
-1.78125	2.65625	0.68	0.05	0.01	
-1.75	2.66667	0.42	0.00333333	0.0266667	
-1.71875	2.6875	0.31	-0.0275	-0.0025	
-1.65625	2.71875	-0.0775	-0.0025	-0.0175	
-1.625	2.75	-0.09	-0.1	-0.1175	
-1.65625	2.76562	-0.095	-0.7825	-0.3975	
-1.9375	2.90625	-0.17	-2.985	0.015	
-2.70312	2.84375	-0.425	-5.1675	1.7275	
-3.54688	1.625	-0.5075	-5.3875	3.7725	
-3.70312	-0.90625	-0.555	-1.72	5.7175	
-2.3125	-3.54688	-0.5425	3.955	4.8125	
0.96875	-4.6875	-0.4725	9.295	1.515	
4.96875	-3.25	-1.1475	12.3275	-1.72	
8.75	0.765625	-1.34	9.7925	-4.0975	
10.9219	5.5	-2.155	5.32	-2.42	
11.9219	9.6875	-1.59	-0.015	-0.45	
12.4375	13.1094	-1.5975	-7.09	1.345	
13.8438	15.125	-1.39	-10.2575	1.245	
16.5938	15.875	-0.8225	-11.415	-1.8325	
19.9688	14.875	-2.5725	-9.0025	-4.795	
23.5469	12.3594	-2.105	-2.685	-7.735	
25.1719	9.26562	-2.9375	2.315	-8.6375	
25	5.85938	-2.8475	7.91	-7.195	
22.7344	2.6875	-1.6575	10.3925	-4.405	
19.1875	0.296875	-2.065	10.86	-0.7	
15.8281	-0.875	-2.04	8.8225	1.7375	
13.2031	-0.78125	-2.1025	4.795	2.02	
11.4375	0.59375	-2.1375	0.545	1.16	
10.0781	2.76562	-1.4525	-4.295	-1.14	
8.48438	4.79688	-0.8475	-7.6575	-2.1175	
6.21875	6.53125	-0.1275	-9.095	-1.4325	
3.625	7.3125	0.115	-8.1675	0.5075	
1.01562	7.39062	0.1475	-5.055	2.95	
-0.546875	7.28125	0.255	-1.5175	3.72	
-0.96875	7.17188	-0.3175	1.0575	3.325	
-0.078125	7.14062	0.11	2.175	2.1425	
1.5	6.95312	0.4375	1.9175	0.9	
2.76562	6.51562	0.43	1.74	0.385	
3.5625	5.76562	0.4275	1.47	0.31	
3.84375	5.10938	-0.0525	1.085	0.245	
4.03125	4.4375	0.0625	0.7975	-0.0875	
***************TEMPLATE***************
Template: 3
ClassLabel: 1
TimeSeriesLength: 36
TemplateThreshold: 553.037
TrainingMu: 105.862
TrainingSigma: 149.058
AverageTemplateLength: 36
TimeSeries: 
1.09375	0.28125	0.645	0	0.155	
1.10417	0.270833	0.426667	0.03	0.156667	
1.125	0.28125	0.3125	0.005	0.185	
1.17188	0.28125	0.2975	-0.0025	0.195	
1.20312	0.296875	0.3075	-0.0025	0.1425	
1.23438	0.3125	0.3075	-0.0625	-0.04	
1.20312	0.328125	0.6525	-1.0125	-0.64	
0.875	0.25	0.52	-2.8675	-0.99	
0.34375	-0.375	0.095	-4.1875	0	
0.0625	-1.85938	0.0525	-4.255	2.23	
0	-4.03125	0.2625	-2.6825	5.3375	
0.390625	-6.5625	-0.3875	1.585	8.015	
1.1875	-9.53125	-1.01	4.9525	7.5175	
2.40625	-11.875	-0.4	7.6075	4.1925	
3.98438	-12.9219	-1.0975	8.225	-0.11	
6.01562	-12.8906	-0.505	6.6125	-4.21	
8.45312	-11.2969	-0.1125	4.49	-6.9225	
10.8594	-8.6875	-0.78	1.5725	-7.625	
12.8594	-5.98438	-0.805	-0.24	-7.44	
14.0156	-3.21875	-0.6275	-1.94	-7.2975	
14.1875	-0.75	-0.5575	-3.1325	-6.2475	
13.0625	0.875	-0.7325	-4.0675	-4.8125	
11.1094	1.45312	-0.84	-5.15	-3.3675	
8.76562	1.04688	-0.9775	-5.05	-0.745	
6.1875	0.546875	-0.3175	-4.735	1.2275	
3.79688	0.28125	-0.3075	-3.5925	2.7225	
1.8125	0.453125	-0.0275	-1.38	3.7925	
0.375	1.01562	0.1275	0.0075	3.575	
-0.390625	1.26562	-0.425	1.83	3.4475	
-0.703125	1.3125	0.215	2.495	2.755	
-0.53125	1.23438	0.355	2.4025	2.0825	
-0.078125	1.07812	0.325	2	1.3025	
0.375	1.03125	0.31	1.26	0.7375	
0.703125	1.04688	-0.0875	0.775	0.4425	
0.796875	0.96875	-0.31	0.28	0.135	
0.53125	0.6875	0.115	0.1525	0.1625	
