0.015266,-0.302386,0.779282,0.019587,0.370081
0.018349,-0.304574,0.784548,0.023383,0.370214
0.021277,-0.306653,0.789552,0.026942,0.370334
0.029829,-0.306705,0.792382,0.037627,0.369070
0.037953,-0.302908,0.795071,0.047699,0.363627
0.041824,-0.299301,0.797625,0.052388,0.358530
0.039733,-0.293952,0.796205,0.049862,0.353264
0.039670,-0.294639,0.794856,0.049866,0.354574
0.041532,-0.297214,0.793575,0.052288,0.357906
0.043302,-0.299661,0.792358,0.054595,0.361071
0.048829,-0.301986,0.789278,0.061787,0.364789
0.059849,-0.304194,0.786353,0.075963,0.368141
0.074164,-0.306292,0.783574,0.094368,0.371120
0.087764,-0.304439,0.782857,0.111641,0.368781
0.108376,-0.291140,0.778329,0.138352,0.354805
0.126034,-0.278506,0.774028,0.161412,0.341244
0.140886,-0.268427,0.768019,0.181424,0.331114
0.154995,-0.258852,0.762310,0.200589,0.321229
0.166476,-0.251679,0.754964,0.217036,0.314724
0.177383,-0.244864,0.744139,0.234007,0.309783
0.183899,-0.236467,0.731932,0.246156,0.303644
0.188165,-0.230413,0.720335,0.255510,0.300135
0.186449,-0.226584,0.711242,0.256378,0.298929
0.184819,-0.222948,0.704526,0.256551,0.297038
0.183271,-0.219492,0.698146,0.256718,0.295205
0.181799,-0.216210,0.690161,0.257565,0.294153
0.178479,-0.213092,0.680653,0.256443,0.294053
0.175324,-0.210130,0.671621,0.255348,0.293955
0.170404,-0.207315,0.661117,0.252261,0.294810
0.165730,-0.204642,0.651138,0.249232,0.295647
0.161290,-0.202102,0.641658,0.246262,0.296464
0.157071,-0.199689,0.630729,0.244067,0.298066
0.151141,-0.199320,0.620346,0.238983,0.302587
0.141661,-0.200893,0.608560,0.228707,0.311077
0.126885,-0.206233,0.597362,0.209299,0.325680
0.112849,-0.211306,0.586725,0.190016,0.339934
0.099514,-0.218048,0.574696,0.171459,0.357763
0.084923,-0.222530,0.565192,0.149139,0.371296
0.072984,-0.226788,0.554240,0.130930,0.385398
0.061643,-0.230834,0.543836,0.112867,0.399118
0.050868,-0.234677,0.535875,0.094642,0.411127
0.036787,-0.240250,0.534081,0.068770,0.421835
0.023409,-0.245546,0.532377,0.043942,0.431782
0.008777,-0.254422,0.534605,0.016416,0.444136
-0.003200,-0.262855,0.538644,-0.005942,0.453990
-0.016502,-0.268943,0.542481,-0.030410,0.460070
-0.029138,-0.274727,0.546126,-0.053304,0.465511
-0.043066,-0.280221,0.549589,-0.078201,0.470278
-0.060144,-0.283518,0.554802,-0.107984,0.470066
-0.076367,-0.286649,0.559754,-0.135593,0.469549
-0.093703,-0.289625,0.564458,-0.164504,0.468575
-0.110171,-0.290528,0.567005,-0.191913,0.466032
-0.125817,-0.289463,0.569424,-0.217460,0.460741
-0.138757,-0.288452,0.569799,-0.238869,0.457115
-0.149126,-0.287491,0.570155,-0.255823,0.453858
-0.158978,-0.284654,0.570493,-0.271772,0.448047
-0.168337,-0.281960,0.570815,-0.286777,0.442459
-0.177227,-0.279401,0.571120,-0.300894,0.437094
-0.185674,-0.276969,0.573333,-0.313191,0.430797
-0.197544,-0.276582,0.577359,-0.329665,0.425554
-0.212667,-0.278138,0.585030,-0.348663,0.420205
-0.230880,-0.281538,0.594240,-0.370579,0.415862
-0.252028,-0.284769,0.604912,-0.394765,0.409935
-0.274042,-0.287838,0.615051,-0.419155,0.403968
-0.296878,-0.290754,0.624683,-0.443649,0.397954
-0.318573,-0.293524,0.633834,-0.465735,0.392320
-0.339183,-0.296156,0.642527,-0.485709,0.387054
-0.356839,-0.296733,0.650785,-0.501553,0.380337
-0.371689,-0.297281,0.658630,-0.513784,0.374533
-0.381951,-0.297801,0.666083,-0.520652,0.369989
-0.391700,-0.298296,0.673164,-0.526988,0.365770
-0.400961,-0.292996,0.683736,-0.530379,0.354072
-0.409759,-0.287962,0.693780,-0.533492,0.343237
-0.418117,-0.283179,0.703322,-0.536357,0.333189
-0.427980,-0.276712,0.712387,-0.540985,0.321417
-0.437351,-0.270569,0.720998,-0.545251,0.310478
-0.444329,-0.262810,0.731102,-0.546100,0.298038
-0.450959,-0.253516,0.742624,-0.545734,0.283909
-0.463026,-0.242763,0.767031,-0.543107,0.264602
-0.476414,-0.230625,0.795987,-0.539330,0.243667
-0.492977,-0.222940,0.829265,-0.536347,0.227103
-0.508713,-0.215639,0.860879,-0.533719,0.212397
-0.527508,-0.210626,0.892835,-0.533645,0.200381
-0.547287,-0.207787,0.923193,-0.535123,0.191244
-0.566076,-0.207013,0.950110,-0.537326,0.185038
-0.583926,-0.206278,0.977605,-0.538434,0.179206
-0.600884,-0.205579,1.003724,-0.539429,0.173957
-0.616993,-0.202993,1.028538,-0.540327,0.167656
-0.632298,-0.200535,1.052111,-0.541140,0.161939
-0.646837,-0.198201,1.074506,-0.541878,0.156736
-0.658726,-0.192137,1.095780,-0.541263,0.149163
-0.670020,-0.184453,1.117915,-0.539940,0.140591
-0.680750,-0.175231,1.140865,-0.537987,0.131141
-0.689020,-0.162623,1.170360,-0.532088,0.119174
-0.696877,-0.148723,1.207996,-0.523251,0.106241
-0.704341,-0.137440,1.243750,-0.515274,0.095862
-0.711431,-0.126722,1.275793,-0.508689,0.086535
-0.718167,-0.118463,1.304311,-0.503312,0.079394
-0.724567,-0.110617,1.327557,-0.499605,0.073009
-0.730646,-0.103163,1.347718,-0.496785,0.067192
-0.736421,-0.096082,1.364947,-0.494764,0.061872
-0.741908,-0.089354,1.381315,-0.492887,0.056927
-0.745197,-0.082964,1.396865,-0.490070,0.052354
-0.746399,-0.074969,1.411637,-0.486380,0.046915
-0.743694,-0.065452,1.425671,-0.480814,0.040682
-0.737279,-0.052564,1.440926,-0.472940,0.032463
-0.721569,-0.032628,1.451572,-0.461321,0.020125
-0.702798,-0.011766,1.459762,-0.448695,0.007262
-0.681120,0.009977,1.469466,-0.434036,-0.006160
-0.658602,0.030632,1.478685,-0.419020,-0.018921
-0.633364,0.052177,1.489367,-0.402089,-0.032228
-0.609388,0.072645,1.499514,-0.386003,-0.044851
-0.586611,0.092090,1.509153,-0.370729,-0.056814
-0.563050,0.110562,1.520234,-0.354706,-0.068094
-0.540667,0.128111,1.528838,-0.339919,-0.078838
-0.519403,0.144782,1.537011,-0.325882,-0.089004
-0.499202,0.160620,1.544776,-0.312562,-0.098618
-0.480011,0.171820,1.552153,-0.299926,-0.105364
-0.461780,0.182460,1.559160,-0.287941,-0.111739
-0.444460,0.192567,1.565818,-0.276577,-0.117761
-0.428006,0.200247,1.572142,-0.265802,-0.122286
-0.412375,0.207542,1.580074,-0.255290,-0.126415
-0.397525,0.214473,1.587608,-0.245348,-0.130304
-0.381495,0.222980,1.594766,-0.234805,-0.135154
-0.366267,0.231062,1.601567,-0.224826,-0.139725
-0.351800,0.236816,1.609950,-0.215134,-0.142727
-0.338056,0.242283,1.617914,-0.205982,-0.145548
-0.319230,0.251323,1.623557,-0.194147,-0.150737
-0.297499,0.259910,1.626994,-0.180854,-0.155869
-0.271086,0.269992,1.630260,-0.164776,-0.161939
-0.240224,0.281492,1.627593,-0.146537,-0.169456
-0.207059,0.292418,1.621213,-0.127031,-0.177043
-0.175552,0.302797,1.615153,-0.108266,-0.184261
-0.143697,0.312657,1.609395,-0.089050,-0.191138
-0.111513,0.323947,1.603925,-0.069413,-0.198823
-0.080937,0.334673,1.596806,-0.050643,-0.206341
-0.049967,0.342939,1.590043,-0.031415,-0.212324
-0.022469,0.348869,1.581694,-0.014204,-0.217070
0.003655,0.354503,1.573763,0.002322,-0.221559
0.028472,0.359854,1.568152,0.018154,-0.225535
0.050125,0.363016,1.560898,0.032102,-0.228393
0.072619,0.366019,1.554007,0.046696,-0.231073
0.092065,0.366948,1.545538,0.059498,-0.232711
0.110539,0.367832,1.535569,0.071862,-0.234526
0.128089,0.368671,1.526098,0.083736,-0.236236
0.144761,0.369468,1.513254,0.095372,-0.238422
0.156754,0.368303,1.497207,0.104318,-0.239943
0.170070,0.365272,1.480039,0.114407,-0.240442
0.180797,0.360470,1.463729,0.122896,-0.239711
0.190988,0.355908,1.448235,0.131120,-0.238987
0.200670,0.351574,1.433516,0.139080,-0.238271
0.209867,0.347457,1.419532,0.146779,-0.237564
0.222450,0.343546,1.404325,0.157099,-0.237078
0.234405,0.339830,1.387955,0.167306,-0.236890
0.243838,0.334377,1.368557,0.176322,-0.236055
0.252800,0.329196,1.350129,0.185098,-0.235224
0.261314,0.324275,1.332623,0.193633,-0.234399
0.265556,0.317677,1.314069,0.199402,-0.232669
0.269586,0.309485,1.294519,0.205317,-0.229913
0.273414,0.301703,1.275947,0.211091,-0.227213
0.277051,0.294310,1.258303,0.216721,-0.224570
0.278583,0.287287,1.239619,0.221060,-0.222375
0.280039,0.280615,1.219946,0.225641,-0.220545
0.279499,0.272354,1.197410,0.229313,-0.217979
0.277062,0.262582,1.176001,0.231377,-0.214006
0.276670,0.253299,1.149893,0.236117,-0.210981
0.276299,0.244480,1.125091,0.240813,-0.207977
0.274022,0.234179,1.099606,0.244226,-0.203779
0.271859,0.224394,1.075395,0.247612,-0.199604
0.269805,0.213174,1.054317,0.250528,-0.193430
0.267853,0.202515,1.034294,0.253405,-0.187325
0.264076,0.190466,1.015271,0.254465,-0.179604
0.258564,0.179020,0.997200,0.253703,-0.172058
0.253328,0.170069,0.976186,0.253907,-0.167060
0.248354,0.161565,0.950454,0.255586,-0.163006
0.243629,0.153487,0.926008,0.257266,-0.158944
0.239140,0.145813,0.902784,0.258944,-0.154879
0.234875,0.138522,0.880722,0.260619,-0.150817
0.230824,0.131596,0.859763,0.262289,-0.146763
0.226975,0.125016,0.839852,0.263950,-0.142723
0.225241,0.116842,0.819013,0.268381,-0.136697
0.223595,0.109077,0.799216,0.272793,-0.130684
0.222030,0.099777,0.780409,0.277181,-0.122358
0.218621,0.089019,0.760620,0.279881,-0.112010
0.213459,0.076876,0.737973,0.281566,-0.099737
0.208556,0.065340,0.716459,0.283265,-0.087341
0.203897,0.054380,0.697944,0.284230,-0.074650
0.197548,0.043969,0.678431,0.283349,-0.062146
0.189594,0.034078,0.656048,0.281329,-0.049861
0.178191,0.024682,0.634784,0.273668,-0.037418
0.165436,0.015756,0.608814,0.265327,-0.024969
0.149471,0.007276,0.578374,0.252901,-0.012179
0.130459,-0.002704,0.545609,0.234701,0.004819
0.112398,-0.012184,0.514482,0.215089,0.023132
0.093317,-0.025036,0.488758,0.188655,0.050273
0.073266,-0.041092,0.468166,0.155237,0.086500
0.054218,-0.056345,0.448604,0.120276,0.124053
0.038046,-0.074682,0.433866,0.087466,0.169821
0.022682,-0.092101,0.419865,0.053969,0.215635
0.008086,-0.108650,0.408487,0.019793,0.259914
-0.009626,-0.130141,0.393832,-0.024436,0.319062
-0.030298,-0.154403,0.381833,-0.079184,0.383181
-0.055706,-0.181298,0.370434,-0.149263,0.450749
-0.087537,-0.212618,0.363450,-0.236347,0.517114
-0.119698,-0.242372,0.360662,-0.320446,0.567757
-0.152175,-0.270638,0.359937,-0.399990,0.605709
-0.184951,-0.297490,0.363094,-0.471119,0.630620
-0.219934,-0.323000,0.371862,-0.534101,0.641982
-0.253168,-0.347235,0.380192,-0.587468,0.649994
-0.284740,-0.370258,0.388106,-0.632966,0.655675
-0.314734,-0.392130,0.395624,-0.672015,0.659721
-0.343228,-0.412908,0.402765,-0.705758,0.662605
-0.372221,-0.432647,0.413396,-0.733034,0.661028
-0.401686,-0.451399,0.427342,-0.754462,0.655965
-0.429679,-0.469214,0.444436,-0.768517,0.649251
-0.456272,-0.486138,0.462599,-0.778512,0.642339
-0.481535,-0.502216,0.479854,-0.787147,0.636271
-0.493997,-0.505951,0.509707,-0.769747,0.619261
-0.501990,-0.505653,0.536145,-0.752509,0.602940
-0.509582,-0.505371,0.561261,-0.737176,0.587987
-0.512949,-0.503179,0.581275,-0.723037,0.575716
-0.516148,-0.499174,0.598365,-0.711762,0.563395
-0.519187,-0.493446,0.614600,-0.701441,0.550160
