0.119451,-0.371646,0.784585,0.151088,0.437958
0.119248,-0.374217,0.774202,0.152826,0.445670
0.115209,-0.378583,0.766261,0.149234,0.454465
0.111371,-0.382731,0.758717,0.145748,0.462925
0.107726,-0.386672,0.751551,0.142368,0.471054
0.100417,-0.388492,0.748588,0.133345,0.475069
0.091550,-0.392144,0.743851,0.122459,0.482061
0.083126,-0.395614,0.739351,0.111961,0.488710
0.071277,-0.398910,0.733153,0.096916,0.496332
0.056175,-0.402042,0.727264,0.077088,0.503742
0.045674,-0.405016,0.710132,0.064229,0.517437
0.033775,-0.405919,0.693856,0.048639,0.528816
0.020548,-0.401008,0.684163,0.030024,0.529961
0.007982,-0.396342,0.674955,0.011825,0.530934
-0.005879,-0.391910,0.666207,-0.008824,0.531733
-0.017123,-0.385776,0.655974,-0.026098,0.531472
-0.029729,-0.379949,0.646252,-0.045969,0.531033
-0.041704,-0.374413,0.637016,-0.065374,0.530437
-0.053080,-0.369154,0.628243,-0.084290,0.529698
-0.065811,-0.362234,0.617984,-0.106093,0.527720
-0.079828,-0.355661,0.604393,-0.131319,0.528119
-0.096990,-0.349417,0.589558,-0.163053,0.529179
-0.113295,-0.343484,0.575464,-0.194389,0.529794
-0.128784,-0.335925,0.560153,-0.225981,0.528911
-0.145422,-0.330668,0.539837,-0.263134,0.534108
-0.161227,-0.325673,0.520538,-0.300361,0.538679
-0.174320,-0.320927,0.498357,-0.336487,0.546177
-0.180988,-0.314496,0.467670,-0.369250,0.560143
-0.187324,-0.308387,0.438517,-0.403712,0.574062
-0.189496,-0.300660,0.406976,-0.435767,0.590117
-0.187713,-0.291396,0.371243,-0.468146,0.611040
-0.186020,-0.282596,0.337296,-0.503997,0.632955
-0.178642,-0.272312,0.299277,-0.538146,0.663230
-0.163941,-0.262543,0.255467,-0.570539,0.713092
-0.138436,-0.251338,0.198463,-0.609073,0.804376
-0.106514,-0.236848,0.140463,-0.648797,0.930966
-0.074265,-0.221160,0.093055,-0.673569,1.076956
-0.041706,-0.208179,0.057633,-0.626420,1.241509
-0.012698,-0.195847,0.033598,-0.361339,1.389418
0.012937,-0.186054,0.020379,0.565627,1.441775
0.033444,-0.176752,0.019360,1.046045,1.355550
0.052926,-0.167914,0.018392,1.236339,1.248729
0.067587,-0.161442,0.032857,1.118291,1.135129
0.077669,-0.157216,0.058138,0.928239,1.017896
0.081478,-0.155124,0.093692,0.715784,0.895797
0.079327,-0.156983,0.142854,0.506907,0.765368
0.063823,-0.168365,0.222250,0.279641,0.629351
0.043324,-0.183024,0.313060,0.137515,0.524916
0.018081,-0.202719,0.414715,0.043570,0.454284
-0.009746,-0.225275,0.518979,-0.018778,0.409466
-0.041951,-0.248627,0.625722,-0.066945,0.377445
-0.074469,-0.270811,0.729052,-0.101792,0.353969
-0.105361,-0.289962,0.829138,-0.126396,0.333934
-0.132785,-0.308157,0.924219,-0.142697,0.318779
-0.154992,-0.325441,1.010701,-0.152166,0.308137
-0.174166,-0.339938,1.092858,-0.158038,0.298029
-0.188534,-0.351787,1.168984,-0.159904,0.288790
-0.200262,-0.361121,1.239381,-0.160197,0.280080
-0.209479,-0.366142,1.304335,-0.159242,0.270373
-0.214390,-0.368989,1.364118,-0.155889,0.261115
-0.217132,-0.371693,1.417066,-0.152044,0.253686
-0.217814,-0.370416,1.463521,-0.147744,0.245301
-0.218462,-0.367280,1.501883,-0.144445,0.237435
-0.219077,-0.362378,1.534481,-0.141811,0.229661
-0.217738,-0.355797,1.557757,-0.138877,0.222461
-0.212621,-0.347623,1.576023,-0.134100,0.215204
-0.201990,-0.339857,1.587607,-0.126549,0.209248
-0.189967,-0.330556,1.594765,-0.118561,0.202986
-0.176623,-0.319798,1.597719,-0.110100,0.196383
-0.163945,-0.305731,1.596679,-0.102320,0.188223
-0.149979,-0.292368,1.591845,-0.093940,0.180858
-0.134788,-0.279672,1.585330,-0.084818,0.174001
-0.120356,-0.267612,1.575294,-0.076254,0.167794
-0.108569,-0.258077,1.565760,-0.069229,0.162972
-0.099294,-0.249020,1.552857,-0.063856,0.158690
-0.090483,-0.238492,1.538675,-0.058738,0.153513
-0.082113,-0.226567,1.523280,-0.053853,0.147443
-0.076084,-0.215239,1.508655,-0.050389,0.141535
-0.070357,-0.204477,1.496683,-0.046974,0.135631
-0.066839,-0.194253,1.485311,-0.044970,0.129915
-0.065420,-0.186463,1.474507,-0.044339,0.125668
-0.065995,-0.180986,1.462320,-0.045100,0.123016
-0.070388,-0.177706,1.448819,-0.048545,0.121904
-0.074561,-0.176513,1.434071,-0.051946,0.122306
-0.078525,-0.175380,1.420059,-0.055241,0.122694
-0.084214,-0.176226,1.404826,-0.059875,0.124570
-0.091542,-0.178953,1.390354,-0.065746,0.127733
-0.100426,-0.183467,1.376605,-0.072823,0.132147
-0.110790,-0.187755,1.363544,-0.081073,0.136392
-0.124481,-0.191829,1.349213,-0.092002,0.140643
-0.139411,-0.195699,1.333675,-0.104153,0.144919
-0.155517,-0.199376,1.318915,-0.117371,0.149014
-0.174664,-0.204792,1.302969,-0.133257,0.154538
-0.194777,-0.209937,1.287821,-0.150108,0.159809
-0.215808,-0.214825,1.271506,-0.168124,0.165055
-0.237710,-0.219468,1.257931,-0.186766,0.169783
-0.262363,-0.223879,1.246958,-0.207377,0.173918
-0.287706,-0.229993,1.238456,-0.228261,0.178957
-0.313705,-0.235801,1.230379,-0.249647,0.183616
-0.340328,-0.241319,1.224630,-0.271063,0.187626
-0.365619,-0.248483,1.219167,-0.291358,0.192799
-0.391569,-0.257213,1.212055,-0.312478,0.199256
-0.416221,-0.265506,1.205299,-0.332505,0.205284
-0.441564,-0.275308,1.198880,-0.352896,0.212241
-0.469486,-0.284619,1.190859,-0.375532,0.218789
-0.497935,-0.293465,1.181316,-0.398910,0.225040
-0.524961,-0.301869,1.172250,-0.421042,0.230833
-0.552559,-0.309852,1.165561,-0.442690,0.235747
-0.578777,-0.317437,1.164975,-0.461097,0.239349
-0.603685,-0.324642,1.164419,-0.478293,0.242639
-0.627346,-0.331487,1.163890,-0.494365,0.245646
-0.647902,-0.337989,1.161465,-0.508836,0.248868
-0.663584,-0.340321,1.155314,-0.521365,0.250086
-0.676559,-0.340612,1.147549,-0.532714,0.250325
-0.688885,-0.340889,1.140171,-0.543498,0.250523
-0.696748,-0.341153,1.129317,-0.552800,0.251644
-0.696526,-0.337556,1.115158,-0.558310,0.251306
-0.692469,-0.334140,1.101708,-0.561142,0.251352
-0.684769,-0.328972,1.088931,-0.561360,0.250375
-0.665915,-0.316369,1.072946,-0.555459,0.245478
-0.648004,-0.304397,1.057760,-0.549646,0.240634
-0.630988,-0.293023,1.043333,-0.543927,0.235848
-0.607131,-0.278372,1.027705,-0.533601,0.229117
-0.576774,-0.260607,1.012858,-0.517655,0.219970
-0.538320,-0.243731,0.996831,-0.495158,0.211909
-0.480635,-0.220006,0.985451,-0.453784,0.198030
-0.418142,-0.195544,0.974640,-0.405272,0.182332
-0.353004,-0.170382,0.964369,-0.350898,0.164414
-0.285354,-0.142632,0.954612,-0.290467,0.142189
-0.213394,-0.112424,0.941497,-0.222888,0.115933
-0.145032,-0.083726,0.929038,-0.154860,0.088808
-0.074319,-0.054539,0.915278,-0.081020,0.059323
-0.001372,-0.026812,0.900283,-0.001524,0.029773
0.073697,-0.000472,0.886039,0.082984,0.000531
0.145012,0.024552,0.874429,0.164340,-0.027692
0.214684,0.046401,0.869169,0.242153,-0.051782
0.278950,0.065235,0.866095,0.311587,-0.071571
0.336156,0.081204,0.865098,0.370620,-0.087271
0.390502,0.096375,0.864151,0.424426,-0.101282
0.434439,0.106940,0.867097,0.464469,-0.109822
0.470409,0.111209,0.871819,0.494802,-0.111792
0.498812,0.113341,0.878228,0.516539,-0.111751
0.520025,0.111520,0.884317,0.531589,-0.108281
0.532485,0.105944,0.888178,0.540071,-0.101950
0.542400,0.098724,0.888000,0.548330,-0.094593
0.547972,0.091864,0.887831,0.552973,-0.087823
0.553266,0.085348,0.887670,0.557361,-0.081416
0.558295,0.079158,0.887517,0.561508,-0.075352
0.563072,0.073277,0.887372,0.565429,-0.069612
0.567611,0.065767,0.885311,0.570124,-0.062456
0.571923,0.058632,0.883353,0.574577,-0.055659
0.574096,0.051854,0.883416,0.576276,-0.049178
0.576160,0.045415,0.883476,0.577886,-0.043032
0.578121,0.037375,0.883533,0.579412,-0.035383
0.576138,0.031661,0.879741,0.579809,-0.030098
0.574255,0.024308,0.876139,0.580189,-0.023200
0.572465,0.017324,0.872716,0.580552,-0.016596
0.570765,0.010688,0.869465,0.580900,-0.010276
0.565303,0.002462,0.868300,0.577111,-0.002376
0.556269,-0.005354,0.867192,0.570348,0.005197
0.545763,-0.014702,0.864217,0.563268,0.014382
0.535783,-0.023582,0.861391,0.556437,0.023242
0.522455,-0.033941,0.860629,0.545596,0.033699
0.504025,-0.049552,0.857982,0.531143,0.049756
0.486516,-0.064382,0.855468,0.517097,0.065327
0.469882,-0.078471,0.851156,0.504417,0.080536
0.454081,-0.091855,0.845137,0.493030,0.095451
0.439069,-0.102647,0.839418,0.481927,0.107934
0.426731,-0.112899,0.835909,0.472012,0.119718
0.415010,-0.122639,0.832575,0.462419,0.131074
0.403875,-0.131891,0.829408,0.453148,0.142007
0.393296,-0.140681,0.826399,0.444195,0.152520
0.385170,-0.147109,0.821617,0.438373,0.160719
0.379373,-0.149369,0.818998,0.433790,0.164001
0.375789,-0.149593,0.814587,0.432231,0.165233
0.372384,-0.149805,0.810396,0.430733,0.166416
0.371073,-0.150007,0.808338,0.430360,0.167081
0.369827,-0.148276,0.806382,0.430003,0.165608
0.368643,-0.146632,0.804525,0.429662,0.164201
0.365595,-0.145069,0.802760,0.427355,0.163002
0.362700,-0.143585,0.801084,0.425149,0.161854
0.358027,-0.142175,0.801414,0.420143,0.160582
0.353587,-0.140835,0.801728,0.415370,0.159365
0.351292,-0.137640,0.800103,0.413718,0.156230
0.351035,-0.134604,0.798559,0.414160,0.153100
0.352714,-0.131720,0.795170,0.417495,0.150280
0.356232,-0.127057,0.791950,0.422702,0.145284
0.361498,-0.120704,0.790814,0.428760,0.137935
0.368423,-0.114669,0.787812,0.437437,0.131092
0.375002,-0.108936,0.784960,0.445677,0.124574
0.381252,-0.101566,0.782250,0.453499,0.116188
0.389112,-0.094564,0.777753,0.463890,0.108312
0.396580,-0.087913,0.773481,0.473772,0.100797
0.405597,-0.079671,0.769422,0.485127,0.091344
0.416086,-0.071842,0.763643,0.498896,0.082423
0.429897,-0.060557,0.758153,0.515826,0.069370
0.444941,-0.047914,0.752938,0.533731,0.054730
0.461155,-0.033980,0.749906,0.551340,0.038579
0.476559,-0.020742,0.745103,0.569021,0.023447
0.491193,-0.006244,0.738618,0.586859,0.007039
0.505095,0.007530,0.730533,0.604935,-0.008478
0.518301,0.022538,0.720929,0.623321,-0.025378
0.528925,0.036796,0.711806,0.639054,-0.041469
0.539017,0.050341,0.701216,0.655355,-0.056857
0.548605,0.063208,0.691155,0.670919,-0.071509
0.557713,0.075433,0.679674,0.687152,-0.085587
0.566366,0.087045,0.666844,0.704101,-0.099166
0.574586,0.098078,0.654656,0.720352,-0.112125
0.578549,0.110482,0.643077,0.732626,-0.127033
0.580391,0.122265,0.630154,0.744313,-0.141758
0.582140,0.133460,0.617877,0.755627,-0.155935
0.579956,0.144094,0.606214,0.763266,-0.170095
0.575959,0.154197,0.598980,0.765807,-0.183477
0.562545,0.163795,0.599800,0.753358,-0.196612
0.540187,0.169067,0.604426,0.729335,-0.205613
0.501639,0.168306,0.620358,0.679980,-0.207914
0.453481,0.161814,0.639340,0.616937,-0.203578
0.396191,0.146031,0.663142,0.538539,-0.186837
0.328305,0.125268,0.693447,0.442174,-0.161843
0.254197,0.099773,0.729928,0.335114,-0.128376
0.176103,0.073631,0.770355,0.224738,-0.092909
0.096144,0.043026,0.814530,0.117492,-0.052411
0.016336,0.010106,0.860342,0.018986,-0.011744
-0.063327,-0.025015,0.907709,-0.069652,0.027485
-0.139006,-0.058380,0.952708,-0.144884,0.060561
-0.208979,-0.088153,0.999304,-0.206154,0.086133
-0.273530,-0.114514,1.043569,-0.256344,0.105752
-0.331007,-0.135712,1.083698,-0.296442,0.119200
-0.381765,-0.153926,1.121821,-0.328015,0.129172
-0.420369,-0.163538,1.156115,-0.348743,0.132164
-0.453197,-0.170745,1.188694,-0.364244,0.133420
-0.478614,-0.173747,1.217721,-0.374493,0.132021
-0.498914,-0.174675,1.243373,-0.381591,0.129649
-0.512430,-0.171710,1.265820,-0.384655,0.125083
-0.525270,-0.168894,1.287144,-0.387460,0.120897
-0.529775,-0.166218,1.303556,-0.386018,0.117584
-0.528287,-0.157907,1.315301,-0.381925,0.110947
-0.524949,-0.150012,1.322613,-0.377834,0.105033
-0.516009,-0.140588,1.325713,-0.371189,0.098505
-0.501747,-0.129713,1.326735,-0.361557,0.091194
-0.488199,-0.119381,1.327706,-0.352356,0.084192
-0.473404,-0.109566,1.328629,-0.342285,0.077526
-0.459349,-0.100241,1.329505,-0.332664,0.071144
-0.444074,-0.091383,1.330337,-0.322176,0.065065
-0.429563,-0.081045,1.329205,-0.312578,0.057953
-0.415777,-0.071223,1.328129,-0.303390,0.051133
-0.402680,-0.061893,1.327108,-0.294598,0.044599
-0.392162,-0.054952,1.328060,-0.287129,0.039663
-0.382169,-0.048358,1.330888,-0.279630,0.034910
-0.372676,-0.044017,1.335497,-0.272131,0.031736
-0.363657,-0.039893,1.339876,-0.265027,0.028726
-0.355090,-0.035976,1.342113,-0.258649,0.025908
-0.343105,-0.032254,1.342315,-0.250249,0.023276
-0.329796,-0.028718,1.338661,-0.241552,0.020827
-0.315229,-0.025359,1.335189,-0.231848,0.018483
-0.301391,-0.022168,1.329968,-0.222851,0.016254
-0.286321,-0.017213,1.323085,-0.213118,0.012715
-0.272005,-0.012507,1.316546,-0.203738,0.009303
-0.258405,-0.006112,1.308411,-0.194986,0.004583
-0.245484,-0.001960,1.296837,-0.187081,0.001485
-0.237056,0.001984,1.283918,-0.182579,-0.001519
-0.229050,0.005731,1.269722,-0.178474,-0.004442
-0.221443,0.007367,1.254313,-0.174745,-0.005784
-0.216140,0.008922,1.239674,-0.172617,-0.007090
-0.211103,0.012322,1.225768,-0.170548,-0.009906
-0.208240,0.013629,1.212556,-0.170077,-0.011077
-0.207443,0.012948,1.200005,-0.171177,-0.010632
-0.206686,0.012300,1.188082,-0.172243,-0.010199
-0.205968,0.011685,1.174832,-0.173553,-0.009797
-0.205285,0.011101,1.162244,-0.174825,-0.009405
-0.202713,0.010546,1.148363,-0.174723,-0.009043
-0.202192,0.011942,1.133252,-0.176560,-0.010373
-0.201698,0.013268,1.116974,-0.178650,-0.011689
-0.201229,0.014527,1.099587,-0.181001,-0.012995
-0.198859,0.015724,1.081146,-0.181901,-0.014303
-0.194686,0.016861,1.061704,-0.181356,-0.015619
-0.192644,0.017941,1.039388,-0.183264,-0.016970
-0.190704,0.018967,1.016265,-0.185495,-0.018341
-0.188861,0.019942,0.990452,-0.188420,-0.019775
-0.185187,0.020868,0.965929,-0.189421,-0.021214
-0.181697,0.019824,0.942633,-0.190420,-0.020648
-0.178381,0.018833,0.920501,-0.191415,-0.020083
-0.177155,0.017891,0.899476,-0.194464,-0.019514
-0.175989,0.016997,0.881425,-0.197073,-0.018908
-0.176805,0.014224,0.864277,-0.201786,-0.016122
-0.179503,0.011590,0.849909,-0.208144,-0.013341
-0.183990,0.007164,0.832414,-0.217534,-0.008403
-0.190175,0.001037,0.815793,-0.229026,-0.001238
-0.196051,-0.004784,0.800004,-0.240326,0.005809
-0.201633,-0.010314,0.785003,-0.251421,0.012726
-0.206936,-0.015568,0.772676,-0.261676,0.019460
-0.213897,-0.018636,0.759042,-0.274675,0.023627
-0.220510,-0.023473,0.744167,-0.288075,0.030234
-0.232561,-0.028069,0.728113,-0.309161,0.036706
-0.244010,-0.034358,0.710938,-0.330624,0.045678
-0.254886,-0.040332,0.694622,-0.351688,0.054455
-0.267142,-0.046008,0.677198,-0.375740,0.063115
-0.280708,-0.051400,0.660646,-0.401785,0.071484
-0.293596,-0.054599,0.642998,-0.428332,0.077089
-0.305839,-0.057638,0.622387,-0.456741,0.082925
-0.317470,-0.060526,0.600883,-0.486061,0.088827
-0.330443,-0.063268,0.578531,-0.518955,0.094678
-0.342767,-0.065874,0.557297,-0.551414,0.100345
-0.354475,-0.066427,0.537124,-0.583337,0.102855
-0.363674,-0.066952,0.516037,-0.613902,0.105657
-0.372413,-0.067450,0.494082,-0.645896,0.108588
-0.380716,-0.067924,0.469378,-0.681477,0.111919
-0.388603,-0.070297,0.443986,-0.718977,0.118582
-0.396096,-0.072551,0.416017,-0.760873,0.125637
-0.401291,-0.074693,0.387524,-0.802849,0.133100
-0.408150,-0.076727,0.360455,-0.847372,0.139984
-0.414665,-0.078660,0.332817,-0.894462,0.146873
-0.420855,-0.080497,0.308484,-0.938268,0.153059
-0.426735,-0.078395,0.287291,-0.978264,0.151228
-0.430399,-0.072552,0.272926,-1.005663,0.141409
-0.431956,-0.061232,0.261203,-1.026929,0.120712
-0.429589,-0.044709,0.251989,-1.040301,0.089530
-0.421571,-0.023243,0.247082,-1.040662,0.047530
-0.406261,0.006766,0.248189,-1.022393,-0.014210
-0.382102,0.044889,0.253087,-0.985784,-0.097631
-0.351459,0.090721,0.267356,-0.920479,-0.202623
-0.314655,0.141954,0.288604,-0.828555,-0.320976
-0.275845,0.196395,0.320327,-0.710923,-0.434919
-0.235130,0.253883,0.362003,-0.576041,-0.531662
-0.196450,0.308497,0.401595,-0.454950,-0.604011
-0.157782,0.364226,0.452670,-0.335390,-0.649735
-0.121046,0.417168,0.501190,-0.236980,-0.680261
-0.086148,0.469387,0.560746,-0.152439,-0.691208
-0.054917,0.518994,0.632709,-0.086580,-0.685142
-0.025249,0.566122,0.701073,-0.035999,-0.678985
0.002937,0.610892,0.766019,0.003834,-0.673205
0.025867,0.651502,0.839257,0.030812,-0.659882
0.036112,0.680465,0.924217,0.039053,-0.634286
0.038153,0.700288,1.014545,0.037588,-0.603821
0.040091,0.715274,1.098433,0.036482,-0.576897
0.041933,0.725664,1.166588,0.035929,-0.556178
0.043682,0.735534,1.231336,0.035461,-0.538189
0.045344,0.741065,1.287077,0.035216,-0.522148
0.046923,0.744397,1.334261,0.035154,-0.508632
0.048423,0.747561,1.379087,0.035098,-0.496476
0.049848,0.750568,1.421671,0.035049,-0.485501
0.051202,0.753424,1.462126,0.035005,-0.475558
0.052488,0.756138,1.500558,0.034965,-0.466521
0.053710,0.756792,1.533222,0.035016,-0.458268
0.056794,0.755491,1.558484,0.036425,-0.451121
0.063569,0.752332,1.574791,0.040345,-0.445361
0.071929,0.747408,1.586436,0.045309,-0.439885
0.079871,0.742730,1.597499,0.049956,-0.434725
0.087416,0.738285,1.608008,0.054310,-0.429861
0.094584,0.734063,1.617993,0.058391,-0.425275
0.099470,0.728130,1.614016,0.061551,-0.423082
0.104112,0.722492,1.608315,0.064643,-0.421427
0.106599,0.715214,1.600976,0.066485,-0.419313
0.099346,0.704453,1.578620,0.062849,-0.418993
0.092455,0.694230,1.557381,0.059296,-0.418675
0.083986,0.684519,1.535281,0.054650,-0.418850
0.074018,0.673370,1.514287,0.048841,-0.417977
0.064548,0.660855,1.492418,0.043223,-0.416511
0.053628,0.647043,1.471644,0.036425,-0.413989
0.043254,0.631999,1.451908,0.029783,-0.410391
0.031476,0.617707,1.433158,0.021959,-0.406863
0.020287,0.604129,1.413423,0.014352,-0.403883
0.011580,0.593153,1.394675,0.008303,-0.402111
0.003309,0.582726,1.376865,0.002403,-0.400367
-0.004549,0.572821,1.359945,-0.003345,-0.398653
-0.012014,0.563411,1.341947,-0.008952,-0.397482
-0.017182,0.556394,1.322927,-0.012987,-0.398089
-0.022092,0.549728,1.304857,-0.016929,-0.398676
-0.024834,0.545319,1.287692,-0.019283,-0.400520
-0.023592,0.541130,1.273307,-0.018526,-0.401792
-0.022413,0.537150,1.259642,-0.017791,-0.403025
-0.023215,0.531446,1.246660,-0.018620,-0.402906
-0.022054,0.526028,1.234327,-0.017866,-0.402800
-0.022875,0.522803,1.222610,-0.018707,-0.404018
-0.023654,0.519740,1.211480,-0.019522,-0.405195
-0.026317,0.516830,1.200906,-0.021911,-0.406320
-0.028848,0.514065,1.190860,-0.024220,-0.407405
-0.031251,0.509516,1.181317,-0.026449,-0.407077
-0.035458,0.505194,1.172252,-0.030239,-0.406742
-0.039454,0.501088,1.163639,-0.033893,-0.406414
-0.041328,0.497188,1.157380,-0.035693,-0.405513
-0.043108,0.493482,1.151434,-0.037421,-0.404646
-0.044798,0.489962,1.145786,-0.039079,-0.403812
-0.048328,0.486618,1.142342,-0.042281,-0.402380
-0.051681,0.483441,1.139071,-0.045340,-0.401007
-0.054866,0.480422,1.137887,-0.048180,-0.399086
-0.055969,0.477555,1.138685,-0.049112,-0.396681
-0.057016,0.474831,1.139443,-0.049997,-0.394395
-0.056089,0.472244,1.142086,-0.049071,-0.391658
-0.055207,0.469785,1.144597,-0.048196,-0.389063
-0.054370,0.467450,1.146983,-0.047367,-0.386604
-0.053575,0.465231,1.151172,-0.046506,-0.383692
-0.050896,0.465046,1.157075,-0.043958,-0.381822
-0.046428,0.466794,1.162683,-0.039911,-0.381506
-0.042183,0.468454,1.168010,-0.036100,-0.381204
-0.036228,0.473878,1.171148,-0.030924,-0.384322
-0.026724,0.480953,1.170283,-0.022832,-0.389837
-0.019619,0.487675,1.173307,-0.016720,-0.393867
-0.012869,0.494060,1.176181,-0.010941,-0.397653
-0.008379,0.498203,1.180833,-0.007096,-0.399240
-0.006037,0.498293,1.194868,-0.005053,-0.395094
-0.003812,0.498379,1.212048,-0.003145,-0.390111
-0.001699,0.496537,1.230292,-0.001381,-0.383599
0.002233,0.498633,1.249546,0.001787,-0.379688
0.005967,0.502547,1.269761,0.004699,-0.376860
0.009515,0.506266,1.288966,0.007382,-0.374248
0.014808,0.511722,1.307210,0.011328,-0.373102
0.019837,0.516905,1.324541,0.014976,-0.372037
0.026538,0.525675,1.342930,0.019758,-0.373038
0.034826,0.537853,1.362322,0.025558,-0.375909
0.042700,0.549422,1.380744,0.030916,-0.378545
0.052104,0.566182,1.400168,0.037195,-0.384025
0.068729,0.587873,1.426314,0.048149,-0.390538
0.090293,0.614248,1.454998,0.061977,-0.398778
0.112701,0.641228,1.486094,0.075692,-0.406309
0.137835,0.666859,1.523328,0.090237,-0.411137
0.161713,0.691208,1.562546,0.103126,-0.414515
0.186320,0.714340,1.599804,0.115942,-0.417452
0.207773,0.736316,1.635198,0.126385,-0.420106
0.224307,0.755269,1.666900,0.133762,-0.422064
0.232323,0.771352,1.695093,0.136207,-0.423548
0.234168,0.782784,1.719954,0.135316,-0.423651
0.230152,0.791722,1.739725,0.131528,-0.423813
0.226337,0.800213,1.758508,0.128006,-0.423958
0.222712,0.808279,1.776352,0.124725,-0.424090
0.219269,0.815942,1.793304,0.121667,-0.424209
0.208305,0.821299,1.803639,0.114982,-0.424806
0.197890,0.826388,1.813457,0.108693,-0.425353
0.178380,0.827376,1.817015,0.097859,-0.425487
0.150230,0.824469,1.810779,0.082775,-0.425970
0.113873,0.819784,1.795240,0.063346,-0.427606
0.056256,0.796102,1.738171,0.032354,-0.429298
0.001520,0.773605,1.683954,0.000903,-0.430641
-0.052402,0.740694,1.613218,-0.032471,-0.430229
-0.103628,0.703659,1.540250,-0.067179,-0.427681
-0.152293,0.662707,1.467083,-0.103436,-0.422274
-0.198524,0.623802,1.397575,-0.141105,-0.416106
-0.242444,0.584920,1.329620,-0.180360,-0.408441
-0.278399,0.544135,1.259292,-0.217576,-0.399250
-0.310633,0.503467,1.190559,-0.255224,-0.388399
-0.341255,0.464832,1.125261,-0.294452,-0.376456
-0.370346,0.428129,1.063229,-0.335179,-0.363375
-0.392213,0.395184,1.002375,-0.372970,-0.351864
-0.412987,0.363886,0.944564,-0.412180,-0.339326
-0.432723,0.334154,0.889644,-0.452708,-0.325736
-0.451471,0.305908,0.837469,-0.494428,-0.311091
-0.457744,0.280997,0.785980,-0.527367,-0.299636
-0.463703,0.257332,0.737066,-0.561556,-0.287335
-0.469364,0.234850,0.690597,-0.596937,-0.274174
-0.468972,0.215415,0.644529,-0.629024,-0.263946
-0.468601,0.196952,0.600764,-0.662431,-0.252961
-0.464401,0.181335,0.559187,-0.693060,-0.244479
-0.460412,0.166499,0.519690,-0.724991,-0.235363
-0.445084,0.158174,0.484090,-0.743444,-0.236047
-0.428599,0.148342,0.465654,-0.743984,-0.230238
-0.412938,0.139002,0.448141,-0.744539,-0.224266
-0.398061,0.130129,0.431503,-0.745106,-0.218133
-0.383927,0.121699,0.415697,-0.745687,-0.211841
-0.376269,0.107922,0.408374,-0.744504,-0.191959
-0.372840,0.090988,0.407186,-0.741395,-0.163336
-0.369583,0.074900,0.406057,-0.738407,-0.135576
-0.366488,0.057693,0.406908,-0.733182,-0.104965
-0.363548,0.043270,0.407717,-0.728193,-0.079046
-0.360756,0.029568,0.408485,-0.723430,-0.054202
-0.354256,0.014628,0.411138,-0.711218,-0.026947
-0.348082,0.000435,0.413658,-0.699523,-0.000805
-0.344139,-0.013048,0.417975,-0.688817,0.024095
-0.338471,-0.027780,0.422076,-0.675910,0.051302
-0.331163,-0.041776,0.429818,-0.656474,0.076841
-0.324220,-0.055072,0.437174,-0.638121,0.100840
-0.317624,-0.067703,0.444161,-0.620796,0.123358
-0.311358,-0.081625,0.450799,-0.604444,0.147898
-0.305406,-0.094852,0.455182,-0.590964,0.171344
-0.297828,-0.107417,0.459346,-0.575231,0.193752
-0.286783,-0.117431,0.463302,-0.554271,0.212270
-0.276290,-0.126944,0.468983,-0.532385,0.229121
-0.266321,-0.135981,0.476303,-0.509835,0.244212
-0.256851,-0.144567,0.483257,-0.488529,0.258258
-0.247855,-0.154646,0.487940,-0.469997,0.275391
-0.239308,-0.164221,0.492390,-0.452397,0.291427
-0.231189,-0.173318,0.496616,-0.435692,0.306428
-0.223476,-0.181960,0.500632,-0.419846,0.320455
-0.216148,-0.190170,0.504446,-0.404820,0.333568
-0.209187,-0.197969,0.508070,-0.390576,0.345825
-0.204497,-0.205378,0.509590,-0.381624,0.357923
-0.200041,-0.212417,0.512956,-0.371836,0.368209
-0.195808,-0.219104,0.516155,-0.362588,0.377825
-0.191787,-0.225456,0.519193,-0.353848,0.386818
-0.187967,-0.231491,0.522080,-0.345587,0.395234
-0.184338,-0.239147,0.526745,-0.336636,0.404854
-0.178967,-0.242575,0.538869,-0.320655,0.403741
-0.170019,-0.245830,0.548464,-0.300597,0.404509
-0.161518,-0.247000,0.557579,-0.281959,0.402289
-0.149596,-0.244266,0.564316,-0.259132,0.396268
-0.136347,-0.241668,0.568792,-0.235273,0.391811
-0.123760,-0.239200,0.573045,-0.212703,0.387394
-0.111803,-0.236855,0.577085,-0.191367,0.383040
-0.100444,-0.234628,0.580923,-0.171211,0.378766
-0.089652,-0.234435,0.584569,-0.152179,0.377403
-0.079400,-0.234252,0.588033,-0.134215,0.376000
-0.069661,-0.234078,0.591324,-0.117265,0.374574
-0.058486,-0.233912,0.594450,-0.098071,0.373246
-0.045946,-0.235678,0.597420,-0.076756,0.374745
-0.037880,-0.239279,0.596395,-0.063429,0.380853
-0.030216,-0.244623,0.595421,-0.050704,0.389364
-0.022936,-0.249699,0.594496,-0.038562,0.397378
-0.016020,-0.254522,0.591695,-0.027069,0.406098
-0.009450,-0.259103,0.589033,-0.016042,0.414358
-0.003208,-0.263456,0.586504,-0.005470,0.422180
0.004644,-0.265668,0.582179,0.007978,0.428096
0.010181,-0.267769,0.576147,0.017670,0.434999
0.017365,-0.267842,0.568494,0.030536,0.440117
0.022266,-0.267912,0.559300,0.039789,0.446409
0.026922,-0.269901,0.548642,0.049030,0.456705
0.031345,-0.269867,0.536595,0.058348,0.465302
0.037470,-0.269835,0.523227,0.071491,0.475098
0.043289,-0.269805,0.506681,0.085229,0.487797
0.050740,-0.267853,0.489039,0.103384,0.498834
0.059741,-0.264076,0.472279,0.125827,0.506469
0.070216,-0.258564,0.454435,0.153300,0.512244
0.082089,-0.251405,0.435559,0.186284,0.515965
0.097216,-0.244604,0.417627,0.228708,0.518407
0.115432,-0.236220,0.400592,0.280553,0.515516
0.138506,-0.228256,0.380562,0.349050,0.513237
0.164273,-0.218766,0.359611,0.428501,0.505403
0.190675,-0.205904,0.335861,0.516346,0.489805
0.219603,-0.187917,0.313299,0.611354,0.456550
0.249007,-0.168906,0.288019,0.712882,0.417544
0.280788,-0.148922,0.262079,0.819847,0.369879
0.314825,-0.128014,0.235514,0.928526,0.314771
0.351007,-0.104306,0.206431,1.039166,0.250757
0.389226,-0.076014,0.178801,1.140172,0.175637
0.429380,-0.045290,0.152554,1.229418,0.099065
0.471373,-0.012256,0.125695,1.310202,0.025118
0.515112,0.022972,0.098256,1.382313,-0.043778
0.556664,0.060285,0.074113,1.438437,-0.106940
0.596138,0.095732,0.051176,1.485160,-0.158654
0.631716,0.135176,0.033233,1.518237,-0.210521
0.665515,0.172648,0.016187,1.546479,-0.253754
0.695701,0.214016,0.001916,1.568042,-0.298438
0.718608,0.257161,-0.003949,1.576292,-0.343655
0.730754,0.300072,0.002018,1.568035,-0.389638
0.711524,0.335069,0.040378,1.514108,-0.439492
0.658640,0.358700,0.107590,1.408875,-0.493182
0.587247,0.371534,0.188749,1.259812,-0.542126
0.519423,0.383727,0.265850,1.097739,-0.581717
0.437683,0.387617,0.356404,0.887398,-0.601766
0.350414,0.385544,0.453968,0.657365,-0.591886
0.259816,0.381652,0.554347,0.438287,-0.557446
0.169902,0.381800,0.653552,0.254338,-0.514588
0.084484,0.389633,0.753567,0.111646,-0.474652
0.003337,0.395151,0.848581,0.003932,-0.435798
-0.071830,0.398471,0.936921,-0.076516,-0.401069
-0.143238,0.397778,1.020844,-0.139404,-0.368271
-0.209153,0.393274,1.100571,-0.187801,-0.337612
-0.267927,0.385148,1.176312,-0.223948,-0.309017
-0.319915,0.373583,1.248266,-0.250887,-0.282176
-0.361611,0.362596,1.314699,-0.268415,-0.259911
-0.393531,0.352159,1.375887,-0.278582,-0.241288
-0.416162,0.342243,1.430169,-0.283168,-0.225852
-0.429969,0.334746,1.474045,-0.283819,-0.214650
-0.433471,0.331471,1.508035,-0.279895,-0.208188
-0.429105,0.332205,1.534557,-0.272664,-0.205541
-0.424957,0.332902,1.559752,-0.265996,-0.203088
-0.421017,0.333565,1.583687,-0.259836,-0.200812
-0.409582,0.339964,1.600657,-0.250508,-0.202928
-0.391026,0.351812,1.612932,-0.237843,-0.208887
-0.373398,0.363067,1.624593,-0.225917,-0.214454
-0.356651,0.373760,1.635671,-0.214685,-0.219658
-0.336895,0.385841,1.640426,-0.202554,-0.226448
-0.318127,0.397318,1.644943,-0.191039,-0.232844
-0.296452,0.410145,1.647311,-0.178055,-0.240307
-0.273937,0.420407,1.647638,-0.164753,-0.246580
-0.254471,0.430156,1.647948,-0.153207,-0.252463
-0.245593,0.431725,1.642474,-0.148427,-0.254331
-0.244852,0.427446,1.633427,-0.148793,-0.253239
-0.247994,0.419535,1.622910,-0.151635,-0.250188
-0.250979,0.412020,1.612918,-0.154368,-0.247248
-0.253815,0.404881,1.603426,-0.156993,-0.244418
-0.258432,0.396175,1.592486,-0.160879,-0.240801
-0.264741,0.385982,1.582092,-0.165800,-0.236135
-0.272658,0.374375,1.568372,-0.172127,-0.230978
-0.280179,0.363349,1.555338,-0.178229,-0.225986
-0.287324,0.350950,1.539110,-0.184557,-0.220505
-0.294111,0.339172,1.523693,-0.190680,-0.215180
-0.298636,0.327983,1.509046,-0.195373,-0.210064
-0.302935,0.317353,1.495133,-0.199908,-0.205105
-0.305096,0.309177,1.479991,-0.203299,-0.201817
-0.305226,0.301411,1.465607,-0.205324,-0.198680
-0.301503,0.294033,1.453865,-0.204482,-0.195499
-0.296043,0.287023,1.444634,-0.202128,-0.192234
-0.288934,0.280364,1.435863,-0.198575,-0.189133
-0.282179,0.274039,1.427532,-0.195154,-0.186143
-0.273840,0.268029,1.419617,-0.190556,-0.183305
-0.265917,0.264243,1.410174,-0.186382,-0.182098
-0.258390,0.260646,1.401204,-0.182357,-0.180931
-0.251240,0.257229,1.392682,-0.178480,-0.179803
-0.244447,0.253983,1.384587,-0.174748,-0.178715
-0.237994,0.250899,1.376896,-0.171157,-0.177665
-0.231864,0.249893,1.367666,-0.167935,-0.178233
-0.226040,0.248937,1.358898,-0.164831,-0.178778
-0.220507,0.249951,1.352492,-0.161615,-0.180416
-0.217174,0.248992,1.346406,-0.159921,-0.180582
-0.212084,0.248081,1.338701,-0.157120,-0.181028
-0.207249,0.247216,1.331381,-0.154426,-0.181456
-0.202656,0.246393,1.324428,-0.151836,-0.181865
-0.200216,0.245612,1.317822,-0.150776,-0.182219
-0.197897,0.244870,1.313469,-0.149543,-0.182302
-0.195695,0.242242,1.311257,-0.148149,-0.180723
-0.193602,0.239745,1.309156,-0.146819,-0.179216
-0.193537,0.237373,1.307160,-0.146992,-0.177741
-0.193476,0.237043,1.309109,-0.146730,-0.177246
-0.193418,0.236729,1.312885,-0.146270,-0.176530
-0.193362,0.236431,1.318394,-0.145627,-0.175607
-0.195232,0.238071,1.325551,-0.146233,-0.175850
-0.198932,0.239629,1.332351,-0.148214,-0.176041
-0.202447,0.241109,1.340733,-0.149865,-0.175979
-0.205786,0.240592,1.350620,-0.151202,-0.174315
-0.210882,0.240101,1.360012,-0.153834,-0.172720
-0.215722,0.237711,1.368934,-0.156299,-0.169877
-0.220321,0.235441,1.379334,-0.158392,-0.166986
-0.224689,0.233285,1.387290,-0.160568,-0.164495
-0.230763,0.229313,1.394849,-0.163954,-0.160795
-0.236532,0.225539,1.402029,-0.167133,-0.157314
-0.240090,0.223878,1.408851,-0.168794,-0.155387
-0.243470,0.220376,1.413408,-0.170583,-0.152463
-0.244758,0.218973,1.417738,-0.170955,-0.151042
-0.244059,0.217640,1.423774,-0.169767,-0.149539
-0.245317,0.216373,1.427585,-0.170179,-0.148280
-0.246513,0.215170,1.431206,-0.170568,-0.147090
-0.247649,0.215950,1.434646,-0.170936,-0.147257
-0.250651,0.214768,1.439837,-0.172356,-0.145907
-0.253503,0.213645,1.444768,-0.173695,-0.144633
-0.256213,0.212578,1.451376,-0.174731,-0.143248
-0.260710,0.211564,1.459576,-0.176756,-0.141734
-0.272674,0.204832,1.467366,-0.183730,-0.136390
-0.285964,0.194591,1.476690,-0.191284,-0.128657
-0.304358,0.181015,1.491317,-0.201322,-0.118372
-0.321832,0.166195,1.507136,-0.210379,-0.107426
-0.338433,0.152116,1.526010,-0.218244,-0.097012
-0.354204,0.138741,1.545864,-0.225242,-0.087261
-0.369186,0.126035,1.564724,-0.231705,-0.078235
-0.385342,0.115887,1.584565,-0.238554,-0.070944
-0.400690,0.106246,1.603414,-0.244883,-0.064197
-0.415271,0.095165,1.617474,-0.251312,-0.056926
-0.429123,0.086560,1.626985,-0.257881,-0.051398
-0.442282,0.078386,1.632174,-0.264622,-0.046321
-0.454783,0.072544,1.631334,-0.271877,-0.042809
-0.464736,0.072763,1.624768,-0.278594,-0.043030
-0.470346,0.076817,1.614683,-0.283450,-0.045644
-0.469905,0.082591,1.603180,-0.285122,-0.049397
-0.469487,0.088077,1.592252,-0.286732,-0.053008
-0.461397,0.093289,1.579947,-0.284132,-0.056618
-0.446020,0.098240,1.564411,-0.277735,-0.060317
-0.431411,0.102943,1.549652,-0.271517,-0.063909
-0.413687,0.109334,1.531785,-0.263776,-0.068800
-0.393002,0.119252,1.509042,-0.254772,-0.076326
-0.365660,0.130597,1.472051,-0.243474,-0.085890
-0.335838,0.141375,1.427295,-0.231094,-0.096121
-0.305585,0.147768,1.365545,-0.220155,-0.105210
-0.276844,0.149995,1.299191,-0.209950,-0.112441
-0.249540,0.150188,1.234232,-0.199494,-0.118711
-0.223602,0.150370,1.172520,-0.188439,-0.125315
-0.198960,0.146698,1.111971,-0.177052,-0.129141
-0.175551,0.141286,1.056372,-0.164678,-0.131180
-0.151389,0.136145,1.003554,-0.149724,-0.133349
-0.128435,0.131261,0.953376,-0.133909,-0.135610
-0.104705,0.124698,0.903784,-0.115338,-0.136208
-0.080239,0.120386,0.852826,-0.093810,-0.139626
-0.055073,0.118213,0.804415,-0.068357,-0.145575
-0.031166,0.116148,0.756502,-0.041174,-0.152217
-0.008454,0.114187,0.709062,-0.011922,-0.159658
0.013123,0.112324,0.663993,0.019761,-0.167546
0.033621,0.110554,0.623101,0.053905,-0.175348
0.053093,0.108872,0.584254,0.090625,-0.183492
0.071593,0.107275,0.551195,0.129163,-0.190657
0.091090,0.103834,0.521712,0.172856,-0.193604
0.109612,0.100566,0.495627,0.217656,-0.195586
0.125286,0.097460,0.474691,0.258046,-0.195968
0.142098,0.094510,0.456726,0.301630,-0.195075
0.158070,0.091708,0.439659,0.345139,-0.193824
0.173244,0.089046,0.423445,0.388351,-0.192226
0.187658,0.086516,0.408042,0.431056,-0.190302
0.201352,0.084114,0.393409,0.473054,-0.188078
0.214362,0.081831,0.379508,0.514166,-0.185584
0.226721,0.079663,0.366302,0.554233,-0.182857
0.238461,0.077603,0.353756,0.593120,-0.179932
0.249615,0.075646,0.341837,0.630719,-0.176848
0.262134,0.073786,0.332438,0.667703,-0.172556
0.274028,0.072020,0.323508,0.702779,-0.168265
0.285326,0.070342,0.315025,0.735969,-0.164012
0.296060,0.068748,0.306966,0.767314,-0.159826
0.306257,0.067234,0.299310,0.796869,-0.155733
0.315944,0.065795,0.292037,0.824700,-0.151751
0.323224,0.062505,0.288974,0.841286,-0.143179
0.330140,0.059380,0.286063,0.856805,-0.135105
0.321325,0.042950,0.306376,0.809210,-0.096438
0.312951,0.027341,0.325672,0.765481,-0.060459
0.304996,0.012512,0.344004,0.725365,-0.027209
0.297438,-0.001575,0.361419,0.688593,0.003365
0.288336,-0.016881,0.383733,0.644394,0.035155
0.279688,-0.031422,0.404931,0.604461,0.063761
0.271473,-0.047158,0.426992,0.566314,0.092932
0.263668,-0.062108,0.447950,0.532003,0.118923
0.256254,-0.076310,0.467860,0.501088,0.142089
0.249211,-0.089802,0.486775,0.473172,0.162762
0.242519,-0.104543,0.506667,0.446428,0.184008
0.234240,-0.120470,0.531334,0.415221,0.204563
0.226374,-0.135600,0.554767,0.387429,0.222562
0.215055,-0.151897,0.580875,0.354579,0.240484
0.204302,-0.169302,0.607600,0.324369,0.258214
0.199857,-0.183914,0.636836,0.304094,0.268871
0.195633,-0.197795,0.666532,0.285491,0.277400
0.191620,-0.210982,0.694744,0.269123,0.284794
0.189732,-0.223510,0.721545,0.257131,0.291073
0.187937,-0.235412,0.747007,0.246472,0.296601
0.186233,-0.246718,0.771195,0.236950,0.301497
0.184614,-0.257459,0.794173,0.228404,0.305857
0.183075,-0.267663,0.816003,0.220701,0.309758
0.181614,-0.277357,0.836742,0.213734,0.313264
0.180225,-0.286566,0.856443,0.207409,0.316427
0.178906,-0.295314,0.875159,0.201649,0.319292
0.179576,-0.305549,0.892940,0.198460,0.323669
0.182136,-0.315271,0.907908,0.197983,0.328157
0.190337,-0.324508,0.924051,0.203140,0.331282
0.215436,-0.337128,0.943233,0.224549,0.335289
0.241202,-0.349118,0.961456,0.245799,0.338633
0.269527,-0.362432,0.976845,0.269217,0.343481
0.302204,-0.375079,0.991464,0.295860,0.347211
0.337094,-0.389018,1.003429,0.324096,0.352183
0.374085,-0.402259,1.014796,0.353175,0.356075
0.409227,-0.414838,1.025595,0.379657,0.359369
0.448381,-0.426789,1.035854,0.408511,0.361497
0.485578,-0.438142,1.045600,0.434765,0.363191
0.524760,-0.445081,1.054858,0.461622,0.361198
0.563907,-0.447827,1.061731,0.488233,0.356585
0.601096,-0.446589,1.062490,0.514849,0.350712
0.634503,-0.435798,1.051673,0.542862,0.340954
0.666239,-0.425547,1.041397,0.569139,0.331513
0.690620,-0.406192,1.025866,0.592517,0.317355
0.709935,-0.383960,1.013034,0.611263,0.300960
0.720592,-0.358993,1.000844,0.624013,0.283264
0.723024,-0.331428,0.991186,0.630221,0.263843
0.711873,-0.301395,0.982012,0.627251,0.243559
0.689741,-0.272863,0.977142,0.614658,0.224297
0.649484,-0.251528,0.976362,0.586993,0.211293
0.590087,-0.240875,0.983313,0.540494,0.207034
0.516352,-0.238446,0.993763,0.479199,0.209784
0.436688,-0.239985,1.003690,0.410380,0.215835
0.357161,-0.239525,1.005428,0.341329,0.220827
0.279688,-0.235241,0.999388,0.272878,0.222909
0.206088,-0.229248,0.982111,0.206841,0.224594
0.138091,-0.219709,0.963774,0.142313,0.221945
0.077341,-0.210646,0.944432,0.081709,0.218739
0.023474,-0.202037,0.927979,0.025290,0.214305
-0.021931,-0.193858,0.912350,-0.024033,0.209310
-0.061219,-0.188011,0.899425,-0.067960,0.205606
-0.094696,-0.182457,0.887146,-0.106340,0.201724
-0.122654,-0.177180,0.873558,-0.139495,0.198218
-0.145367,-0.172167,0.858726,-0.167693,0.195163
-0.161176,-0.165482,0.840790,-0.189398,0.190943
-0.174271,-0.159131,0.821827,-0.208958,0.187201
-0.184788,-0.153098,0.803813,-0.225963,0.183534
-0.194779,-0.147366,0.786699,-0.242710,0.179866
-0.204271,-0.141921,0.770441,-0.259172,0.176208
-0.213288,-0.134825,0.754996,-0.275328,0.170188
-0.221855,-0.128083,0.740323,-0.291157,0.164236
-0.229993,-0.121679,0.726384,-0.306640,0.158362
-0.237724,-0.115595,0.711218,-0.322574,0.152945
-0.246992,-0.109815,0.694888,-0.341514,0.147821
-0.257719,-0.108171,0.681298,-0.361640,0.147425
-0.283295,-0.125839,0.685694,-0.391791,0.168016
-0.307591,-0.142624,0.689871,-0.419412,0.186625
-0.328750,-0.158570,0.693839,-0.442480,0.203666
-0.348851,-0.173718,0.695686,-0.464807,0.219616
-0.366024,-0.186186,0.699363,-0.482167,0.231637
-0.378492,-0.196108,0.702856,-0.493976,0.240890
-0.390337,-0.205533,0.706175,-0.504950,0.249423
-0.401589,-0.214487,0.709328,-0.515161,0.257303
-0.410356,-0.221071,0.712323,-0.522646,0.262705
-0.412915,-0.225402,0.715168,-0.523612,0.266455
-0.413423,-0.229516,0.717871,-0.522511,0.270278
-0.413906,-0.231502,0.720439,-0.521472,0.271733
-0.408595,-0.233388,0.726725,-0.512193,0.272951
-0.403550,-0.235180,0.732697,-0.503437,0.274080
-0.396834,-0.236883,0.738369,-0.493154,0.275410
-0.390454,-0.238500,0.745682,-0.482364,0.276111
-0.384393,-0.240037,0.754551,-0.471165,0.276211
-0.380558,-0.241497,0.762978,-0.462671,0.276011
-0.376914,-0.242883,0.770983,-0.454708,0.275807
-0.373453,-0.244201,0.778587,-0.447239,0.275600
-0.372088,-0.247375,0.789658,-0.440345,0.276144
-0.372715,-0.252314,0.798252,-0.436830,0.278936
-0.373310,-0.257006,0.808339,-0.432642,0.281010
-0.373875,-0.261464,0.817922,-0.428745,0.282934
-0.376335,-0.265698,0.830873,-0.425296,0.283451
-0.374826,-0.267798,0.847021,-0.416618,0.281446
-0.371469,-0.267869,0.862362,-0.406737,0.277899
-0.368280,-0.266014,0.876937,-0.397596,0.272714
-0.363328,-0.260406,0.888859,-0.388033,0.264817
-0.358623,-0.255078,0.898262,-0.379852,0.257856
-0.354154,-0.250016,0.909118,-0.371472,0.250855
-0.349907,-0.247131,0.919432,-0.363644,0.246117
-0.347797,-0.246313,0.933075,-0.356790,0.242488
-0.347714,-0.245536,0.946037,-0.352222,0.238953
-0.349560,-0.246720,0.956428,-0.350402,0.237705
-0.355158,-0.249769,0.966298,-0.352219,0.238013
-0.362401,-0.254588,0.975676,-0.355642,0.239896
-0.369281,-0.259167,0.984584,-0.358825,0.241644
-0.375816,-0.263516,0.993047,-0.361790,0.243268
-0.382026,-0.269571,0.999164,-0.365195,0.246864
-0.387924,-0.275323,1.003052,-0.369027,0.250624
-0.393528,-0.280788,1.006746,-0.372629,0.254149
-0.400775,-0.285979,1.010255,-0.377664,0.257295
-0.409582,-0.290911,1.011665,-0.384689,0.260485
-0.417949,-0.295596,1.013005,-0.391307,0.263474
-0.427821,-0.298124,1.018124,-0.397803,0.263667
-0.439122,-0.302449,1.028756,-0.403435,0.264077
-0.449859,-0.306557,1.038857,-0.408654,0.264450
-0.460058,-0.310460,1.048452,-0.413499,0.264789
-0.471670,-0.312245,1.057568,-0.419519,0.263381
-0.482702,-0.312017,1.066228,-0.425113,0.260530
-0.495106,-0.311801,1.074455,-0.431796,0.257699
-0.512658,-0.311595,1.076502,-0.444448,0.255614
-0.531256,-0.311400,1.078446,-0.457720,0.253455
-0.548924,-0.313138,1.078370,-0.470846,0.253228
-0.563785,-0.314789,1.076374,-0.482492,0.253494
-0.575981,-0.316357,1.070633,-0.493569,0.254573
-0.583720,-0.315924,1.057486,-0.504369,0.255819
-0.591073,-0.315512,1.044996,-0.514758,0.256989
-0.598057,-0.315121,1.029285,-0.526363,0.258779
-0.602770,-0.320519,1.010513,-0.537841,0.265950
-0.603401,-0.327570,0.990756,-0.547033,0.275213
-0.602077,-0.338114,0.971988,-0.554583,0.287527
-0.587358,-0.350055,0.954158,-0.551795,0.302815
-0.565682,-0.359475,0.935296,-0.543953,0.317729
-0.539321,-0.364578,0.917377,-0.531471,0.330063
-0.514278,-0.369426,0.900354,-0.518970,0.342264
-0.486641,-0.374032,0.884183,-0.503139,0.354909
-0.454617,-0.376484,0.870743,-0.481172,0.366007
-0.422270,-0.378814,0.859898,-0.456478,0.376558
-0.389618,-0.379104,0.851519,-0.429121,0.384674
-0.358599,-0.379380,0.843558,-0.401958,0.392424
-0.327208,-0.381564,0.835996,-0.373070,0.401891
-0.295463,-0.383640,0.828811,-0.342444,0.411154
-0.265305,-0.385612,0.820063,-0.312891,0.420683
-0.232809,-0.385562,0.813675,-0.278675,0.427478
-0.196168,-0.385515,0.807607,-0.238286,0.434325
-0.157514,-0.383547,0.801842,-0.193970,0.438838
-0.116946,-0.381677,0.798288,-0.145461,0.441872
-0.078406,-0.379901,0.794912,-0.098317,0.443944
-0.037947,-0.376290,0.789782,-0.048011,0.444182
0.000488,-0.372861,0.784908,0.000622,0.443479
0.038926,-0.367679,0.778355,0.049968,0.440826
0.075441,-0.362757,0.772130,0.097396,0.437382
0.110130,-0.360003,0.766216,0.142755,0.435313
0.139239,-0.357388,0.768289,0.179287,0.429253
0.159200,-0.358749,0.776029,0.202340,0.425228
0.178163,-0.361966,0.785304,0.223095,0.422439
0.194255,-0.365021,0.794116,0.239907,0.419933
0.209542,-0.369847,0.802487,0.255413,0.419460
0.222142,-0.374432,0.808517,0.268136,0.419990
0.234112,-0.378787,0.814245,0.279969,0.420429
0.245483,-0.382925,0.817763,0.291630,0.421595
0.256286,-0.384932,0.821106,0.302541,0.420778
0.264626,-0.386839,0.822358,0.311325,0.421014
0.272548,-0.388651,0.823548,0.319599,0.421211
0.281998,-0.390373,0.826601,0.328772,0.420329
0.289052,-0.392008,0.835271,0.333158,0.417446
0.295753,-0.393561,0.843508,0.337229,0.414756
0.300196,-0.393114,0.851332,0.339006,0.410716
0.302494,-0.390766,0.856843,0.339375,0.406133
0.302754,-0.388535,0.860154,0.338434,0.402786
0.301078,-0.386416,0.863300,0.335563,0.399869
0.297562,-0.386326,0.868212,0.330183,0.398420
0.292300,-0.386241,0.872879,0.323132,0.397279
0.287300,-0.386159,0.877312,0.316471,0.396185
0.280627,-0.388005,0.879600,0.308832,0.397837
0.272365,-0.389759,0.879851,0.300203,0.400321
0.262593,-0.393348,0.880089,0.289962,0.404648
0.251386,-0.398680,0.880315,0.278161,0.410710
0.240740,-0.403746,0.880530,0.266882,0.416427
0.230626,-0.408559,0.880735,0.256106,0.421818
0.219095,-0.415054,0.880929,0.243763,0.428847
0.206217,-0.421225,0.883036,0.229420,0.434863
0.193983,-0.427086,0.885038,0.215769,0.440485
0.182361,-0.430732,0.886940,0.202781,0.444009
0.169397,-0.434196,0.888747,0.188343,0.447446
0.157081,-0.437486,0.890463,0.174607,0.450629
0.145381,-0.438688,0.892094,0.161545,0.451858
0.132342,-0.441754,0.893643,0.147024,0.454806
0.119956,-0.444666,0.897038,0.132936,0.456689
0.108189,-0.447433,0.900263,0.119601,0.458396
0.097010,-0.450061,0.903327,0.106982,0.459943
0.086391,-0.452558,0.906237,0.095042,0.461347
0.076302,-0.454930,0.909002,0.083744,0.462622
0.066717,-0.457184,0.911629,0.073055,0.463779
0.057612,-0.459325,0.914125,0.062941,0.464831
0.048962,-0.461358,0.916495,0.053373,0.465787
0.040745,-0.463290,0.918747,0.044320,0.466657
0.031016,-0.467049,0.922810,0.033597,0.468301
0.019849,-0.470620,0.926670,0.021417,0.469824
0.009242,-0.474012,0.930336,0.009933,0.471203
0.001087,-0.475311,0.935742,0.001162,0.469988
-0.002813,-0.474623,0.938955,-0.002996,0.468020
-0.004596,-0.473968,0.942008,-0.004879,0.466157
-0.006289,-0.473347,0.944907,-0.006656,0.464395
-0.005975,-0.472756,0.949585,-0.006292,0.461923
-0.005676,-0.472196,0.955952,-0.005937,0.458792
-0.005392,-0.471663,0.962000,-0.005605,0.455846
-0.007046,-0.471156,0.969670,-0.007266,0.452289
-0.008616,-0.472599,0.978878,-0.008802,0.449775
-0.010109,-0.473969,0.987627,-0.010235,0.447424
-0.017295,-0.479116,0.999784,-0.017297,0.446828
-0.029892,-0.485930,1.013256,-0.029493,0.447003
-0.053398,-0.498172,1.033747,-0.051609,0.448549
-0.075728,-0.509802,1.053214,-0.071778,0.449791
-0.106557,-0.528542,1.079399,-0.098400,0.453432
-0.135844,-0.546346,1.104275,-0.122402,0.456465
-0.182898,-0.574798,1.149062,-0.157848,0.458847
-0.239138,-0.607596,1.201224,-0.196509,0.460506
-0.300258,-0.640678,1.258470,-0.234211,0.459795
-0.369860,-0.681721,1.322470,-0.272706,0.460796
-0.443675,-0.722635,1.387116,-0.309571,0.460602
-0.511876,-0.757657,1.446606,-0.340097,0.458634
-0.570898,-0.785159,1.495430,-0.364685,0.456027
-0.617353,-0.803593,1.534120,-0.382586,0.452339
-0.653793,-0.811491,1.563183,-0.396135,0.446646
-0.676872,-0.811301,1.579255,-0.404918,0.441146
-0.698798,-0.811120,1.594523,-0.413039,0.436008
-0.719627,-0.810949,1.609027,-0.420559,0.431206
-0.731723,-0.805017,1.613191,-0.425833,0.426554
-0.733598,-0.791689,1.609455,-0.427671,0.420853
-0.727688,-0.771335,1.596290,-0.427718,0.414235
-0.710534,-0.746230,1.572244,-0.424452,0.408215
-0.663469,-0.703149,1.509017,-0.414230,0.403189
-0.609142,-0.660300,1.435489,-0.401315,0.400545
-0.549838,-0.615746,1.357945,-0.384727,0.397877
-0.485808,-0.569574,1.278510,-0.363129,0.394604
-0.419210,-0.523788,1.201123,-0.335797,0.390574
-0.350172,-0.478368,1.125682,-0.301587,0.385478
-0.278818,-0.435219,1.054013,-0.258606,0.379804
-0.211031,-0.394227,0.985928,-0.210861,0.372721
-0.142787,-0.355285,0.919324,-0.154086,0.364793
-0.076032,-0.314444,0.854127,-0.088783,0.351471
-0.006846,-0.275644,0.790267,-0.008662,0.335593
0.062727,-0.236862,0.725753,0.086216,0.314372
0.128822,-0.203865,0.664466,0.191497,0.292560
0.185842,-0.174441,0.608165,0.296567,0.267725
0.234242,-0.150335,0.556603,0.398344,0.243986
0.276376,-0.131279,0.509542,0.496990,0.222716
0.310634,-0.117023,0.466758,0.587205,0.205764
0.335487,-0.107326,0.431881,0.660437,0.193790
0.351405,-0.105806,0.404518,0.715251,0.194951
0.358835,-0.110131,0.386215,0.748665,0.205941
0.358201,-0.121932,0.376520,0.760470,0.230457
0.351829,-0.136989,0.371155,0.758674,0.261721
0.343853,-0.155140,0.369905,0.748915,0.298034
0.336276,-0.174306,0.370641,0.736824,0.335154
0.329078,-0.192514,0.373263,0.722570,0.369141
0.324162,-0.207888,0.373830,0.714359,0.397749
0.325262,-0.218647,0.372446,0.717873,0.416328
0.333999,-0.226946,0.367286,0.737968,0.428780
0.344222,-0.232906,0.362383,0.759702,0.436071
0.355857,-0.238569,0.361571,0.777433,0.439572
0.366910,-0.242025,0.362724,0.791136,0.438621
0.377411,-0.245308,0.363818,0.803734,0.437682
0.387386,-0.248427,0.361012,0.820625,0.438665
0.394940,-0.251391,0.358346,0.833940,0.440509
0.402116,-0.254206,0.355813,0.846414,0.442173
0.407010,-0.256880,0.355330,0.853086,0.443812
0.409737,-0.261344,0.356795,0.854356,0.448349
0.408481,-0.267507,0.358186,0.850907,0.457543
0.403441,-0.275286,0.359507,0.842920,0.471163
0.396731,-0.282675,0.362686,0.830199,0.484137
0.386510,-0.291618,0.367628,0.810430,0.500300
0.374876,-0.302038,0.374247,0.786239,0.518215
0.361902,-0.313859,0.382458,0.757790,0.537529
0.345730,-0.327012,0.394104,0.720106,0.557708
0.328443,-0.343354,0.407091,0.678877,0.580879
0.312021,-0.358878,0.419429,0.639598,0.601613
0.294497,-0.373627,0.433073,0.597189,0.619671
0.277849,-0.389561,0.444111,0.559052,0.639410
0.262034,-0.400852,0.454598,0.522891,0.652369
0.247009,-0.413502,0.464561,0.488688,0.666088
0.232735,-0.423596,0.472102,0.458014,0.677647
0.219175,-0.433185,0.477343,0.430443,0.689629
0.206294,-0.442295,0.482322,0.404163,0.700492
0.190210,-0.452873,0.488975,0.370985,0.712085
0.173007,-0.462921,0.499142,0.333651,0.719560
0.156664,-0.472468,0.506877,0.299764,0.727569
