-0.038384,-0.264684,0.949988,-0.040383,0.271516
-0.038388,-0.266834,0.942874,-0.040691,0.275572
-0.042238,-0.272723,0.939961,-0.044905,0.282120
-0.051664,-0.280241,0.939116,-0.054958,0.289583
-0.060619,-0.285460,0.940238,-0.064383,0.294184
-0.063358,-0.288494,0.941303,-0.067207,0.296762
-0.062113,-0.293300,0.944237,-0.065686,0.300561
-0.059007,-0.297866,0.945103,-0.062354,0.304756
-0.056057,-0.302204,0.945924,-0.059192,0.308723
-0.051331,-0.302478,0.944782,-0.054278,0.309417
-0.046841,-0.300816,0.945620,-0.049495,0.307638
-0.040653,-0.301159,0.946416,-0.042928,0.307813
-0.036697,-0.301486,0.947172,-0.038725,0.307945
-0.032939,-0.301796,0.947890,-0.034736,0.308065
-0.029369,-0.302091,0.948573,-0.030952,0.308175
-0.025978,-0.304294,0.951144,-0.027305,0.309526
-0.022756,-0.306387,0.953587,-0.023859,0.310799
-0.019695,-0.308376,0.955907,-0.020601,0.311998
-0.016787,-0.310265,0.956189,-0.017555,0.313717
-0.014025,-0.312059,0.956456,-0.014662,0.315345
-0.011400,-0.313764,0.956711,-0.011916,0.316887
-0.008907,-0.315383,0.956952,-0.009308,0.318347
-0.006539,-0.316922,0.957181,-0.006831,0.319731
-0.004289,-0.318383,0.957399,-0.004480,0.321043
-0.002151,-0.319772,0.957606,-0.002247,0.322285
-0.002044,-0.321091,0.957803,-0.002134,0.323462
-0.000019,-0.320421,0.959913,-0.000019,0.322173
0.003829,-0.317862,0.961917,0.003980,0.319147
0.007483,-0.315430,0.963821,0.007764,0.316275
0.018648,-0.301582,0.963707,0.019347,0.303232
0.029254,-0.288426,0.963599,0.030349,0.290708
0.041253,-0.274004,0.963496,0.042789,0.276830
0.052651,-0.260304,0.963398,0.054597,0.263517
0.063480,-0.247289,0.963305,0.065803,0.250762
0.073768,-0.233001,0.963216,0.076436,0.236673
0.075849,-0.223274,0.959286,0.078904,0.227992
0.073979,-0.215957,0.959399,0.076958,0.220772
0.072203,-0.207082,0.959506,0.075109,0.211980
0.068593,-0.198651,0.961531,0.071217,0.203230
0.063241,-0.190642,0.963454,0.065545,0.194941
0.058155,-0.181109,0.963358,0.060294,0.185499
0.053325,-0.172054,0.963267,0.055302,0.176486
0.048735,-0.161528,0.961258,0.050656,0.166273
0.044375,-0.151529,0.957426,0.046316,0.156799
0.040234,-0.142029,0.951862,0.042243,0.147989
0.036299,-0.133005,0.946577,0.038329,0.139496
0.032561,-0.124431,0.939632,0.034639,0.131581
0.029010,-0.116287,0.931112,0.031146,0.124187
0.025636,-0.108549,0.923018,0.027767,0.117020
0.022431,-0.101199,0.911483,0.024605,0.110540
0.015540,-0.094216,0.900524,0.017255,0.104229
0.005148,-0.089505,0.893959,0.005759,0.099788
-0.006648,-0.086953,0.889646,-0.007472,0.097426
-0.025546,-0.088374,0.889394,-0.028715,0.098999
-0.047346,-0.091648,0.891079,-0.053083,0.102347
-0.068055,-0.096681,0.894602,-0.075927,0.107346
-0.087730,-0.101462,0.899872,-0.097184,0.111752
-0.100651,-0.104081,0.904878,-0.110776,0.113824
-0.111003,-0.106570,0.907711,-0.121685,0.116013
-0.116991,-0.108934,0.906556,-0.128341,0.118614
-0.126526,-0.107333,0.913151,-0.137683,0.115907
-0.137508,-0.101966,0.923263,-0.147850,0.108805
-0.146017,-0.094945,0.932869,-0.155265,0.100216
-0.154101,-0.088275,0.941995,-0.162153,0.092219
-0.157934,-0.083861,0.946818,-0.165283,0.087143
-0.159653,-0.081591,0.945631,-0.167255,0.084874
-0.163209,-0.081358,0.942580,-0.171451,0.084844
-0.166587,-0.079213,0.941605,-0.175106,0.082650
-0.171719,-0.077175,0.942602,-0.180199,0.080375
-0.178517,-0.077163,0.945472,-0.186616,0.080025
-0.184976,-0.079074,0.950121,-0.192282,0.081510
-0.191112,-0.082812,0.952615,-0.197990,0.085028
-0.198864,-0.086364,0.956908,-0.204903,0.088136
-0.206229,-0.089738,0.960985,-0.211395,0.091050
-0.213225,-0.094867,0.966782,-0.217076,0.095532
-0.221794,-0.099739,0.972289,-0.224278,0.099681
-0.228012,-0.104367,0.977521,-0.229158,0.103604
-0.231996,-0.106841,0.982491,-0.231883,0.105442
-0.231935,-0.105345,0.985290,-0.231189,0.103700
-0.228031,-0.102001,0.986025,-0.227267,0.100447
-0.220475,-0.096901,0.982878,-0.220663,0.095903
-0.209451,-0.090133,0.979888,-0.210582,0.089709
-0.197056,-0.083703,0.977047,-0.199015,0.083782
-0.185280,-0.077595,0.974349,-0.187914,0.078077
-0.176016,-0.073715,0.971785,-0.179184,0.074503
-0.169138,-0.071952,0.971273,-0.172412,0.072853
-0.166451,-0.072201,0.968863,-0.170139,0.073314
-0.167743,-0.074360,0.966574,-0.171833,0.075654
-0.170895,-0.078334,0.962476,-0.175726,0.079964
-0.175811,-0.084033,0.958583,-0.181392,0.086013
-0.184329,-0.093293,0.956807,-0.190318,0.095453
-0.194343,-0.102090,0.957044,-0.200342,0.104160
-0.205780,-0.112370,0.957269,-0.211743,0.114264
-0.216644,-0.122136,0.957482,-0.222518,0.123779
-0.228889,-0.133337,0.959608,-0.234149,0.134344
-0.244368,-0.143978,0.963551,-0.248375,0.143839
-0.260996,-0.156010,0.965373,-0.264045,0.154757
-0.274869,-0.167440,0.967105,-0.276916,0.165025
-0.288049,-0.178299,0.966826,-0.289559,0.174933
-0.300569,-0.188615,0.962716,-0.302620,0.184881
-0.310541,-0.196492,0.956888,-0.313809,0.192888
-0.318091,-0.203975,0.951351,-0.322671,0.200605
-0.323340,-0.209161,0.948014,-0.328698,0.205860
-0.328327,-0.214087,0.944844,-0.334440,0.210849
-0.333064,-0.218767,0.941833,-0.339909,0.215585
-0.333719,-0.223214,0.938972,-0.341485,0.220358
-0.338187,-0.229361,0.938177,-0.345973,0.226058
-0.342431,-0.235200,0.937422,-0.350231,0.231447
-0.358002,-0.246517,0.938628,-0.364378,0.240638
-0.374717,-0.257268,0.941697,-0.378710,0.248588
-0.392520,-0.269405,0.944612,-0.393827,0.257521
-0.409432,-0.280935,0.949304,-0.407192,0.265333
-0.423576,-0.291888,0.953762,-0.417946,0.272727
-0.437013,-0.302294,0.957997,-0.427976,0.279569
-0.451700,-0.312179,0.962020,-0.438978,0.285700
-0.463731,-0.319647,0.963919,-0.448405,0.290382
-0.475160,-0.326741,0.965723,-0.457247,0.294739
-0.484094,-0.333481,0.965514,-0.464755,0.299471
-0.488735,-0.337961,0.967238,-0.467870,0.302300
-0.491222,-0.340294,0.968876,-0.469233,0.303580
-0.491661,-0.342510,0.970433,-0.468946,0.305018
-0.492078,-0.344615,0.971911,-0.468674,0.306380
-0.494397,-0.346615,0.975239,-0.469192,0.306986
-0.494677,-0.348515,0.978400,-0.468116,0.307786
-0.496866,-0.352243,0.981403,-0.468660,0.309900
-0.497023,-0.357708,0.982333,-0.468406,0.314159
-0.499095,-0.362900,0.983216,-0.469721,0.317953
-0.501063,-0.367831,0.984055,-0.470966,0.321538
-0.502933,-0.374440,0.984852,-0.472146,0.326486
-0.506633,-0.382641,0.985610,-0.474808,0.332466
-0.510147,-0.390432,0.990175,-0.475740,0.337138
-0.513486,-0.399757,0.994513,-0.476617,0.343043
-0.516658,-0.410538,1.000556,-0.476658,0.349599
-0.517748,-0.418857,1.006298,-0.475186,0.354485
-0.516861,-0.428684,1.011752,-0.472295,0.360803
-0.514094,-0.436096,1.016934,-0.468065,0.365513
-0.505697,-0.443137,1.019933,-0.460293,0.371211
-0.495797,-0.447903,1.022783,-0.451376,0.375381
-0.484469,-0.450508,1.023567,-0.442072,0.378629
-0.469861,-0.451060,1.024311,-0.430073,0.380725
-0.452137,-0.449660,1.025019,-0.415429,0.381688
-0.433376,-0.448331,1.025691,-0.399769,0.382777
-0.411707,-0.447069,1.024407,-0.382142,0.384756
-0.391122,-0.445869,1.023186,-0.365119,0.386561
-0.369643,-0.444729,1.022027,-0.347039,0.388415
-0.349238,-0.441724,1.019002,-0.330179,0.389158
-0.329853,-0.438868,1.016129,-0.313885,0.389782
-0.309514,-0.436156,1.013400,-0.296423,0.390482
-0.290192,-0.435502,1.010807,-0.279571,0.392617
-0.271836,-0.434880,1.008343,-0.263327,0.394577
-0.254398,-0.434290,1.006003,-0.247688,0.396373
-0.237832,-0.437576,1.003780,-0.232647,0.401179
-0.222095,-0.442620,1.001668,-0.218195,0.407284
-0.207144,-0.447412,0.999661,-0.204322,0.413043
-0.191017,-0.450041,0.997755,-0.189158,0.417025
-0.175697,-0.452539,0.995944,-0.174616,0.420750
-0.161143,-0.452989,0.994224,-0.160682,0.422648
-0.145394,-0.453417,0.990667,-0.145723,0.425211
-0.130432,-0.453823,0.987287,-0.131350,0.427590
-0.116218,-0.454209,0.984077,-0.117554,0.429795
-0.102715,-0.454575,0.981027,-0.104321,0.431838
-0.089886,-0.454923,0.978129,-0.091639,0.433730
-0.077700,-0.453331,0.975377,-0.079494,0.433865
-0.064199,-0.451818,0.972762,-0.065902,0.433992
-0.047528,-0.444612,0.968354,-0.049042,0.429974
-0.029767,-0.435843,0.964167,-0.030863,0.424371
-0.012894,-0.427512,0.960190,-0.013428,0.418853
0.005058,-0.417675,0.956411,0.005289,0.411743
0.020190,-0.408330,0.952821,0.021187,0.404791
0.034565,-0.401375,0.949411,0.036391,0.399736
0.048222,-0.394768,0.946171,0.050921,0.394807
0.059272,-0.390414,0.943093,0.062766,0.391796
0.067847,-0.386278,0.942093,0.071893,0.388208
0.075993,-0.382349,0.941142,0.080571,0.384760
0.081809,-0.378616,0.940239,0.086790,0.381510
0.085411,-0.375070,0.941304,0.090489,0.377768
0.088832,-0.371701,0.942315,0.093993,0.374209
0.092083,-0.368500,0.945200,0.097115,0.370143
0.093248,-0.365460,0.947940,0.098054,0.366358
0.092432,-0.362572,0.952466,0.096742,0.362174
0.089733,-0.359828,0.958689,0.093328,0.357630
0.087170,-0.357221,0.962677,0.090303,0.353991
0.086657,-0.352821,0.964543,0.089602,0.349378
0.086171,-0.348642,0.966316,0.088939,0.344997
0.085708,-0.342748,0.966077,0.088486,0.339696
0.087192,-0.333303,0.965850,0.090031,0.331042
0.092448,-0.322407,0.965635,0.095447,0.320876
0.097441,-0.312056,0.965430,0.100589,0.311150
0.104107,-0.300299,0.965235,0.107442,0.299986
0.110440,-0.289131,0.965050,0.113944,0.289307
0.118380,-0.274674,0.964875,0.122079,0.275376
0.125922,-0.260940,0.964708,0.129795,0.262044
0.133088,-0.247893,0.962627,0.137384,0.249765
0.141818,-0.233576,0.960649,0.146569,0.236052
0.146266,-0.221897,0.960693,0.151090,0.224495
0.148568,-0.210802,0.960736,0.153424,0.213534
0.150755,-0.200262,0.960776,0.155640,0.203080
0.148986,-0.192172,0.962737,0.153535,0.194761
0.145383,-0.186409,0.966523,0.149299,0.188457
0.138114,-0.180935,0.972043,0.141141,0.182243
0.131208,-0.173811,0.977287,0.133460,0.174477
0.124648,-0.167044,0.982269,0.126223,0.167133
0.120339,-0.158692,0.987002,0.121325,0.158265
0.118168,-0.146911,0.991498,0.118622,0.146081
0.118029,-0.133796,0.997692,0.117754,0.132398
0.119819,-0.119414,1.001654,0.119056,0.117825
0.123444,-0.103828,1.005417,0.122167,0.102142
0.126887,-0.087098,1.007069,0.125336,0.085599
0.130158,-0.069282,1.010562,0.128093,0.067891
0.133266,-0.052356,1.011957,0.130937,0.051250
0.136218,-0.038200,1.011359,0.133882,0.037415
0.137099,-0.024751,1.012714,0.134560,0.024215
0.134090,-0.013898,1.012079,0.131723,0.013613
0.127386,-0.003588,1.011475,0.125281,0.003520
0.119093,0.006207,1.012824,0.117048,-0.006086
0.109293,0.013589,1.016029,0.107156,-0.013297
0.096136,0.016755,1.020997,0.093882,-0.016337
0.081714,0.017841,1.029562,0.079201,-0.017272
0.066089,0.018872,1.041546,0.063368,-0.018081
0.049323,0.019851,1.051007,0.046895,-0.018865
0.035319,0.020782,1.059995,0.033307,-0.019592
0.023937,0.025512,1.066611,0.022439,-0.023908
0.015048,0.031929,1.072896,0.014025,-0.029748
0.010450,0.039948,1.076943,0.009703,-0.037075
0.009927,0.051412,1.080788,0.009185,-0.047531
0.011354,0.064226,1.080595,0.010507,-0.059362
0.014632,0.080245,1.080411,0.013542,-0.074130
0.017747,0.095464,1.074468,0.016515,-0.088603
0.020706,0.109921,1.064975,0.019440,-0.102831
0.023517,0.123656,1.055957,0.022267,-0.116544
0.026187,0.134781,1.045467,0.025043,-0.128172
0.026801,0.143426,1.035501,0.025876,-0.137588
0.025461,0.151640,1.026034,0.024809,-0.146685
0.022264,0.157519,1.018963,0.021847,-0.153338
0.015382,0.159259,1.014169,0.015166,-0.155744
0.004998,0.158988,1.011537,0.004941,-0.155897
-0.006791,0.156808,1.012883,-0.006704,-0.153591
-0.019913,0.152814,1.012239,-0.019669,-0.149806
-0.036225,0.147096,1.011627,-0.035793,-0.144302
-0.049798,0.141664,1.011046,-0.049214,-0.139044
-0.062693,0.138427,1.008571,-0.062080,-0.136139
-0.074943,0.135352,1.006219,-0.074342,-0.133348
-0.086580,0.132431,1.003985,-0.086024,-0.130668
-0.095713,0.129655,1.001863,-0.095246,-0.128122
-0.102466,0.128942,0.997923,-0.102320,-0.127833
-0.106958,0.130187,0.994181,-0.107172,-0.129469
-0.107379,0.133293,0.988703,-0.108182,-0.133234
-0.107779,0.136244,0.983498,-0.109152,-0.136845
-0.108160,0.139047,0.978554,-0.110083,-0.140306
-0.110444,0.141710,0.973857,-0.112926,-0.143592
-0.112614,0.144240,0.969395,-0.115651,-0.146737
-0.116599,0.146643,0.963233,-0.120463,-0.150002
-0.124230,0.145080,0.957379,-0.129040,-0.149163
-0.131480,0.141672,0.953741,-0.136994,-0.146104
-0.138368,0.136512,0.950285,-0.144591,-0.141209
-0.146834,0.131609,0.947001,-0.153827,-0.136480
-0.154877,0.125029,0.943882,-0.162636,-0.129978
-0.162518,0.118777,0.940919,-0.171035,-0.123758
-0.167853,0.112839,0.940026,-0.176700,-0.117623
-0.170999,0.105274,0.937256,-0.180462,-0.110051
-0.175911,0.100010,0.936547,-0.185666,-0.104568
-0.182500,0.095009,0.935873,-0.192588,-0.099315
-0.186836,0.094105,0.933311,-0.197575,-0.098547
-0.189033,0.095169,0.928953,-0.200750,-0.100055
-0.189197,0.098103,0.922890,-0.202203,-0.103760
-0.187429,0.102813,0.913284,-0.202415,-0.109833
-0.185750,0.109211,0.902235,-0.203041,-0.118008
-0.186078,0.115289,0.891739,-0.205717,-0.125890
-0.188313,0.119140,0.883690,-0.209957,-0.131104
-0.194282,0.118952,0.879890,-0.217315,-0.131251
-0.203798,0.116851,0.880126,-0.227545,-0.128629
-0.214762,0.112931,0.882274,-0.238775,-0.123733
-0.225178,0.109208,0.884314,-0.249337,-0.119109
-0.236996,0.103747,0.888175,-0.260759,-0.112385
-0.248223,0.098560,0.893767,-0.270900,-0.105856
-0.258889,0.093632,0.901001,-0.279797,-0.099548
-0.267098,0.088950,0.909797,-0.285556,-0.093536
-0.274897,0.084503,0.914308,-0.292064,-0.088279
-0.282306,0.080278,0.918592,-0.298163,-0.083343
-0.289345,0.076264,0.922663,-0.303884,-0.078706
-0.296031,0.072451,0.926529,-0.309254,-0.074349
-0.300461,0.070751,0.928280,-0.313033,-0.072387
-0.302745,0.069137,0.929943,-0.314732,-0.070576
-0.304916,0.067603,0.931523,-0.316338,-0.068862
-0.303131,0.069992,0.929177,-0.315350,-0.071490
-0.301436,0.072262,0.928872,-0.313796,-0.073862
-0.299826,0.074418,0.926659,-0.312925,-0.076259
-0.298296,0.076466,0.924557,-0.312093,-0.078548
-0.302612,0.074566,0.924483,-0.316339,-0.076505
-0.306712,0.072761,0.924413,-0.320362,-0.074567
-0.312531,0.069123,0.924346,-0.326043,-0.070722
-0.319981,0.065667,0.924283,-0.333280,-0.067036
-0.328982,0.060460,0.924222,-0.341970,-0.061551
-0.339456,0.055514,0.924165,-0.352013,-0.056326
-0.349406,0.050815,0.924111,-0.361486,-0.051389
-0.358859,0.046351,0.924059,-0.370424,-0.046724
-0.369762,0.038265,0.925933,-0.379937,-0.038360
-0.380120,0.030582,0.929636,-0.388148,-0.030440
-0.389960,0.023284,0.933154,-0.395837,-0.023018
-0.399309,0.016350,0.936497,-0.403043,-0.016059
-0.408189,0.009764,0.939672,-0.409802,-0.009530
-0.412780,0.007352,0.940765,-0.413476,-0.007157
-0.417141,0.005062,0.941804,-0.416948,-0.004914
-0.421284,0.002886,0.942791,-0.420229,-0.002794
-0.427143,0.000818,0.943728,-0.425024,-0.000790
-0.432709,0.000777,0.944619,-0.429551,-0.000748
-0.436073,0.002661,0.947388,-0.431378,-0.002552
-0.439270,0.004451,0.950018,-0.433101,-0.004253
-0.444229,0.004229,0.952517,-0.436387,-0.004024
-0.452787,0.000171,0.956815,-0.441998,-0.000162
-0.460917,-0.001760,0.960897,-0.447255,0.001652
-0.468640,-0.003595,0.964775,-0.452183,0.003352
-0.475977,-0.005339,0.968459,-0.456808,0.004947
-0.482948,-0.008918,0.970036,-0.461939,0.008230
-0.491493,-0.016164,0.969612,-0.469150,0.014869
-0.499610,-0.023048,0.967285,-0.476767,0.021168
-0.503476,-0.029588,0.965074,-0.480854,0.027176
-0.507148,-0.035801,0.962975,-0.484738,0.032883
-0.510637,-0.041703,0.964826,-0.486775,0.038185
-0.515874,-0.047311,0.964661,-0.491077,0.043221
-0.520850,-0.052637,0.964505,-0.495147,0.047983
-0.525577,-0.055775,0.966280,-0.498161,0.050662
-0.531990,-0.060678,0.969889,-0.501696,0.054798
-0.540006,-0.065337,0.977164,-0.504857,0.058455
-0.549544,-0.071685,0.984075,-0.509298,0.063515
-0.556682,-0.077716,0.988717,-0.512796,0.068386
-0.563464,-0.081523,0.993128,-0.516076,0.071275
-0.569906,-0.085139,0.997317,-0.519154,0.073985
-0.574103,-0.088574,0.997452,-0.522262,0.076811
-0.574244,-0.091838,0.993733,-0.523985,0.079848
-0.572455,-0.094938,0.988277,-0.525019,0.082935
-0.568832,-0.097884,0.983094,-0.524546,0.085968
-0.561544,-0.096836,0.978170,-0.521140,0.085645
-0.554621,-0.093917,0.975415,-0.517011,0.083505
-0.548044,-0.091144,0.974721,-0.512205,0.081328
-0.541795,-0.088510,0.974062,-0.507608,0.079243
-0.535859,-0.086008,0.975359,-0.502380,0.077132
-0.530220,-0.085553,0.978514,-0.496574,0.076721
-0.526786,-0.083199,0.983435,-0.491767,0.074437
-0.523524,-0.080962,0.988109,-0.487221,0.072276
-0.520425,-0.078837,0.992550,-0.482922,0.070230
-0.517480,-0.076818,0.996769,-0.478856,0.068293
-0.516606,-0.078747,1.000776,-0.476528,0.069806
-0.515776,-0.080578,1.004584,-0.474328,0.071235
-0.514987,-0.082319,1.008201,-0.472249,0.072585
-0.514238,-0.083972,1.011637,-0.470283,0.073860
-0.519295,-0.089389,1.016824,-0.472173,0.078132
-0.526023,-0.096458,1.021752,-0.475436,0.083738
-0.532414,-0.105096,1.026434,-0.478497,0.090641
-0.536562,-0.113303,1.025112,-0.482206,0.097613
-0.540503,-0.121100,1.023856,-0.485725,0.104218
-0.544248,-0.128506,1.022664,-0.489064,0.110476
-0.543958,-0.131696,1.021530,-0.489303,0.113306
-0.539837,-0.132804,1.020454,-0.486591,0.114533
-0.537845,-0.133856,1.019431,-0.485478,0.115615
-0.535953,-0.134855,1.018460,-0.484418,0.116645
-0.534155,-0.135805,1.017537,-0.483407,0.117626
-0.530525,-0.136707,1.014737,-0.481736,0.118827
-0.528998,-0.141410,1.012077,-0.481631,0.123201
-0.531395,-0.147801,1.011473,-0.483735,0.128644
-0.543286,-0.161565,1.014746,-0.491559,0.139454
-0.554584,-0.176564,1.017854,-0.498885,0.151162
-0.565316,-0.190812,1.020808,-0.505750,0.162088
-0.575512,-0.204349,1.023614,-0.512188,0.172291
-0.583275,-0.217208,1.026279,-0.516814,0.181969
-0.588726,-0.227502,1.028811,-0.519757,0.189622
-0.591982,-0.235357,1.031217,-0.521129,0.195411
-0.595075,-0.242820,1.033502,-0.522424,0.200864
-0.592245,-0.246064,1.033750,-0.520261,0.203672
-0.587633,-0.249145,1.032063,-0.517598,0.206785
-0.583251,-0.248226,1.028536,-0.515853,0.206929
-0.577165,-0.247354,1.025187,-0.512758,0.207229
-0.569461,-0.246524,1.023927,-0.507555,0.207387
-0.562142,-0.245737,1.022731,-0.502573,0.207532
-0.557112,-0.246911,1.023517,-0.498465,0.208796
-0.552333,-0.248027,1.024265,-0.494551,0.209995
-0.547793,-0.251010,1.026898,-0.490044,0.212415
-0.545403,-0.253845,1.029399,-0.487224,0.214547
-0.545056,-0.258460,1.033698,-0.485239,0.217667
-0.542804,-0.262845,1.037782,-0.481911,0.220772
-0.540663,-0.267010,1.041663,-0.478762,0.223703
-0.538630,-0.270967,1.045349,-0.475784,0.226470
-0.534776,-0.272804,1.046927,-0.472254,0.228019
-0.527268,-0.270702,1.048427,-0.465975,0.226705
-0.518212,-0.268705,1.049852,-0.458518,0.225602
-0.503840,-0.262962,1.049282,-0.447663,0.222187
-0.488263,-0.255583,1.046818,-0.436429,0.217759
-0.471542,-0.248573,1.044477,-0.424069,0.213599
-0.453734,-0.239991,1.040330,-0.411272,0.208381
-0.434894,-0.233761,1.034468,-0.397971,0.205375
-0.416995,-0.227842,1.028898,-0.385053,0.202418
-0.399992,-0.222219,1.023607,-0.372521,0.199514
-0.383838,-0.216877,1.018581,-0.360380,0.196668
-0.368493,-0.211803,1.013805,-0.348628,0.193884
-0.351991,-0.206982,1.009269,-0.335568,0.191275
-0.340161,-0.204325,1.006882,-0.325797,0.189936
-0.330845,-0.203724,1.006538,-0.317571,0.189962
-0.327764,-0.208923,1.011981,-0.313222,0.193936
-0.324838,-0.213861,1.017151,-0.309123,0.197673
-0.322057,-0.216629,1.020139,-0.305797,0.199799
-0.315570,-0.217336,1.021056,-0.299750,0.200628
-0.305560,-0.216085,1.021926,-0.290543,0.199881
-0.290282,-0.211050,1.020830,-0.277047,0.196299
-0.271922,-0.204344,1.017865,-0.261053,0.191577
-0.254480,-0.197973,1.015049,-0.245644,0.186973
-0.235987,-0.188074,1.012373,-0.229013,0.178989
-0.216495,-0.176747,1.009831,-0.211190,0.169496
-0.197978,-0.165987,1.007417,-0.194048,0.160286
-0.176541,-0.153841,1.005123,-0.173867,0.149623
-0.152329,-0.140380,1.002944,-0.150730,0.137508
-0.125482,-0.125669,0.997027,-0.125198,0.124411
-0.099977,-0.111693,0.991407,-0.100504,0.111627
-0.075747,-0.098416,0.984144,-0.076816,0.099378
-0.052729,-0.085803,0.977245,-0.053905,0.087450
-0.030862,-0.073820,0.970690,-0.031783,0.075865
-0.010088,-0.062437,0.964463,-0.010459,0.064644
0.005801,-0.053546,0.958548,0.006052,0.055803
0.017049,-0.047023,0.958697,0.017782,0.049001
0.027735,-0.040825,0.958839,0.028918,0.042534
0.034041,-0.038784,0.964743,0.035270,0.040155
0.040031,-0.036845,0.970352,0.041231,0.037920
0.038030,-0.038849,0.987219,0.038503,0.039302
0.039974,-0.038829,0.999397,0.039977,0.038802
0.041822,-0.038811,1.010966,0.041345,0.038338
0.043577,-0.038794,1.021956,0.042615,0.037907
0.047167,-0.036854,1.032396,0.045655,0.035645
0.054424,-0.031165,1.040392,0.052264,0.029905
0.061318,-0.025761,1.047988,0.058444,0.024534
0.071714,-0.016780,1.051358,0.068105,0.015922
0.083513,-0.006326,1.052636,0.079171,0.005991
0.096645,0.005529,1.048081,0.091951,-0.005253
0.109120,0.014868,1.043754,0.104168,-0.014166
0.119049,0.019894,1.039643,0.114013,-0.019009
0.128481,0.024668,1.035738,0.123417,-0.023631
0.133596,0.029204,1.035874,0.128261,-0.027954
0.136531,0.033513,1.037927,0.130791,-0.032002
0.135474,0.035684,1.043722,0.129077,-0.033891
0.130623,0.035822,1.053075,0.123409,-0.033746
0.124092,0.035954,1.065806,0.115908,-0.033496
0.117887,0.038003,1.077900,0.108935,-0.035033
0.113916,0.041872,1.089390,0.104190,-0.038209
0.112067,0.047471,1.098382,0.101677,-0.042969
0.112232,0.056636,1.105001,0.101221,-0.050947
0.112390,0.067265,1.109366,0.100966,-0.060252
0.112540,0.079287,1.109667,0.101072,-0.070967
0.114605,0.090707,1.108030,0.103065,-0.081250
0.116567,0.101556,1.106475,0.104963,-0.091026
0.118431,0.113786,1.103074,0.106955,-0.102207
0.120202,0.125405,1.099843,0.108858,-0.112864
0.121884,0.136442,1.096774,0.110675,-0.123017
0.125405,0.146928,1.093859,0.114146,-0.132663
0.128750,0.158812,1.091089,0.117459,-0.143556
0.133851,0.172025,1.090381,0.122145,-0.155329
0.136774,0.182655,1.089708,0.124862,-0.164805
0.139551,0.192753,1.089068,0.127443,-0.173782
0.136419,0.200423,1.086538,0.124901,-0.181020
0.129598,0.207709,1.084134,0.118976,-0.187989
0.121195,0.214632,1.081851,0.111561,-0.194663
0.109366,0.219285,1.081604,0.100773,-0.199041
0.096206,0.223705,1.079447,0.088890,-0.203563
0.083703,0.227904,1.075475,0.077673,-0.208210
0.071826,0.231894,1.069778,0.067040,-0.213000
0.060542,0.235684,1.064366,0.056820,-0.217574
0.049823,0.239284,1.055378,0.047173,-0.222719
0.037716,0.242705,1.044917,0.036079,-0.228081
0.026215,0.245954,1.034979,0.025324,-0.233242
0.015289,0.249041,1.025538,0.014907,-0.238202
0.004909,0.251973,1.016569,0.004829,-0.242967
-0.004952,0.254759,1.008048,-0.004912,-0.247539
-0.016243,0.257406,0.998030,-0.016273,-0.252381
-0.028892,0.257997,0.990436,-0.029163,-0.254722
-0.040909,0.258559,0.983222,-0.041583,-0.256936
-0.052325,0.255246,0.980215,-0.053331,-0.254394
-0.063170,0.252099,0.979281,-0.064418,-0.251461
-0.077320,0.249110,0.972625,-0.079329,-0.249975
-0.090761,0.246270,0.966301,-0.093652,-0.248497
-0.101608,0.243572,0.960294,-0.105417,-0.247081
-0.109989,0.244855,0.950741,-0.115176,-0.250462
-0.117951,0.246073,0.941665,-0.124609,-0.253704
-0.125515,0.247231,0.933043,-0.133719,-0.256809
-0.132701,0.248331,0.924853,-0.142511,-0.259781
-0.139527,0.249376,0.917072,-0.150986,-0.262624
-0.146012,0.250369,0.909680,-0.159152,-0.265342
-0.150250,0.253235,0.902657,-0.164941,-0.269980
-0.152353,0.255958,0.897909,-0.168075,-0.273976
-0.154351,0.258545,0.893398,-0.171080,-0.277796
-0.156249,0.261002,0.891036,-0.173591,-0.280889
-0.158052,0.265260,0.886869,-0.176362,-0.286364
-0.165534,0.265458,0.882910,-0.185335,-0.287336
-0.172642,0.265647,0.879149,-0.193906,-0.288243
-0.183240,0.261980,0.877499,-0.205863,-0.284331
-0.193309,0.258496,0.877855,-0.216747,-0.280018
-0.202874,0.255187,0.878193,-0.227031,-0.275904
-0.213885,0.252043,0.880437,-0.238313,-0.271320
-0.224344,0.249056,0.882569,-0.248922,-0.266968
-0.234281,0.246219,0.884595,-0.258901,-0.262839
-0.243721,0.243523,0.886519,-0.268291,-0.258923
-0.252688,0.240962,0.886424,-0.277699,-0.255700
-0.259285,0.238530,0.888256,-0.284012,-0.252287
-0.263628,0.238142,0.888074,-0.288568,-0.251619
-0.263908,0.239696,0.885978,-0.289504,-0.253699
-0.264174,0.241173,0.883987,-0.290396,-0.255680
-0.264427,0.242576,0.882095,-0.291247,-0.257567
-0.264667,0.245832,0.880298,-0.292059,-0.261318
-0.264896,0.247002,0.878591,-0.292833,-0.262934
-0.265112,0.248113,0.878892,-0.292964,-0.263967
-0.265318,0.249169,0.877255,-0.293695,-0.265454
-0.265514,0.250172,0.875700,-0.294392,-0.266870
-0.267623,0.249202,0.874223,-0.297068,-0.266105
-0.273472,0.246357,0.874743,-0.303005,-0.262597
-0.279030,0.241732,0.879082,-0.307352,-0.256330
-0.284309,0.237337,0.883205,-0.311431,-0.250426
-0.291247,0.233163,0.889045,-0.316578,-0.244253
-0.297839,0.229197,0.894593,-0.321390,-0.238459
-0.304101,0.225429,0.899863,-0.325892,-0.233018
-0.310050,0.221850,0.904870,-0.330108,-0.227906
-0.313778,0.216527,0.907703,-0.332824,-0.221746
-0.317320,0.213393,0.908472,-0.336042,-0.218223
-0.320684,0.210416,0.907279,-0.339752,-0.215274
-0.321958,0.209510,0.906146,-0.341393,-0.214515
-0.323168,0.208650,0.905069,-0.342954,-0.213792
-0.324317,0.207833,0.904047,-0.344439,-0.213104
-0.325409,0.207057,0.903075,-0.345851,-0.212448
-0.326446,0.206319,0.902152,-0.347195,-0.211824
-0.325508,0.207542,0.901275,-0.346586,-0.213289
-0.322695,0.210626,0.900442,-0.344115,-0.216742
-0.320021,0.213556,0.901574,-0.341085,-0.219624
-0.317482,0.216340,0.902649,-0.338208,-0.222357
-0.315069,0.218985,0.903671,-0.335476,-0.224946
-0.312777,0.221497,0.904641,-0.332881,-0.227402
-0.316369,0.220037,0.909409,-0.334789,-0.224665
-0.321705,0.218651,0.913938,-0.338454,-0.221950
-0.326773,0.215411,0.918242,-0.341893,-0.217516
-0.331588,0.210409,0.922329,-0.345123,-0.211467
-0.340009,0.203735,0.924290,-0.352496,-0.203993
-0.346085,0.197395,0.926152,-0.357614,-0.197059
-0.351858,0.193294,0.927922,-0.362439,-0.192367
-0.355419,0.189399,0.927679,-0.365877,-0.188390
-0.358802,0.185698,0.927449,-0.369136,-0.184611
-0.360093,0.182182,0.927231,-0.370426,-0.181146
-0.361319,0.180765,0.928946,-0.370949,-0.179407
-0.362484,0.179419,0.930576,-0.371445,-0.177760
-0.365513,0.178141,0.934047,-0.373003,-0.175772
-0.366468,0.176926,0.939268,-0.371998,-0.173714
-0.369299,0.175772,0.944227,-0.372821,-0.171660
-0.373911,0.172753,0.948939,-0.375350,-0.167782
-0.382138,0.167961,0.953415,-0.381204,-0.162088
-0.391878,0.161486,0.955744,-0.389117,-0.155078
-0.401130,0.155335,0.957957,-0.396552,-0.148468
-0.409920,0.149491,0.960059,-0.403541,-0.142236
-0.418270,0.143940,0.962056,-0.410114,-0.136358
-0.428125,0.136743,0.963954,-0.417966,-0.128926
-0.437488,0.127983,0.967679,-0.424600,-0.119935
-0.446383,0.117737,0.973141,-0.430068,-0.109529
-0.452910,0.108004,0.978330,-0.433564,-0.099849
-0.459111,0.098758,0.983260,-0.436841,-0.090757
-0.463078,0.091897,0.987943,-0.438320,-0.084027
-0.466848,0.085379,0.992392,-0.439710,-0.077693
-0.470428,0.079187,0.998542,-0.440274,-0.071617
-0.473830,0.073305,1.004384,-0.440803,-0.065912
-0.477061,0.067716,1.009934,-0.441300,-0.060553
-0.482055,0.060484,1.015206,-0.443313,-0.053767
-0.488721,0.053614,1.020215,-0.446737,-0.047359
-0.495054,0.045164,1.026897,-0.449215,-0.039597
-0.502994,0.035214,1.033244,-0.453040,-0.030633
-0.510536,0.025761,1.039274,-0.456618,-0.022244
-0.517702,0.016780,1.046926,-0.459236,-0.014366
-0.524509,0.008249,1.052272,-0.462410,-0.007016
-0.530976,0.000144,1.057351,-0.465387,-0.000122
-0.537120,-0.007555,1.062176,-0.468180,0.006348
-0.542956,-0.014870,1.066759,-0.470803,0.012422
-0.548500,-0.021819,1.071113,-0.473268,0.018129
-0.551845,-0.028420,1.073327,-0.474899,0.023544
-0.555022,-0.034691,1.075430,-0.476439,0.028658
-0.558040,-0.040649,1.077428,-0.477894,0.033489
-0.558984,-0.046309,1.081249,-0.477139,0.038027
-0.554112,-0.049763,1.086801,-0.471501,0.040770
-0.549483,-0.053044,1.092077,-0.466168,0.043362
-0.543163,-0.056161,1.097088,-0.459716,0.045844
-0.537158,-0.059122,1.099926,-0.454291,0.048262
-0.529531,-0.061935,1.102622,-0.447721,0.050591
-0.522285,-0.064608,1.105183,-0.441470,0.052805
-0.515402,-0.067147,1.107617,-0.435525,0.054908
-0.506940,-0.067635,1.109928,-0.428438,0.055372
-0.498900,-0.070023,1.114047,-0.421045,0.057302
-0.491263,-0.072291,1.117960,-0.414028,0.059131
-0.484007,-0.074446,1.121677,-0.407366,0.060863
-0.477115,-0.076493,1.125209,-0.401043,0.062505
-0.470567,-0.080360,1.130487,-0.394437,0.065532
-0.462423,-0.084035,1.135501,-0.386733,0.068434
-0.456610,-0.089448,1.140264,-0.380887,0.072695
-0.447241,-0.096514,1.140944,-0.373584,0.078595
-0.438340,-0.101304,1.143512,-0.366052,0.082533
-0.427962,-0.105854,1.145952,-0.357416,0.086320
-0.414256,-0.108254,1.150192,-0.345699,0.088319
-0.399312,-0.110533,1.154221,-0.333070,0.090256
-0.381270,-0.112699,1.158049,-0.318057,0.092175
-0.362206,-0.112833,1.159762,-0.302713,0.092601
-0.342173,-0.112961,1.161389,-0.286517,0.093029
-0.321218,-0.111159,1.159089,-0.270345,0.092157
-0.299388,-0.107524,1.154980,-0.253632,0.089875
-0.276726,-0.104071,1.149154,-0.236309,0.087820
-0.253275,-0.100790,1.143620,-0.217950,0.085836
-0.229072,-0.097674,1.136439,-0.198905,0.084054
-0.204157,-0.094713,1.129617,-0.178801,0.082322
-0.180488,-0.091901,1.123136,-0.159338,0.080614
-0.159925,-0.091152,1.116979,-0.142210,0.080607
-0.142313,-0.092364,1.111130,-0.127386,0.082266
-0.129428,-0.095438,1.107497,-0.116338,0.085384
-0.119111,-0.100281,1.105968,-0.107285,0.089908
-0.111232,-0.106806,1.104516,-0.100368,0.095917
-0.103748,-0.111081,1.105059,-0.093610,0.099748
-0.096637,-0.115142,1.105576,-0.087187,0.103381
-0.089882,-0.117077,1.106066,-0.081085,0.105114
-0.081542,-0.116993,1.106532,-0.073558,0.105055
-0.071696,-0.116912,1.105052,-0.064789,0.105186
-0.060418,-0.114913,1.103645,-0.054690,0.103593
-0.049705,-0.111090,1.102309,-0.045061,0.100339
-0.037605,-0.107459,1.101040,-0.034140,0.097233
-0.026109,-0.102086,1.099834,-0.023735,0.092528
-0.013265,-0.095058,1.094842,-0.012115,0.086600
0.000860,-0.086459,1.088177,0.000790,0.079287
0.016201,-0.076367,1.079922,0.015001,0.070590
0.032699,-0.064857,1.070157,0.030546,0.060502
0.048372,-0.053921,1.060880,0.045564,0.050731
0.065184,-0.043533,1.053989,0.061766,0.041201
0.081155,-0.033664,1.047444,0.077325,0.032032
0.096328,-0.024289,1.041226,0.092252,0.023224
0.108820,-0.015382,1.037241,0.104530,0.014748
0.116840,-0.010767,1.035379,0.112372,0.010333
0.120614,-0.008305,1.037456,0.115739,0.007952
0.122275,-0.005967,1.041353,0.116884,0.005691
0.121931,-0.005668,1.045054,0.116149,0.005388
0.121603,-0.003462,1.046648,0.115665,0.003286
0.123216,0.000557,1.050085,0.116805,-0.000527
0.126670,0.006299,1.051427,0.119897,-0.005947
0.129952,0.013676,1.052701,0.122825,-0.012893
0.134993,0.022608,1.053912,0.127394,-0.021274
0.139782,0.033016,1.055063,0.131720,-0.031012
0.142408,0.042903,1.052310,0.134512,-0.040380
0.146826,0.054220,1.047771,0.139225,-0.051202
0.152946,0.066893,1.041537,0.145805,-0.063459
0.158761,0.080856,1.031767,0.152675,-0.077301
0.166207,0.096044,1.018641,0.161740,-0.092789
0.173281,0.110473,1.004247,0.170866,-0.107982
0.180002,0.124180,0.988650,0.180096,-0.122951
0.184463,0.137202,0.975756,0.186842,-0.137294
0.188702,0.149572,0.965430,0.193025,-0.150895
0.188882,0.161325,0.961389,0.193997,-0.163192
0.185207,0.168643,0.961396,0.190312,-0.170574
0.177870,0.175595,0.963327,0.182585,-0.177367
0.167053,0.178354,0.967083,0.171051,-0.179771
0.152931,0.179052,0.972575,0.155967,-0.179900
0.139516,0.181638,0.979716,0.141453,-0.181526
0.128694,0.186017,0.986499,0.129722,-0.184844
0.120336,0.192101,0.991020,0.120835,-0.190105
0.114319,0.199804,0.991469,0.114796,-0.197584
0.110526,0.209044,0.989973,0.111185,-0.206856
0.106923,0.221669,0.986628,0.107951,-0.219758
0.103500,0.235586,0.979604,0.105264,-0.234750
0.100248,0.250729,0.969086,0.103079,-0.251888
0.099082,0.267039,0.959093,0.102943,-0.270183
0.097974,0.286379,0.951523,0.102604,-0.290894
0.098844,0.304753,0.942408,0.104503,-0.311165
0.099671,0.322207,0.935673,0.106124,-0.329908
0.098534,0.336866,0.933120,0.105206,-0.344683
0.097453,0.350792,0.930694,0.104330,-0.358652
0.096427,0.364022,0.932237,0.103070,-0.370475
0.093529,0.376590,0.933702,0.099837,-0.381645
0.090775,0.388530,0.937017,0.096576,-0.391418
0.086237,0.399872,0.940166,0.091469,-0.400636
0.080002,0.412571,0.943158,0.084621,-0.411042
0.070232,0.420789,0.947923,0.073956,-0.416761
0.059028,0.426672,0.952450,0.061896,-0.420453
0.046462,0.430339,0.956750,0.048524,-0.422241
0.032600,0.433822,0.958913,0.033984,-0.424639
0.019432,0.437131,0.959044,0.020259,-0.427588
0.006922,0.442197,0.957246,0.007231,-0.432735
-0.006886,0.447010,0.951691,-0.007235,-0.439106
-0.018080,0.453506,0.944491,-0.019140,-0.447578
-0.028715,0.459677,0.937651,-0.030614,-0.455626
-0.038817,0.463616,0.931153,-0.041663,-0.461616
-0.048415,0.471205,0.926903,-0.052186,-0.469767
-0.057533,0.478414,0.920943,-0.062390,-0.478316
-0.066195,0.485262,0.917203,-0.072045,-0.485557
-0.076346,0.489845,0.915574,-0.083194,-0.489825
-0.087914,0.494199,0.914026,-0.095888,-0.493739
-0.100826,0.494489,0.916402,-0.109583,-0.492312
-0.116938,0.492842,0.920582,-0.126350,-0.488210
-0.134168,0.489353,0.926476,-0.143816,-0.481670
-0.154383,0.482193,0.933998,-0.163811,-0.471105
-0.175510,0.473468,0.943067,-0.184000,-0.458496
-0.195581,0.465180,0.951683,-0.202688,-0.446537
-0.214648,0.457305,0.959868,-0.220003,-0.435210
-0.232761,0.447901,0.965721,-0.236513,-0.423592
-0.249970,0.438968,0.969358,-0.252373,-0.413249
-0.266317,0.430481,0.970890,-0.267717,-0.404065
-0.281848,0.420495,0.972346,-0.282132,-0.393675
-0.296601,0.411009,0.971805,-0.296227,-0.384391
-0.312540,0.400074,0.969369,-0.311893,-0.374288
-0.329606,0.389686,0.965131,-0.329095,-0.364978
-0.345818,0.377894,0.963028,-0.344753,-0.353775
-0.363142,0.364768,0.961031,-0.361282,-0.341173
-0.381524,0.350376,0.961056,-0.377903,-0.326707
-0.400909,0.334780,0.963003,-0.394488,-0.310556
-0.419325,0.318041,0.966776,-0.409246,-0.293112
-0.436820,0.302139,0.970361,-0.422989,-0.276645
-0.453441,0.285109,0.973766,-0.435798,-0.259442
-0.469230,0.267008,0.977000,-0.447745,-0.241544
-0.482307,0.249811,0.981997,-0.456542,-0.224488
-0.492807,0.231551,0.984820,-0.463970,-0.207245
-0.502782,0.214204,0.987502,-0.470937,-0.190948
-0.512259,0.195802,0.990050,-0.477476,-0.173877
-0.517415,0.178320,0.992470,-0.480574,-0.157993
-0.522313,0.159788,0.994770,-0.483494,-0.141269
-0.526967,0.142183,0.996955,-0.486247,-0.125425
-0.531388,0.125459,0.997107,-0.489643,-0.110586
-0.533665,0.109571,0.997252,-0.491359,-0.096572
-0.535828,0.092554,0.997389,-0.492986,-0.081565
-0.537882,0.076387,0.997519,-0.494529,-0.067301
-0.539834,0.061030,0.999567,-0.495186,-0.053670
-0.539766,0.046440,1.001511,-0.494321,-0.040796
-0.539700,0.030656,1.003359,-0.493501,-0.026901
-0.539639,0.015662,1.007037,-0.491928,-0.013707
-0.539580,0.001417,1.012454,-0.489653,-0.001235
-0.537601,-0.012115,1.017601,-0.486032,0.010527
-0.535721,-0.026894,1.024413,-0.481841,0.023260
-0.532012,-0.042857,1.030885,-0.476423,0.036927
-0.528488,-0.058022,1.038956,-0.470561,0.049736
-0.525140,-0.074352,1.046624,-0.465044,0.063410
-0.521960,-0.087942,1.053908,-0.459850,0.074636
-0.515093,-0.098929,1.060828,-0.452027,0.083694
-0.506646,-0.109367,1.067402,-0.443166,0.092300
-0.494775,-0.121207,1.071724,-0.432510,0.102322
-0.483498,-0.132454,1.075830,-0.422370,0.111830
-0.470862,-0.141216,1.079731,-0.411228,0.119315
-0.456934,-0.149540,1.083437,-0.399110,0.126497
-0.443703,-0.157447,1.086957,-0.387561,0.133313
-0.431133,-0.164960,1.088379,-0.377161,0.139990
-0.417269,-0.172096,1.089729,-0.365688,0.146428
-0.404097,-0.178876,1.091012,-0.354721,0.152553
-0.389662,-0.185317,1.092230,-0.342683,0.158463
-0.374025,-0.191436,1.091465,-0.330140,0.164424
-0.359170,-0.197249,1.090738,-0.318108,0.170107
-0.339288,-0.198925,1.091970,-0.301255,0.172242
-0.318478,-0.200517,1.093141,-0.283495,0.174322
-0.294861,-0.200106,1.098099,-0.262332,0.174211
-0.270503,-0.197793,1.104733,-0.240134,0.172182
-0.247362,-0.195596,1.111035,-0.219069,0.170179
-0.219610,-0.189662,1.120867,-0.193477,0.164552
-0.189398,-0.182102,1.130209,-0.166036,0.157589
-0.160698,-0.172997,1.139083,-0.140152,0.149266
-0.129586,-0.162424,1.147513,-0.112451,0.139734
-0.100030,-0.152380,1.155522,-0.086351,0.130632
-0.071951,-0.142838,1.163131,-0.061781,0.121962
-0.045277,-0.131850,1.168436,-0.038731,0.112284
-0.019936,-0.119488,1.171552,-0.017015,0.101625
0.004138,-0.107744,1.174513,0.003523,0.091479
0.028931,-0.094665,1.175403,0.024609,0.080341
0.052484,-0.080316,1.176248,0.044590,0.068108
0.074860,-0.066685,1.177051,0.063514,0.056480
0.096117,-0.053735,1.177814,0.081426,0.045441
0.116311,-0.041433,1.178539,0.098372,0.034972
0.135496,-0.027823,1.173458,0.114958,0.023550
0.153721,-0.014894,1.168631,0.130788,0.012635
0.169112,-0.002610,1.164046,0.144270,0.002219
0.183733,0.010982,1.161613,0.156871,-0.009337
0.193777,0.025817,1.161224,0.165350,-0.021926
0.203319,0.039911,1.160855,0.173387,-0.033852
0.212384,0.053300,1.160505,0.181007,-0.045147
0.220995,0.066020,1.160172,0.188230,-0.055842
0.227253,0.078103,1.159856,0.193481,-0.065986
0.233198,0.091506,1.161478,0.198143,-0.077089
0.236923,0.104238,1.161097,0.201288,-0.087737
0.238538,0.116334,1.158811,0.203012,-0.098014
0.232381,0.127825,1.148948,0.199563,-0.108617
0.224608,0.136818,1.139577,0.194603,-0.117254
0.213378,0.145362,1.128752,0.186834,-0.125871
