-0.028995,-0.444003,0.779127,-0.037198,0.517674
-0.029468,-0.444880,0.770940,-0.038205,0.523066
-0.029918,-0.449559,0.759316,-0.039381,0.534219
-0.030345,-0.454004,0.748273,-0.040532,0.544993
-0.030751,-0.456304,0.739706,-0.041548,0.552347
-0.031137,-0.456565,0.729644,-0.042648,0.558721
-0.029580,-0.456814,0.722007,-0.040946,0.563738
-0.028101,-0.457050,0.714753,-0.039295,0.568574
-0.024773,-0.451505,0.705939,-0.035077,0.568737
-0.017765,-0.442392,0.697565,-0.025461,0.565037
-0.007261,-0.435657,0.683840,-0.010618,0.567209
0.002717,-0.429259,0.666956,0.004074,0.571865
0.012197,-0.423180,0.650916,0.018736,0.576387
0.019279,-0.417406,0.633755,0.030411,0.582201
0.024085,-0.411920,0.615529,0.039108,0.589410
0.024803,-0.406709,0.596291,0.041572,0.598185
0.025486,-0.401758,0.578015,0.044064,0.606951
0.026135,-0.397055,0.560652,0.046582,0.615697
0.022905,-0.390663,0.544158,0.042068,0.622234
0.019837,-0.384592,0.528489,0.037517,0.628754
0.018845,-0.373055,0.509757,0.036952,0.631444
0.017903,-0.362094,0.490038,0.036517,0.636047
0.020854,-0.347836,0.467459,0.044581,0.639237
0.023657,-0.334290,0.446009,0.052992,0.642516
0.035936,-0.323345,0.410247,0.087373,0.665629
0.053370,-0.311024,0.372427,0.142334,0.690799
0.069932,-0.299319,0.336498,0.204907,0.716504
0.085666,-0.286276,0.304289,0.274427,0.735900
0.098691,-0.273885,0.277536,0.341652,0.749042
0.111064,-0.262114,0.252120,0.414942,0.760505
0.122818,-0.250931,0.233745,0.483789,0.759934
0.133985,-0.238385,0.220135,0.546756,0.746474
0.144594,-0.224542,0.212974,0.596441,0.717286
0.152749,-0.209469,0.208095,0.633204,0.681690
0.156650,-0.195149,0.213075,0.633953,0.635720
0.154586,-0.183469,0.221652,0.608998,0.596442
0.146857,-0.176219,0.231723,0.564875,0.570969
0.135668,-0.173177,0.247060,0.502175,0.550948
0.121192,-0.174133,0.269322,0.422845,0.532749
0.103594,-0.178888,0.298164,0.334393,0.515600
0.086876,-0.183405,0.325563,0.260772,0.498458
0.069071,-0.189620,0.361208,0.188940,0.476063
0.052156,-0.195523,0.395071,0.131257,0.456140
0.036086,-0.201132,0.427240,0.084264,0.438623
0.018897,-0.208383,0.465494,0.040574,0.420599
0.000645,-0.213348,0.507604,0.001270,0.397887
-0.018618,-0.218066,0.553377,-0.033632,0.375185
-0.038841,-0.220624,0.606478,-0.063956,0.348240
-0.058053,-0.224977,0.666539,-0.086877,0.324380
-0.074381,-0.229113,0.725519,-0.102164,0.304383
-0.089893,-0.233042,0.781551,-0.114515,0.287991
-0.106552,-0.236774,0.834781,-0.126954,0.274264
-0.122378,-0.244167,0.883427,-0.137651,0.267224
-0.141259,-0.253112,0.927717,-0.151105,0.263455
-0.159196,-0.263533,0.967870,-0.163022,0.262474
-0.174313,-0.273434,1.004091,-0.171890,0.262133
-0.186752,-0.282839,1.038502,-0.177926,0.261896
-0.196645,-0.289851,1.071193,-0.181554,0.260110
-0.202197,-0.296512,1.104171,-0.181115,0.258247
-0.205549,-0.300917,1.135501,-0.179081,0.255089
-0.208733,-0.303179,1.167188,-0.176963,0.250332
-0.209835,-0.305328,1.197290,-0.173496,0.246096
-0.212805,-0.305446,1.225887,-0.171880,0.240731
-0.217549,-0.305558,1.251131,-0.172161,0.236127
-0.223979,-0.305665,1.275113,-0.173881,0.231855
-0.230088,-0.305766,1.297896,-0.175455,0.227938
-0.239737,-0.305863,1.321463,-0.179466,0.223921
-0.250827,-0.305954,1.343851,-0.184525,0.220176
-0.261363,-0.304118,1.363197,-0.189429,0.215693
-0.271372,-0.302374,1.381575,-0.193953,0.211545
-0.278957,-0.300717,1.397112,-0.197075,0.208022
-0.284240,-0.299142,1.409949,-0.198930,0.205058
-0.287336,-0.297647,1.420221,-0.199623,0.202598
-0.288353,-0.296226,1.428056,-0.199241,0.200595
-0.289320,-0.294876,1.431653,-0.199403,0.199210
-0.288316,-0.291671,1.431224,-0.198787,0.197182
-0.287362,-0.290549,1.430817,-0.198201,0.196520
-0.286455,-0.289483,1.428507,-0.197903,0.196137
-0.283671,-0.286547,1.426312,-0.196322,0.194549
-0.281026,-0.283758,1.426150,-0.194559,0.192789
-0.280436,-0.281109,1.422151,-0.194694,0.191552
-0.277953,-0.278592,1.416428,-0.193773,0.190661
-0.277517,-0.276201,1.409068,-0.194462,0.190002
-0.277102,-0.273929,1.400153,-0.195384,0.189614
-0.276709,-0.269848,1.391684,-0.196270,0.187933
-0.276335,-0.265971,1.383638,-0.197123,0.186317
-0.274057,-0.262288,1.374071,-0.196865,0.185055
-0.269969,-0.258789,1.363060,-0.195530,0.184131
-0.264163,-0.255465,1.350676,-0.193140,0.183533
-0.258647,-0.250384,1.336989,-0.191094,0.181835
-0.249561,-0.243634,1.320139,-0.186837,0.179390
-0.239006,-0.237221,1.304132,-0.181257,0.177047
-0.227056,-0.229207,1.288926,-0.174370,0.173373
-0.215703,-0.221592,1.272556,-0.167908,0.170025
-0.202995,-0.214359,1.255082,-0.160350,0.167031
-0.192845,-0.207487,1.240405,-0.154235,0.163807
-0.183203,-0.202882,1.224539,-0.148508,0.162413
-0.175966,-0.198507,1.209466,-0.144477,0.161012
-0.171013,-0.194351,1.197069,-0.141900,0.159361
-0.166309,-0.190403,1.185293,-0.139400,0.157758
-0.163763,-0.186652,1.176028,-0.138361,0.155921
-0.163267,-0.185011,1.167227,-0.138974,0.155706
-0.164719,-0.185376,1.158865,-0.141192,0.157067
-0.168021,-0.187646,1.152845,-0.144726,0.159695
-0.171159,-0.189802,1.147126,-0.148114,0.162209
-0.177986,-0.195697,1.141693,-0.154651,0.167771
-0.184471,-0.203219,1.136531,-0.160907,0.174698
-0.190632,-0.210366,1.129705,-0.167170,0.181595
-0.194562,-0.215233,1.121296,-0.171805,0.186916
-0.196372,-0.219855,1.113308,-0.174590,0.192080
-0.196169,-0.222324,1.105720,-0.175586,0.195449
-0.194053,-0.222747,1.098511,-0.174847,0.197088
-0.190119,-0.221225,1.089739,-0.172725,0.197382
-0.184460,-0.217856,1.081406,-0.168948,0.196037
-0.179083,-0.214655,1.073490,-0.165301,0.194735
-0.173975,-0.211615,1.065969,-0.161782,0.193476
-0.169122,-0.208726,1.058824,-0.158389,0.192258
-0.162589,-0.205982,1.052037,-0.153334,0.191135
-0.158306,-0.201452,1.047512,-0.149991,0.187912
-0.154237,-0.199072,1.043213,-0.146784,0.186578
-0.152294,-0.196811,1.039130,-0.145523,0.185249
-0.150449,-0.194663,1.035250,-0.144316,0.183975
-0.150619,-0.194545,1.031565,-0.144985,0.184491
-0.150780,-0.194433,1.028063,-0.145626,0.184984
-0.150933,-0.194327,1.024737,-0.146238,0.185456
-0.149156,-0.194226,1.021577,-0.144981,0.185955
-0.147467,-0.194130,1.018575,-0.143779,0.186433
-0.145863,-0.194039,1.015723,-0.142630,0.186889
-0.144339,-0.193952,1.011091,-0.141798,0.187665
-0.142891,-0.195793,1.006690,-0.141000,0.190233
-0.141516,-0.195619,1.004433,-0.139970,0.190512
-0.138286,-0.195453,1.002288,-0.137105,0.190827
-0.135218,-0.193373,1.000250,-0.134370,0.189288
-0.130380,-0.189473,1.000238,-0.129619,0.185676
-0.123861,-0.185769,0.998303,-0.123441,0.182612
-0.117668,-0.182250,0.996465,-0.117542,0.179676
-0.111785,-0.178907,0.994718,-0.111909,0.176864
-0.106196,-0.175730,0.993059,-0.106533,0.174173
-0.102809,-0.174636,0.991483,-0.103323,0.173437
-0.101515,-0.173597,0.989986,-0.102184,0.172700
-0.104131,-0.174532,0.990487,-0.104747,0.173481
-0.106617,-0.177344,0.990963,-0.107177,0.176092
-0.110902,-0.180015,0.991414,-0.111399,0.178528
-0.113049,-0.182553,0.991844,-0.113489,0.180872
-0.117012,-0.184964,0.992251,-0.117383,0.183053
-0.118853,-0.187254,0.994562,-0.118939,0.184814
-0.120603,-0.189430,0.996757,-0.120410,0.186478
-0.120342,-0.191497,0.998842,-0.119904,0.188092
-0.120094,-0.191537,1.000823,-0.119424,0.187778
-0.119859,-0.191576,1.002705,-0.118971,0.187481
-0.119635,-0.191613,1.004493,-0.118542,0.187199
-0.119423,-0.191647,1.004268,-0.118359,0.187277
-0.117298,-0.191680,1.004055,-0.116297,0.187392
-0.115279,-0.189789,1.003852,-0.114336,0.185663
-0.113361,-0.187991,1.003659,-0.112471,0.184017
-0.111539,-0.188207,1.003477,-0.110698,0.184292
-0.109808,-0.188412,1.003303,-0.109013,0.184553
-0.106241,-0.186684,1.003138,-0.105515,0.182995
-0.104775,-0.186965,1.001058,-0.104285,0.183660
-0.103383,-0.187232,1.001005,-0.102914,0.183951
-0.102060,-0.187486,1.000954,-0.101611,0.184228
-0.100803,-0.187727,1.000907,-0.100373,0.184491
-0.099609,-0.187956,1.002785,-0.099007,0.184398
-0.098474,-0.188174,1.004568,-0.097714,0.184309
-0.097397,-0.188380,1.006263,-0.096490,0.184224
-0.096373,-0.190500,1.005950,-0.095512,0.186323
-0.095401,-0.192513,1.005652,-0.094581,0.188318
-0.092554,-0.192503,1.005370,-0.091801,0.188407
-0.087926,-0.190570,1.007024,-0.087092,0.186337
-0.083530,-0.188734,1.008596,-0.082629,0.184369
-0.077430,-0.188913,1.010089,-0.076507,0.184361
-0.069713,-0.189082,1.011508,-0.068811,0.184371
-0.062381,-0.189244,1.010933,-0.061628,0.184712
-0.055416,-0.189397,1.010386,-0.054791,0.185028
-0.048799,-0.189542,1.009867,-0.048284,0.185321
-0.042513,-0.191604,1.009373,-0.042093,0.187430
-0.034618,-0.193562,1.008905,-0.034299,0.189442
-0.025194,-0.195422,1.008459,-0.024978,0.191352
-0.018166,-0.199113,1.008037,-0.018019,0.194984
-0.011488,-0.202619,1.011481,-0.011357,0.197690
-0.005144,-0.205949,1.014753,-0.005070,0.200233
0.004728,-0.209113,1.017861,0.004645,0.202622
0.016030,-0.212119,1.020815,0.015702,0.204854
0.028690,-0.214975,1.023620,0.028021,0.206927
0.042640,-0.217688,1.026285,0.041524,0.208839
0.061662,-0.218342,1.028817,0.059863,0.208759
0.081656,-0.218963,1.031222,0.079019,0.208592
0.100650,-0.221476,1.033507,0.097081,0.210138
0.120618,-0.223864,1.037601,0.115727,0.211115
0.139587,-0.228056,1.043413,0.132989,0.213340
0.157607,-0.232037,1.048935,0.149139,0.215364
0.174727,-0.237743,1.054181,0.164254,0.218923
0.190991,-0.243164,1.059164,0.178405,0.222206
0.206441,-0.248313,1.063898,0.191660,0.225238
0.221119,-0.253205,1.068395,0.204082,0.228041
0.233140,-0.259776,1.072668,0.214017,0.232377
0.244560,-0.266018,1.074804,0.223730,0.236807
0.257332,-0.271948,1.078756,0.234169,0.240469
0.275235,-0.275658,1.082510,0.248980,0.241960
0.299934,-0.269567,1.068770,0.273598,0.238229
0.323399,-0.263781,1.055716,0.297256,0.234507
0.349537,-0.254438,1.045238,0.322718,0.226885
0.376291,-0.241717,1.033360,0.349218,0.216354
0.403630,-0.227708,1.022077,0.376112,0.204324
0.429603,-0.212476,1.011358,0.401683,0.191010
0.452353,-0.194160,0.999251,0.425090,0.175198
0.473966,-0.176760,0.987750,0.447393,0.159961
0.494499,-0.160229,0.976824,0.468620,0.145316
0.514005,-0.144526,0.966445,0.488803,0.131272
0.530612,-0.129607,0.958507,0.505589,0.117753
0.540620,-0.117357,0.950966,0.516932,0.106875
0.544358,-0.107643,0.947649,0.521406,0.098179
0.538294,-0.102261,0.948343,0.516267,0.093504
0.497918,-0.108687,0.945157,0.484865,0.101390
0.451868,-0.112868,0.936361,0.449614,0.108135
0.400429,-0.118763,0.929927,0.406606,0.116766
0.349638,-0.124363,0.929585,0.359755,0.124571
0.301387,-0.129683,0.929259,0.313626,0.131977
0.253625,-0.136661,0.930873,0.266003,0.140710
0.208252,-0.143289,0.932406,0.219742,0.148872
0.161301,-0.147663,0.935786,0.170692,0.154267
0.116697,-0.149895,0.938997,0.123644,0.157109
0.074324,-0.150093,0.943970,0.078573,0.157203
0.034069,-0.150281,0.948695,0.035896,0.157003
-0.002250,-0.148536,0.955106,-0.002356,0.154281
-0.032907,-0.143032,0.965043,-0.034085,0.147058
-0.060107,-0.135881,0.974483,-0.061603,0.138286
-0.084025,-0.127163,0.981528,-0.085398,0.128375
-0.102901,-0.116959,0.984375,-0.104156,0.117626
-0.115063,-0.105342,0.985156,-0.116270,0.105811
-0.126618,-0.094306,0.987821,-0.127484,0.094412
-0.135672,-0.085744,0.992277,-0.135885,0.085407
-0.144273,-0.077611,0.998432,-0.143506,0.076782
-0.152444,-0.071807,1.004280,-0.150644,0.070574
-0.160206,-0.066294,1.009835,-0.157335,0.064747
-0.165657,-0.062979,1.013189,-0.162067,0.061268
-0.170836,-0.059830,1.016376,-0.166527,0.057987
-0.175756,-0.056839,1.019403,-0.170732,0.054891
-0.184276,-0.053997,1.022279,-0.178344,0.051935
-0.194293,-0.053220,1.025011,-0.187329,0.050969
-0.203809,-0.052482,1.027607,-0.195793,0.050054
-0.214772,-0.055627,1.031996,-0.205185,0.052723
-0.225187,-0.060538,1.038088,-0.213615,0.056930
-0.233159,-0.065203,1.041953,-0.220144,0.060992
-0.240732,-0.069636,1.041779,-0.227092,0.065035
-0.244080,-0.073846,1.039690,-0.230586,0.069037
-0.245337,-0.075923,1.037705,-0.232160,0.071082
-0.244609,-0.077896,1.033897,-0.232317,0.073187
-0.243917,-0.079771,1.030279,-0.232468,0.075201
-0.241336,-0.081551,1.024919,-0.231256,0.077296
-0.236962,-0.081320,1.017904,-0.228720,0.077653
-0.230883,-0.081100,1.011239,-0.224469,0.078028
-0.225108,-0.080891,1.004908,-0.220371,0.078388
-0.219622,-0.080693,0.998893,-0.216422,0.078735
-0.214410,-0.080504,0.993180,-0.212619,0.079067
-0.211382,-0.082248,0.987751,-0.210823,0.081245
-0.210428,-0.085828,0.984518,-0.210569,0.085047
-0.211445,-0.091152,0.983369,-0.211797,0.090376
-0.214334,-0.098133,0.986123,-0.214022,0.096939
-0.217079,-0.104765,0.988740,-0.216122,0.103126
-0.219687,-0.111065,0.991226,-0.218106,0.108960
-0.222164,-0.118973,0.995511,-0.219568,0.116116
-0.224517,-0.126486,0.999582,-0.220944,0.122841
-0.226753,-0.133623,1.003449,-0.222241,0.129166
-0.228877,-0.140404,1.007123,-0.223463,0.135116
-0.230895,-0.146845,1.010613,-0.224615,0.140717
-0.232811,-0.152964,1.013928,-0.225701,0.145991
-0.234632,-0.158778,1.017078,-0.226726,0.150959
-0.230593,-0.158531,1.016224,-0.223133,0.150975
-0.222910,-0.158297,1.013490,-0.216496,0.151377
-0.215610,-0.158074,1.010892,-0.210138,0.151756
-0.208676,-0.157863,1.006501,-0.204432,0.152387
-0.202088,-0.157662,1.002330,-0.198951,0.152988
-0.197753,-0.157471,0.998367,-0.195545,0.153506
-0.193635,-0.159213,0.994603,-0.192280,0.155853
-0.189722,-0.160868,0.992950,-0.188794,0.157808
-0.186005,-0.164363,0.991379,-0.185467,0.161529
-0.182474,-0.167683,0.989887,-0.182292,0.165074
-0.179120,-0.170838,0.990393,-0.178923,0.168138
-0.175933,-0.175757,0.990873,-0.175722,0.172901
-0.172906,-0.180431,0.991329,-0.172681,0.177417
-0.168106,-0.184871,0.989840,-0.168227,0.182092
-0.165470,-0.189089,0.988425,-0.165870,0.186485
-0.162966,-0.193096,0.987081,-0.163623,0.190666
-0.158664,-0.196903,0.985803,-0.159580,0.194702
-0.154577,-0.200519,0.984590,-0.155725,0.198542
-0.148771,-0.202032,0.983438,-0.150138,0.200397
-0.143256,-0.203469,0.982343,-0.144810,0.202158
-0.138016,-0.204834,0.981302,-0.139729,0.203831
-0.131115,-0.204207,0.978391,-0.133217,0.203991
-0.124559,-0.201689,0.975625,-0.126984,0.202260
-0.116408,-0.199297,0.971075,-0.119306,0.201022
-0.106742,-0.198948,0.966752,-0.109967,0.201763
-0.097559,-0.198616,0.962645,-0.100999,0.202459
-0.088834,-0.196377,0.958744,-0.092393,0.201194
-0.080547,-0.194251,0.955037,-0.084140,0.199968
-0.074596,-0.194153,0.951516,-0.078237,0.200684
-0.068943,-0.194061,0.948171,-0.072584,0.201364
-0.063573,-0.193973,0.946916,-0.067036,0.201611
-0.058471,-0.193890,0.945724,-0.061748,0.201841
-0.055548,-0.195734,0.946515,-0.058619,0.203579
-0.052770,-0.195563,0.945343,-0.055764,0.203684
-0.050132,-0.195400,0.946153,-0.052935,0.203380
-0.047625,-0.195245,0.948845,-0.050151,0.202691
-0.045244,-0.195099,0.951403,-0.047519,0.202038
-0.041059,-0.194959,0.953833,-0.043019,0.201437
-0.037083,-0.192903,0.958064,-0.038687,0.198546
-0.033305,-0.190950,0.960161,-0.034673,0.196197
-0.029717,-0.189095,0.962153,-0.030876,0.193970
-0.024385,-0.187333,0.964045,-0.025289,0.191868
-0.019320,-0.183735,0.961997,-0.020080,0.188684
-0.014508,-0.180318,0.960051,-0.015110,0.185637
-0.009936,-0.175148,0.958202,-0.010369,0.180783
-0.005593,-0.170237,0.956446,-0.005848,0.176141
-0.001467,-0.165571,0.954778,-0.001537,0.171706
0.002452,-0.161139,0.953193,0.002573,0.167468
0.006176,-0.158851,0.951687,0.006489,0.165387
0.007790,-0.156678,0.950256,0.008198,0.163404
0.011247,-0.154613,0.950820,0.011828,0.161188
0.014531,-0.152652,0.951356,0.015272,0.159082
0.015727,-0.152711,0.951865,0.016521,0.159057
0.016864,-0.152768,0.952349,0.017706,0.159032
0.017944,-0.152822,0.952809,0.018830,0.159009
0.018970,-0.152873,0.953245,0.019897,0.158986
0.019944,-0.152922,0.953660,0.020910,0.158965
0.018947,-0.152968,0.954054,0.019857,0.158951
0.019923,-0.153012,0.954428,0.020871,0.158931
0.020850,-0.153054,0.954783,0.021834,0.158912
0.021730,-0.153093,0.955121,0.022747,0.158894
0.022567,-0.153131,0.955442,0.023615,0.158877
0.025285,-0.151244,0.955747,0.026449,0.156891
0.029790,-0.149451,0.956036,0.031149,0.154994
0.034069,-0.145824,0.954388,0.035682,0.151526
0.040058,-0.140456,0.952823,0.042017,0.146229
0.043825,-0.137280,0.951336,0.046034,0.143163
0.045479,-0.134262,0.949923,0.047840,0.140251
0.047052,-0.133318,0.948580,0.049562,0.139461
0.048545,-0.132421,0.947305,0.051201,0.138708
0.049964,-0.131569,0.946094,0.052762,0.137990
0.051312,-0.130760,0.944943,0.054248,0.137306
0.050670,-0.129991,0.945773,0.053524,0.136396
0.048136,-0.131184,0.946561,0.050810,0.137537
0.043806,-0.134240,0.949233,0.046116,0.140341
0.039693,-0.139067,0.951771,0.041680,0.144963
0.039631,-0.141729,0.958029,0.041344,0.146749
0.039573,-0.144258,0.963974,0.041029,0.148424
0.039517,-0.146660,0.969621,0.040733,0.149995
0.039464,-0.148943,0.974986,0.040455,0.151470
0.041337,-0.149188,0.980083,0.042152,0.150928
0.043117,-0.149421,0.984925,0.043749,0.150418
0.044807,-0.149642,0.987602,0.045338,0.150224
0.046413,-0.149852,0.990145,0.046840,0.150042
0.047938,-0.146206,0.990638,0.048354,0.146361
0.049388,-0.142742,0.991106,0.049790,0.142864
0.050764,-0.139451,0.991550,0.051152,0.139542
0.052072,-0.136324,0.991973,0.052445,0.136386
0.057161,-0.131431,0.984682,0.057985,0.132471
0.060072,-0.130629,0.979679,0.061241,0.132311
0.055145,-0.131790,0.980695,0.056172,0.133376
0.050465,-0.132893,0.981660,0.051363,0.134382
0.046019,-0.133940,0.982577,0.046801,0.135334
0.039872,-0.134935,0.989217,0.040284,0.135461
0.037878,-0.126266,0.995526,0.038030,0.126069
0.037907,-0.114183,1.001519,0.037832,0.113439
0.037935,-0.102705,1.007212,0.037646,0.101547
0.037961,-0.091800,1.012621,0.037471,0.090346
0.043756,-0.079518,1.017759,0.042966,0.077900
0.047337,-0.067850,1.020717,0.046343,0.066304
0.050739,-0.058688,1.023527,0.049532,0.057206
0.053972,-0.049984,1.026197,0.052545,0.048603
0.055119,-0.039793,1.028733,0.053528,0.038607
0.056209,-0.030111,1.031143,0.054458,0.029150
0.057245,-0.020913,1.033432,0.055337,0.020203
0.058229,-0.010252,1.035606,0.056168,0.009884
0.061087,0.003722,1.037672,0.058801,-0.003581
0.065725,0.018921,1.037712,0.063252,-0.018195
0.070131,0.035282,1.035826,0.067602,-0.033971
0.074317,0.052749,1.034035,0.071747,-0.050838
0.078293,0.069342,1.032333,0.075696,-0.066878
0.082071,0.085106,1.030716,0.079457,-0.082124
0.085659,0.100081,1.029181,0.083039,-0.096607
0.089069,0.114308,1.027722,0.086450,-0.110359
0.092308,0.127823,1.026336,0.089698,-0.123412
0.095385,0.140663,1.025019,0.092789,-0.135798
0.098308,0.152861,1.023768,0.095732,-0.147548
0.099162,0.164448,1.022579,0.096670,-0.158720
0.099973,0.175457,1.021450,0.097563,-0.169318
0.096897,0.187838,1.018455,0.094856,-0.181583
0.099745,0.205369,1.007917,0.098640,-0.200053
0.108219,0.223947,0.995982,0.108231,-0.219919
0.116269,0.241595,0.984645,0.117538,-0.239012
0.123918,0.258362,0.973874,0.126562,-0.257336
0.136952,0.272367,0.969411,0.140345,-0.271338
0.149336,0.285672,0.965171,0.153507,-0.284562
0.155330,0.300234,0.957297,0.160857,-0.300221
0.159102,0.315992,0.949817,0.165967,-0.317047
0.162686,0.332884,0.944634,0.170548,-0.334252
0.162244,0.348932,0.945479,0.169944,-0.348860
0.161824,0.364178,0.946282,0.169372,-0.362574
0.167194,0.378662,0.939353,0.176144,-0.377807
0.174219,0.394344,0.927000,0.185771,-0.395993
0.180893,0.407319,0.913343,0.195525,-0.412383
0.187233,0.417722,0.906137,0.203760,-0.424064
0.191333,0.412221,0.912753,0.206630,-0.416195
0.195227,0.401225,0.917116,0.209741,-0.404323
0.197005,0.386933,0.915491,0.211958,-0.391827
0.194847,0.369510,0.910101,0.210910,-0.377928
0.188950,0.347188,0.908826,0.204986,-0.357911
0.177580,0.314444,0.917231,0.191238,-0.324660
0.161009,0.269876,0.934831,0.170559,-0.277177
0.143343,0.217920,0.953474,0.149220,-0.222279
0.126560,0.158947,0.969262,0.129839,-0.161197
0.110617,0.101000,0.980414,0.112351,-0.102013
0.095471,0.044027,0.987163,0.096412,-0.044363
0.077236,-0.013944,0.989728,0.077879,0.014045
0.059912,-0.072862,0.992165,0.060312,0.073173
0.043455,-0.132680,0.994479,0.043669,0.132509
0.027821,-0.191431,0.996679,0.027906,0.189686
0.014891,-0.247244,0.996845,0.014937,0.243094
0.002608,-0.300266,0.997002,0.002616,0.292528
-0.007138,-0.348715,0.997152,-0.007158,0.336409
-0.014473,-0.390894,0.999218,-0.014483,0.372862
-0.021442,-0.427119,1.001180,-0.021413,0.403155
-0.028062,-0.459609,1.001121,-0.028023,0.430242
-0.032428,-0.482782,1.001065,-0.032382,0.449157
-0.036576,-0.502874,1.001012,-0.036523,0.465271
-0.040516,-0.520038,1.000961,-0.040455,0.478821
-0.042337,-0.532498,1.000913,-0.042273,0.488558
-0.044066,-0.540488,0.998944,-0.044084,0.495546
-0.047632,-0.544233,0.998997,-0.047644,0.498349
-0.051019,-0.545868,1.000970,-0.050926,0.498712
-0.054238,-0.545497,1.006691,-0.053825,0.495974
-0.055372,-0.543222,1.014049,-0.054551,0.491176
-0.056450,-0.541061,1.021039,-0.055230,0.486659
-0.057473,-0.539008,1.027679,-0.055867,0.482406
-0.058446,-0.537058,1.033987,-0.056465,0.478398
-0.061293,-0.533282,1.041903,-0.058760,0.472370
-0.065920,-0.529695,1.045577,-0.062964,0.468118
-0.070317,-0.526287,1.045222,-0.067173,0.465551
-0.074493,-0.523049,1.044884,-0.071173,0.463099
-0.078461,-0.519974,1.044563,-0.074973,0.460758
-0.082230,-0.517052,1.042334,-0.078727,0.459250
-0.085811,-0.514276,1.040218,-0.082307,0.457806
-0.087290,-0.505870,1.034361,-0.084190,0.453463
-0.088694,-0.497884,1.030720,-0.085839,0.448549
-0.090029,-0.490298,1.027260,-0.087416,0.443827
-0.091297,-0.479245,1.027821,-0.088593,0.434800
-0.090578,-0.470667,1.028353,-0.087854,0.427770
-0.089895,-0.458672,1.032704,-0.086829,0.416577
-0.087323,-0.445354,1.036838,-0.084023,0.404422
-0.081034,-0.432702,1.040766,-0.077703,0.392942
-0.078906,-0.420682,1.044496,-0.075401,0.381899
-0.076883,-0.409263,1.048041,-0.073228,0.371384
-0.076885,-0.400338,1.053331,-0.072863,0.362326
-0.076887,-0.395706,1.060280,-0.072389,0.356341
-0.076889,-0.391305,1.068804,-0.071816,0.350126
-0.074968,-0.387125,1.074980,-0.069626,0.344892
-0.069296,-0.379307,1.077000,-0.064253,0.337976
-0.060062,-0.369957,1.076996,-0.055711,0.330403
-0.049367,-0.361075,1.076992,-0.045806,0.323169
-0.037283,-0.350713,1.076989,-0.034604,0.314636
-0.025804,-0.340870,1.075063,-0.023997,0.306960
-0.012975,-0.331519,1.071309,-0.012111,0.300085
-0.000788,-0.322635,1.067744,-0.000738,0.293442
0.010790,-0.314196,1.064357,0.010137,0.287031
0.023712,-0.306178,1.059216,0.022383,0.281324
0.032142,-0.298561,1.054332,0.030476,0.275830
0.040150,-0.293249,1.049692,0.038231,0.272232
0.045835,-0.290125,1.047208,0.043741,0.270021
0.049313,-0.289080,1.046770,0.047074,0.269164
0.052616,-0.288088,1.046355,0.050243,0.268345
0.055755,-0.287145,1.045960,0.053254,0.267565
0.058736,-0.286249,1.045585,0.056116,0.266821
0.061568,-0.285398,1.045229,0.058836,0.266111
0.064259,-0.282667,1.046814,0.061309,0.263263
0.064892,-0.281995,1.048319,0.061823,0.262298
0.063571,-0.281357,1.047826,0.060595,0.261867
0.064239,-0.280750,1.045435,0.061370,0.261887
0.064873,-0.280174,1.043163,0.062109,0.261906
0.073168,-0.270012,1.037159,0.070429,0.254080
0.081048,-0.260357,1.031455,0.078415,0.246523
0.086611,-0.251186,1.024113,0.084371,0.239700
0.091896,-0.242473,1.017138,0.090103,0.233104
0.098839,-0.232272,1.006666,0.097871,0.225717
0.105436,-0.220658,0.994794,0.105593,0.217101
0.111702,-0.209626,0.981593,0.113310,0.209086
0.117656,-0.199144,0.967129,0.121060,0.201628
0.119465,-0.189187,0.953387,0.124656,0.194410
0.119261,-0.181651,0.942257,0.125900,0.188975
0.119067,-0.174491,0.931682,0.127109,0.183681
0.116960,-0.167690,0.923560,0.125970,0.178219
0.114958,-0.161228,0.915843,0.124869,0.172928
0.111133,-0.157013,0.910436,0.121465,0.169545
0.105577,-0.153009,0.909145,0.115610,0.165644
0.102221,-0.151127,0.907918,0.112116,0.163926
0.099033,-0.149340,0.906753,0.108786,0.162284
0.096004,-0.147643,0.905646,0.105612,0.160718
0.095050,-0.142183,0.904595,0.104691,0.155064
0.094144,-0.136997,0.903596,0.103814,0.149670
0.095206,-0.132071,0.900724,0.105309,0.144794
0.096215,-0.127390,0.896072,0.106964,0.140422
0.097173,-0.124867,0.891653,0.108553,0.138326
0.098084,-0.124393,0.885532,0.110313,0.138722
0.098949,-0.122019,0.872025,0.112987,0.138148
0.101694,-0.119764,0.859193,0.117812,0.137551
0.104302,-0.115699,0.847002,0.122525,0.134753
0.106779,-0.111837,0.835421,0.127125,0.132017
0.109132,-0.108169,0.826343,0.131307,0.129052
0.111368,-0.104683,0.817718,0.135361,0.126174
0.111569,-0.103295,0.811447,0.136637,0.125449
0.109836,-0.103900,0.805490,0.135524,0.127117
0.106268,-0.106397,0.799831,0.132089,0.131109
0.102877,-0.108769,0.796378,0.128470,0.134635
0.097733,-0.111023,0.795021,0.122318,0.137727
0.094770,-0.113164,0.795654,0.118551,0.140302
0.091954,-0.115199,0.798179,0.114700,0.142408
0.089280,-0.115208,0.800578,0.111060,0.142056
0.088662,-0.115217,0.804780,0.109727,0.141355
0.086152,-0.115225,0.808772,0.106122,0.140731
0.083767,-0.115233,0.810641,0.102969,0.140466
0.081502,-0.115241,0.812416,0.099986,0.140215
0.079350,-0.115248,0.812180,0.097391,0.140299
0.077306,-0.115255,0.810033,0.095147,0.140704
0.075363,-0.119107,0.804146,0.093446,0.146415
0.071595,-0.120844,0.796631,0.089632,0.149951
0.068016,-0.122494,0.785646,0.086357,0.154103
0.066538,-0.122139,0.771364,0.086047,0.156466
0.065134,-0.119878,0.753949,0.086176,0.157105
0.063800,-0.119653,0.735483,0.086530,0.160681
0.062533,-0.119440,0.717939,0.086882,0.164244
0.061330,-0.119237,0.701273,0.087233,0.167791
0.058263,-0.119045,0.685440,0.084798,0.171355
0.057273,-0.116938,0.672322,0.084982,0.171600
0.056333,-0.113015,0.659860,0.085164,0.169022
0.053516,-0.109287,0.648021,0.082397,0.166519
0.052763,-0.107669,0.640620,0.082177,0.165962
0.050125,-0.106132,0.633589,0.078949,0.165460
0.047619,-0.104671,0.626909,0.075813,0.164971
0.045238,-0.101361,0.620564,0.072769,0.161486
0.042976,-0.096293,0.612612,0.070037,0.155532
0.042750,-0.089555,0.601213,0.070987,0.147503
0.044459,-0.083154,0.586537,0.075654,0.140435
0.044159,-0.077073,0.561056,0.078545,0.136102
0.045797,-0.071297,0.533003,0.085713,0.132492
0.047354,-0.067732,0.502507,0.093957,0.133396
0.050755,-0.062422,0.469689,0.107643,0.131371
0.053987,-0.055455,0.434666,0.123570,0.125937
0.057057,-0.044990,0.397548,0.142548,0.111555
0.063819,-0.033125,0.358440,0.176200,0.090733
0.074090,-0.018007,0.317441,0.229292,0.055185
0.083847,-0.003645,0.278492,0.292442,0.012533
0.095039,0.013845,0.239568,0.377667,-0.053666
0.105672,0.030460,0.202589,0.480782,-0.132528
0.115773,0.050091,0.165537,0.610308,-0.243067
0.125369,0.070663,0.130337,0.765972,-0.372498
0.130639,0.090207,0.100743,0.913891,-0.500386
0.135645,0.108774,0.072629,1.079206,-0.615369
0.126940,0.124489,0.070921,1.061303,-0.708045
0.103285,0.139418,0.103913,0.782368,-0.760594
0.069275,0.151678,0.154487,0.421539,-0.730530
0.019657,0.163325,0.227531,0.086179,-0.620821
-0.027480,0.174390,0.296924,-0.092284,-0.529184
-0.099182,0.177209,0.420539,-0.231613,-0.389210
-0.167300,0.179887,0.537974,-0.301501,-0.309063
-0.232012,0.182431,0.649537,-0.343071,-0.258574
-0.303104,0.179078,0.780522,-0.370410,-0.210699
-0.374487,0.172048,0.926111,-0.384264,-0.170553
-0.442301,0.165368,1.064421,-0.393824,-0.142494
-0.500955,0.160946,1.205430,-0.393867,-0.122675
-0.556677,0.156745,1.339390,-0.393899,-0.107647
-0.590381,0.166215,1.468574,-0.382238,-0.104630
-0.591632,0.182905,1.575915,-0.359140,-0.108233
-0.585127,0.196836,1.668273,-0.337332,-0.110882
-0.569332,0.210071,1.727167,-0.318417,-0.115004
-0.554327,0.222645,1.783116,-0.301404,-0.118674
-0.534303,0.230743,1.811268,-0.286853,-0.121585
-0.515280,0.238437,1.838012,-0.273330,-0.124266
-0.499132,0.243823,1.851881,-0.263271,-0.126447
-0.485713,0.247016,1.851595,-0.256542,-0.128332
-0.472966,0.246204,1.839784,-0.251628,-0.128889
-0.464703,0.235817,1.817026,-0.250382,-0.125078
-0.456852,0.225949,1.795405,-0.249168,-0.121363
-0.453240,0.214651,1.769096,-0.250804,-0.117001
-0.449809,0.203919,1.742180,-0.252670,-0.112850
-0.446549,0.193723,1.716609,-0.254494,-0.108786
-0.443453,0.184037,1.692317,-0.256277,-0.104811
-0.440511,0.174835,1.669240,-0.258017,-0.100928
-0.437716,0.166093,1.647317,-0.259713,-0.097139
-0.435061,0.157789,1.626489,-0.261366,-0.093444
-0.432539,0.149899,1.606703,-0.262974,-0.089846
-0.430142,0.142404,1.587906,-0.264538,-0.086346
-0.427866,0.135284,1.570050,-0.266057,-0.082943
-0.425704,0.128520,1.553086,-0.267531,-0.079639
-0.421726,0.120171,1.536970,-0.267797,-0.075257
-0.417948,0.112239,1.521660,-0.268055,-0.071007
-0.412435,0.110473,1.509038,-0.266794,-0.070501
-0.405275,0.112642,1.493202,-0.265028,-0.072674
-0.394626,0.118548,1.462772,-0.263506,-0.078087
-0.388356,0.118390,1.424249,-0.266203,-0.080025
-0.386246,0.118240,1.389575,-0.271116,-0.081800
-0.384242,0.116174,1.354712,-0.276375,-0.082315
-0.380414,0.114211,1.321592,-0.280269,-0.082857
-0.374855,0.112347,1.288204,-0.283171,-0.083544
-0.367651,0.112499,1.258410,-0.284244,-0.085601
-0.360807,0.114566,1.232028,-0.284890,-0.089006
-0.352382,0.114607,1.206965,-0.284062,-0.090898
-0.344378,0.114646,1.185078,-0.282806,-0.092633
-0.338698,0.116606,1.166209,-0.282651,-0.095726
-0.333301,0.116545,1.152129,-0.281604,-0.096868
-0.326251,0.114564,1.136830,-0.279473,-0.096564
-0.319554,0.112682,1.122296,-0.277392,-0.096266
-0.313192,0.110894,1.108489,-0.275362,-0.095976
-0.307148,0.109195,1.097296,-0.272928,-0.095538
-0.301406,0.107582,1.086662,-0.270567,-0.095112
-0.295951,0.106049,1.076559,-0.268277,-0.094699
-0.290769,0.106516,1.066962,-0.266059,-0.096022
-0.285846,0.106959,1.055922,-0.264371,-0.097465
-0.281169,0.107380,1.045433,-0.262732,-0.098866
-0.278649,0.105857,1.037392,-0.262411,-0.098232
-0.278178,0.102488,1.027830,-0.264314,-0.095954
-0.277731,0.099286,1.018747,-0.266152,-0.093752
-0.277306,0.096245,1.010117,-0.267927,-0.091624
-0.276902,0.093356,1.003842,-0.269149,-0.089411
-0.276518,0.090611,0.997881,-0.270323,-0.087284
-0.276154,0.088004,0.992217,-0.271450,-0.085239
-0.275808,0.085527,0.986837,-0.272533,-0.083276
-0.275479,0.083173,0.981726,-0.273571,-0.081391
-0.275166,0.080938,0.976871,-0.274567,-0.079582
-0.274870,0.080737,0.970335,-0.276041,-0.079885
-0.274588,0.080546,0.964126,-0.277459,-0.080176
-0.270474,0.084211,0.958227,-0.275108,-0.084377
-0.264642,0.087693,0.954547,-0.270451,-0.088299
-0.257179,0.094847,0.954896,-0.263085,-0.095617
-0.257782,0.093951,0.960997,-0.262075,-0.094146
-0.258354,0.093099,0.966794,-0.261126,-0.092765
-0.258898,0.092291,0.972300,-0.260236,-0.091468
-0.259415,0.091522,0.977531,-0.259398,-0.090248
-0.261829,0.088869,0.982501,-0.260439,-0.087180
-0.264122,0.084426,0.987222,-0.261418,-0.082426
-0.268224,0.078281,0.991707,-0.264147,-0.076051
-0.275966,0.070521,0.995968,-0.270302,-0.068130
-0.283322,0.063149,1.000016,-0.276082,-0.060682
-0.290310,0.056145,1.003861,-0.281513,-0.053676
-0.296948,0.049492,1.007514,-0.286618,-0.047084
-0.303254,0.045094,1.010985,-0.291420,-0.042698
-0.309245,0.040916,1.014282,-0.295938,-0.038568
-0.314937,0.036948,1.017414,-0.300192,-0.034677
-0.320344,0.033177,1.020389,-0.304199,-0.031011
-0.325481,0.029595,1.023216,-0.307975,-0.027556
-0.330360,0.026192,1.025901,-0.311534,-0.024297
-0.334996,0.022960,1.030375,-0.314341,-0.021188
-0.339400,0.019889,1.034626,-0.316980,-0.018263
-0.343584,0.016971,1.038664,-0.319464,-0.015511
-0.347559,0.016122,1.040577,-0.322356,-0.014695
-0.351335,0.015316,1.042394,-0.325088,-0.013923
-0.354922,0.014551,1.044120,-0.327671,-0.013193
-0.358330,0.013823,1.045761,-0.330112,-0.012504
-0.363490,0.015055,1.047319,-0.334060,-0.013579
-0.372239,0.014302,1.048799,-0.341050,-0.012851
-0.380550,0.013587,1.050205,-0.347641,-0.012163
-0.394215,0.016754,1.053464,-0.358076,-0.014894
-0.407196,0.019762,1.056560,-0.367855,-0.017451
-0.415682,0.026467,1.057578,-0.374502,-0.023287
-0.417975,0.038605,1.050853,-0.378564,-0.034122
-0.420153,0.050136,1.042541,-0.383098,-0.044575
-0.426069,0.061091,1.036568,-0.389986,-0.054457
-0.433612,0.071498,1.030894,-0.398153,-0.063843
-0.440777,0.081384,1.025503,-0.405942,-0.072782
-0.451431,0.092700,1.020381,-0.416527,-0.082890
-0.461551,0.103449,1.015516,-0.426589,-0.092475
-0.471166,0.115585,1.010894,-0.436152,-0.103266
-0.480300,0.127113,1.010350,-0.443758,-0.113140
-0.488977,0.134219,1.011755,-0.450195,-0.118878
-0.495298,0.139047,1.011167,-0.455477,-0.122870
-0.501302,0.141710,1.012532,-0.459718,-0.124774
-0.507006,0.144239,1.011905,-0.464480,-0.126757
-0.512425,0.146643,1.011310,-0.468989,-0.128632
-0.509881,0.147003,1.004975,-0.469515,-0.129714
-0.501694,0.149268,0.995111,-0.466969,-0.133149
-0.491994,0.149497,0.983817,-0.463717,-0.135081
-0.482779,0.149715,0.973088,-0.460548,-0.136962
-0.470179,0.149921,0.960972,-0.455030,-0.139229
-0.458208,0.150117,0.949462,-0.449629,-0.141442
-0.444913,0.146458,0.936604,-0.443471,-0.140317
-0.430360,0.139135,0.922466,-0.436516,-0.135844
-0.420380,0.128332,0.907112,-0.433964,-0.127661
-0.410900,0.118069,0.892526,-0.431451,-0.119590
-0.403816,0.098704,0.874823,-0.432457,-0.102085
-0.395164,0.078384,0.852235,-0.434171,-0.083249
-0.386944,0.059081,0.832700,-0.434999,-0.064254
-0.379136,0.040742,0.814142,-0.435822,-0.045334
-0.371717,0.023320,0.796512,-0.436639,-0.026525
-0.364670,0.004846,0.781687,-0.436504,-0.005619
-0.352206,-0.016550,0.769525,-0.429232,0.019553
-0.334595,-0.034953,0.754126,-0.417591,0.042341
-0.317865,-0.052436,0.739497,-0.405963,0.065053
-0.296203,-0.065199,0.725599,-0.387571,0.083000
-0.275624,-0.077324,0.712396,-0.369160,0.100884
-0.256073,-0.088842,0.699853,-0.350765,0.118654
-0.222116,-0.086323,0.695629,-0.309069,0.117667
-0.184087,-0.080084,0.695463,-0.258762,0.110862
-0.147959,-0.074156,0.695306,-0.209670,0.103941
-0.109792,-0.062756,0.697079,-0.156220,0.088698
-0.069687,-0.040388,0.702609,-0.098860,0.057140
-0.037357,-0.007599,0.717479,-0.052020,0.010577
-0.008566,0.027396,0.739297,-0.011586,-0.037038
0.011093,0.060642,0.763871,0.014521,-0.079213
0.025923,0.088379,0.789139,0.032838,-0.111470
0.038089,0.112806,0.816990,0.046587,-0.137061
0.049646,0.136012,0.843448,0.058793,-0.159609
0.060625,0.158058,0.868583,0.069685,-0.179575
0.069132,0.179001,0.894385,0.077142,-0.196956
0.077214,0.198897,0.918896,0.083832,-0.212437
0.082969,0.217798,0.944105,0.087656,-0.225885
0.086513,0.231908,0.971900,0.088780,-0.233344
0.087956,0.241467,1.000228,0.087711,-0.236002
0.089328,0.250547,1.027140,0.086749,-0.238389
0.096400,0.253405,1.048860,0.091652,-0.236099
0.105041,0.256119,1.061801,0.098607,-0.235583
0.115174,0.258698,1.070250,0.107201,-0.235856
0.124800,0.259224,1.076353,0.115431,-0.234820
0.130098,0.253955,1.076381,0.120283,-0.230082
0.135132,0.248950,1.076408,0.124886,-0.225572
0.139914,0.246118,1.076434,0.129254,-0.222965
0.144456,0.243427,1.078382,0.133164,-0.220110
0.146849,0.238948,1.078309,0.135352,-0.216139
0.149122,0.234693,1.078239,0.137430,-0.212360
0.149358,0.230651,1.080097,0.137411,-0.208460
0.147659,0.226811,1.083784,0.135411,-0.204463
0.142200,0.221239,1.085364,0.130274,-0.199425
0.137013,0.215946,1.086865,0.125401,-0.194632
0.132085,0.210918,1.090214,0.120568,-0.189750
0.127404,0.206142,1.093396,0.115998,-0.185122
0.121034,0.203527,1.098341,0.109754,-0.182147
0.114982,0.201043,1.103040,0.103866,-0.179333
0.109233,0.198683,1.107503,0.098312,-0.176670
0.103771,0.196441,1.111743,0.093071,-0.174150
0.096660,0.194311,1.113848,0.086563,-0.172079
0.091827,0.192288,1.113925,0.082249,-0.170371
0.087235,0.190366,1.110152,0.078418,-0.169314
0.082874,0.188540,1.106568,0.074753,-0.168300
0.078730,0.186805,1.103162,0.071247,-0.167327
0.074793,0.187081,1.098004,0.068013,-0.168379
0.071054,0.187342,1.093104,0.064910,-0.169386
0.067501,0.187590,1.086526,0.062046,-0.170643
0.062203,0.187826,1.076430,0.057722,-0.172469
0.055247,0.188050,1.066839,0.051739,-0.174247
0.048638,0.186340,1.059651,0.045868,-0.173891
0.040437,0.184715,1.052823,0.038389,-0.173555
0.030723,0.183172,1.050181,0.029246,-0.172610
0.017648,0.181705,1.047672,0.016844,-0.171705
0.005227,0.180313,1.045289,0.005001,-0.170817
-0.008496,0.177066,1.046870,-0.008115,-0.167547
-0.021532,0.175905,1.050296,-0.020498,-0.165907
-0.033917,0.174802,1.053551,-0.032182,-0.164336
-0.045683,0.173754,1.056642,-0.043207,-0.162832
-0.054937,0.174682,1.059579,-0.051802,-0.163175
-0.061806,0.177486,1.062370,-0.058112,-0.165263
-0.068331,0.180151,1.066943,-0.063956,-0.166934
-0.074530,0.182681,1.071289,-0.069458,-0.168501
-0.078496,0.185086,1.071570,-0.073122,-0.170588
-0.082263,0.187370,1.071838,-0.076599,-0.172566
-0.085842,0.189540,1.070169,-0.080042,-0.174744
-0.089242,0.191601,1.066661,-0.083471,-0.177126
-0.092473,0.191637,1.061405,-0.086903,-0.177966
-0.095541,0.189747,1.052565,-0.090522,-0.177641
-0.096533,0.187952,1.044168,-0.092188,-0.177354
-0.101322,0.186247,1.036190,-0.097473,-0.177016
-0.107795,0.182704,1.030534,-0.104222,-0.174534
-0.113943,0.179338,1.025162,-0.110692,-0.172145
-0.119785,0.174217,1.023903,-0.116459,-0.167416
-0.125334,0.169352,1.024631,-0.121716,-0.162610
-0.130606,0.164731,1.025323,-0.126698,-0.158046
-0.137537,0.160341,1.027903,-0.133013,-0.153396
-0.144122,0.156170,1.030354,-0.138974,-0.148995
-0.150377,0.152207,1.036528,-0.144072,-0.144312
-0.156320,0.148443,1.042394,-0.148853,-0.139911
-0.160042,0.146790,1.051813,-0.151000,-0.137106
-0.163578,0.145220,1.060761,-0.153003,-0.134486
-0.165015,0.145651,1.071184,-0.152848,-0.133587
-0.168303,0.146061,1.081087,-0.154439,-0.132713
-0.171426,0.146450,1.090494,-0.155924,-0.131898
-0.174393,0.146820,1.099431,-0.157311,-0.131136
-0.177212,0.145248,1.105998,-0.158878,-0.128954
-0.179890,0.143755,1.112236,-0.160349,-0.126905
-0.182434,0.142337,1.114317,-0.162278,-0.125395
-0.186774,0.140989,1.116293,-0.165780,-0.123931
-0.190896,0.139709,1.118171,-0.169092,-0.122545
-0.192890,0.140416,1.119955,-0.170557,-0.122934
-0.194784,0.141087,1.121649,-0.171944,-0.123302
-0.196583,0.141725,1.123259,-0.173257,-0.123650
-0.198293,0.144254,1.126711,-0.174208,-0.125431
-0.199916,0.146657,1.133837,-0.174525,-0.126698
-0.203382,0.148939,1.144453,-0.175875,-0.127438
-0.206675,0.151108,1.154538,-0.177134,-0.128128
-0.209802,0.153168,1.167965,-0.177735,-0.128365
-0.210851,0.155125,1.188413,-0.175595,-0.127823
-0.211847,0.156984,1.207839,-0.173627,-0.127324
-0.212793,0.158750,1.226293,-0.171814,-0.126864
-0.213692,0.160428,1.249594,-0.169371,-0.125878
-0.214546,0.162022,1.271729,-0.167130,-0.124973
-0.215357,0.163536,1.292758,-0.165071,-0.124141
-0.214204,0.163052,1.320428,-0.160822,-0.121292
-0.215032,0.156822,1.346714,-0.158335,-0.114489
-0.213896,0.150904,1.371686,-0.154691,-0.108275
-0.212817,0.141436,1.395410,-0.151346,-0.099866
-0.211791,0.128595,1.419870,-0.148071,-0.089339
-0.210817,0.116396,1.443107,-0.145060,-0.079641
-0.207969,0.104807,1.469029,-0.140634,-0.070523
-0.205263,0.093797,1.495577,-0.136394,-0.062054
-0.202692,0.083338,1.520798,-0.132499,-0.054265
-0.200249,0.071479,1.552451,-0.128281,-0.045633
-0.197929,0.060213,1.584444,-0.124277,-0.037692
-0.193802,0.051433,1.616760,-0.119301,-0.031576
-0.187958,0.045015,1.647460,-0.113598,-0.027141
-0.182406,0.038918,1.674703,-0.108491,-0.023098
-0.177132,0.033126,1.700583,-0.103785,-0.019372
-0.172122,0.027624,1.725169,-0.099442,-0.015932
-0.167362,0.022396,1.746603,-0.095530,-0.012764
-0.162840,0.017430,1.766965,-0.091898,-0.009823
-0.160467,0.012713,1.784386,-0.089687,-0.007096
-0.158213,0.008231,1.800936,-0.087625,-0.004553
-0.157995,0.005896,1.814736,-0.086843,-0.003237
-0.163556,0.003678,1.820153,-0.089618,-0.002013
-0.170763,0.001571,1.821453,-0.093478,-0.000859
-0.181456,-0.000430,1.816918,-0.099540,0.000236
-0.191614,-0.002332,1.812611,-0.105320,0.001279
-0.203187,-0.002215,1.806596,-0.111999,0.001219
-0.214181,-0.000181,1.793189,-0.118878,0.000100
-0.226549,0.001751,1.774684,-0.126969,-0.000979
-0.232530,0.007432,1.739795,-0.132866,-0.004234
-0.238211,0.016676,1.700883,-0.139146,-0.009709
-0.237839,0.031227,1.652377,-0.142955,-0.018703
-0.233639,0.046973,1.600527,-0.144952,-0.029033
-0.227726,0.061932,1.541655,-0.146655,-0.039721
-0.218263,0.078067,1.478034,-0.146612,-0.052204
-0.203504,0.093394,1.411824,-0.143156,-0.065381
-0.185636,0.109878,1.345079,-0.137145,-0.080746
-0.166739,0.129384,1.279748,-0.129561,-0.099920
-0.144941,0.147915,1.215761,-0.118658,-0.120226
-0.122309,0.165519,1.153050,-0.105679,-0.141790
-0.100809,0.182243,1.093474,-0.091932,-0.164462
-0.080384,0.198131,1.036877,-0.077370,-0.188257
-0.057134,0.211301,0.983110,-0.058050,-0.211365
-0.038893,0.219967,0.933955,-0.041619,-0.231114
-0.023486,0.228200,0.887257,-0.026465,-0.251656
-0.008851,0.236020,0.842894,-0.010500,-0.273005
0.005054,0.243450,0.800750,0.006311,-0.295142
0.018262,0.250508,0.760712,0.024002,-0.318038
0.026965,0.255291,0.720753,0.037394,-0.340191
0.023693,0.244449,0.688562,0.034396,-0.340948
0.020586,0.234150,0.657980,0.031276,-0.341733
0.015710,0.218596,0.630850,0.024898,-0.333467
0.011079,0.203820,0.605077,0.018307,-0.324862
0.016294,0.187860,0.572900,0.028433,-0.316742
0.019325,0.172698,0.542332,0.035619,-0.308100
0.024128,0.156371,0.513292,0.046972,-0.295403
0.028691,0.140860,0.485705,0.059002,-0.281802
0.033026,0.126124,0.463342,0.071157,-0.265125
0.037144,0.110203,0.438252,0.084552,-0.245507
0.041056,0.095077,0.414417,0.098747,-0.224460
0.044772,0.080708,0.391773,0.113787,-0.201887
0.048303,0.059365,0.368338,0.130393,-0.158462
0.049734,0.039089,0.349921,0.141183,-0.110149
0.051093,0.019827,0.332425,0.152505,-0.058883
0.054308,0.003451,0.319650,0.168291,-0.010643
0.057362,-0.012106,0.307513,0.184414,0.038681
0.058340,-0.024962,0.295984,0.194610,0.082557
0.059269,-0.037176,0.288877,0.202362,0.125404
0.060152,-0.048779,0.282126,0.210063,0.167512
0.060990,-0.059801,0.277635,0.216243,0.207355
0.061787,-0.072196,0.277214,0.219300,0.248924
0.060621,-0.085894,0.284508,0.209933,0.287116
0.057590,-0.100830,0.295282,0.192614,0.323389
0.052787,-0.116942,0.307441,0.170040,0.358671
0.046301,-0.132249,0.318992,0.144143,0.389340
0.040140,-0.146790,0.329966,0.121055,0.415855
0.030441,-0.164451,0.344237,0.088201,0.444157
0.023150,-0.179305,0.357794,0.064611,0.463724
0.016223,-0.193417,0.370674,0.043738,0.480541
0.011566,-0.204900,0.384832,0.030045,0.489074
0.009064,-0.215809,0.398283,0.022754,0.496454
0.006688,-0.224249,0.411061,0.016269,0.499355
0.006354,-0.232267,0.425123,0.014944,0.499992
0.006036,-0.239885,0.438483,0.013765,0.500558
0.007657,-0.247121,0.451174,0.016970,0.501038
0.011120,-0.255919,0.461307,0.024102,0.506374
0.014411,-0.266200,0.470934,0.030591,0.514283
0.017536,-0.275967,0.480080,0.036512,0.521423
0.020506,-0.285246,0.488768,0.041929,0.527891
0.023326,-0.294060,0.497022,0.046898,0.533771
0.026006,-0.300511,0.502940,0.051662,0.537998
0.026629,-0.304716,0.512409,0.051922,0.535902
0.027221,-0.308711,0.523327,0.051968,0.532370
0.023937,-0.312506,0.535622,0.044660,0.527724
0.015047,-0.319958,0.554995,0.027106,0.522807
0.008526,-0.325114,0.573399,0.014868,0.515750
0.006176,-0.328089,0.590883,0.010453,0.506844
0.005868,-0.328992,0.605569,0.009689,0.497648
0.005574,-0.329850,0.619522,0.008997,0.489235
0.005296,-0.330666,0.632776,0.008369,0.481520
0.005031,-0.331440,0.645368,0.007795,0.474430
0.006702,-0.330253,0.657331,0.010196,0.465557
0.010213,-0.327201,0.668695,0.015272,0.455016
0.013549,-0.322380,0.677568,0.019994,0.444015
0.016718,-0.317799,0.685997,0.024365,0.433718
0.019728,-0.313448,0.694005,0.028418,0.424074
0.022588,-0.311237,0.697766,0.032360,0.419367
0.025304,-0.309137,0.701339,0.036064,0.414920
0.029808,-0.307141,0.702811,0.042388,0.411677
0.034087,-0.305246,0.704209,0.048367,0.408587
0.038152,-0.303445,0.705537,0.054023,0.405645
0.042014,-0.301734,0.706798,0.059372,0.402845
0.043759,-0.298186,0.706074,0.061896,0.398908
0.045417,-0.292892,0.709232,0.063950,0.390917
