0.033182,-0.223951,0.973292,0.034079,0.226033
0.035369,-0.224292,0.968859,0.036490,0.227348
0.035524,-0.220770,0.968493,0.036663,0.223977
0.037594,-0.217424,0.966222,0.038888,0.221176
0.039560,-0.216168,0.962141,0.041094,0.220823
0.041428,-0.216898,0.958265,0.043206,0.222393
0.043203,-0.217591,0.954583,0.045228,0.223893
0.044889,-0.218250,0.953007,0.047068,0.224889
0.046491,-0.218876,0.951511,0.048821,0.225837
0.048012,-0.217548,0.950089,0.050492,0.224819
0.049458,-0.216286,0.948739,0.052083,0.223848
0.050831,-0.215087,0.949379,0.053490,0.222486
0.052136,-0.215871,0.949987,0.054825,0.223117
0.051452,-0.216616,0.952487,0.053966,0.223303
0.050802,-0.215401,0.956786,0.053047,0.221136
0.048262,-0.216169,0.958947,0.050286,0.221446
0.045849,-0.216899,0.960999,0.047674,0.221738
0.043557,-0.217592,0.961026,0.045292,0.222442
0.041379,-0.218251,0.961052,0.043029,0.223109
0.039310,-0.218877,0.959153,0.040961,0.224175
0.039268,-0.219472,0.957349,0.040994,0.225172
0.039227,-0.220037,0.953713,0.041108,0.226563
0.039189,-0.220573,0.950258,0.041217,0.227893
0.039153,-0.221083,0.946976,0.041321,0.229165
0.037195,-0.223491,0.943858,0.039387,0.232328
0.035335,-0.225778,0.940896,0.037537,0.235348
0.035492,-0.227950,0.938082,0.037816,0.238212
0.035640,-0.230014,0.935408,0.038083,0.240945
0.035781,-0.230052,0.930945,0.038416,0.242091
0.035915,-0.230088,0.926706,0.038736,0.243189
0.036042,-0.230122,0.922678,0.039043,0.244241
0.036163,-0.230154,0.922698,0.039173,0.244268
0.036278,-0.230185,0.924640,0.039215,0.243806
0.036387,-0.230214,0.928408,0.039173,0.242885
0.034568,-0.230242,0.933911,0.036997,0.241556
0.034763,-0.226422,0.937215,0.037075,0.236891
0.036871,-0.220870,0.940355,0.039189,0.230527
0.036950,-0.215596,0.943337,0.039150,0.224521
0.038949,-0.210585,0.946170,0.041142,0.218817
0.040848,-0.205825,0.946938,0.043110,0.213837
0.042651,-0.201303,0.947668,0.044976,0.209103
0.042442,-0.198931,0.948362,0.044723,0.206564
0.042243,-0.196676,0.949021,0.044483,0.204152
0.042054,-0.194535,0.951570,0.044165,0.201466
0.039951,-0.192500,0.953991,0.041853,0.198941
0.037954,-0.190568,0.956292,0.039667,0.196550
0.036056,-0.190655,0.956554,0.037676,0.196600
0.034253,-0.190737,0.956803,0.035784,0.196646
0.030617,-0.190816,0.958963,0.031917,0.196318
0.027163,-0.190890,0.961015,0.028258,0.196006
0.023882,-0.190961,0.962964,0.024796,0.195707
0.020765,-0.191029,0.966739,0.021476,0.195044
0.017804,-0.191093,0.970325,0.018346,0.194416
0.014990,-0.191153,0.973732,0.015394,0.193823
0.012318,-0.191211,0.976968,0.012608,0.193261
0.009779,-0.191266,0.980043,0.009978,0.192729
0.007367,-0.191318,0.982964,0.007494,0.192225
0.006998,-0.189444,0.985739,0.007100,0.189865
0.006649,-0.187664,0.988375,0.006727,0.187634
0.006316,-0.185974,0.990879,0.006374,0.185523
0.007923,-0.182444,0.991335,0.007992,0.181996
0.009450,-0.179091,0.991769,0.009528,0.178644
0.010901,-0.177829,0.990257,0.011008,0.177674
0.014202,-0.174707,0.988821,0.014362,0.174859
0.015415,-0.173664,0.985534,0.015640,0.174401
0.014644,-0.172673,0.984334,0.014876,0.173635
0.010066,-0.175578,0.985117,0.010218,0.176369
0.005716,-0.178337,0.985862,0.005798,0.178957
-0.000339,-0.180959,0.986569,-0.000343,0.181406
-0.006091,-0.183449,0.987240,-0.006170,0.183721
-0.011556,-0.187738,0.989801,-0.011674,0.187434
-0.016747,-0.191813,0.992234,-0.016877,0.190932
-0.019756,-0.193761,0.996469,-0.019823,0.192014
-0.022614,-0.195611,0.998568,-0.022643,0.193394
-0.025330,-0.197369,1.000563,-0.025310,0.194697
-0.027909,-0.199039,1.002458,-0.027834,0.195928
-0.026514,-0.196779,1.004258,-0.026395,0.193428
-0.025188,-0.194633,1.005968,-0.025034,0.191058
-0.022006,-0.190670,1.005670,-0.021878,0.187328
-0.017059,-0.183060,1.005386,-0.016966,0.180081
-0.012360,-0.175830,1.003194,-0.012320,0.173495
-0.007896,-0.168962,0.997265,-0.007917,0.167826
-0.005578,-0.162437,0.993556,-0.005614,0.162054
-0.003376,-0.158161,0.991955,-0.003403,0.158112
-0.001284,-0.154099,0.990434,-0.001297,0.154350
0.000703,-0.150240,0.988989,0.000711,0.150760
0.004514,-0.146574,0.989540,0.004562,0.147053
0.008135,-0.141169,0.991986,0.008200,0.141355
0.013497,-0.136033,0.990463,0.013626,0.136477
0.018591,-0.131155,0.989017,0.018796,0.131819
0.023431,-0.126520,0.987643,0.023720,0.127374
0.026106,-0.120194,0.988261,0.026410,0.120986
0.028647,-0.114184,0.988848,0.028961,0.114915
0.032983,-0.100783,0.991329,0.033260,0.101261
0.037103,-0.084205,0.995608,0.037250,0.084318
0.046787,-0.062687,0.991982,0.047130,0.063040
0.057909,-0.042245,0.988537,0.058514,0.042636
0.070398,-0.018979,0.983341,0.071469,0.019249
0.082263,0.003124,0.978404,0.083881,-0.003181
0.093534,0.022198,0.971792,0.095954,-0.022734
0.106165,0.040319,0.965510,0.109518,-0.041485
0.120088,0.057534,0.957619,0.124751,-0.059543
0.135237,0.071965,0.950123,0.141387,-0.074847
0.143860,0.091444,0.944924,0.151085,-0.095381
0.150129,0.109948,0.939986,0.158376,-0.114995
0.156084,0.127528,0.939140,0.164693,-0.133162
0.161741,0.144228,0.942183,0.170009,-0.149743
0.169039,0.163940,0.945074,0.176991,-0.169127
0.175971,0.184589,0.945897,0.183934,-0.189552
0.184480,0.206129,0.944756,0.192841,-0.210952
0.192564,0.226592,0.939826,0.202096,-0.231942
0.202167,0.246031,0.931296,0.213764,-0.252652
0.207443,0.264499,0.925116,0.220586,-0.272064
0.210532,0.278197,0.917322,0.225601,-0.287402
0.213467,0.289287,0.911840,0.229964,-0.299606
0.218178,0.295977,0.906633,0.236157,-0.307339
0.222654,0.302332,0.901686,0.242088,-0.314701
0.224983,0.308369,0.900832,0.244743,-0.320653
0.227195,0.312181,0.898099,0.247776,-0.325035
0.229297,0.311957,0.895501,0.250669,-0.325471
0.231294,0.311744,0.893034,0.253429,-0.325885
0.231268,0.307695,0.892613,0.253516,-0.322075
0.227397,0.300003,0.892213,0.249555,-0.314982
0.221796,0.290772,0.893756,0.243248,-0.305851
0.220322,0.278156,0.893299,0.241812,-0.293585
0.220844,0.264248,0.896711,0.241476,-0.278690
0.221340,0.249113,0.901876,0.240665,-0.262085
0.219889,0.230888,0.908705,0.237416,-0.242113
0.214663,0.207805,0.911347,0.231329,-0.218406
0.209699,0.185876,0.913856,0.225562,-0.195708
0.199214,0.159275,0.916240,0.214094,-0.168260
0.185408,0.126311,0.916582,0.199588,-0.134258
0.172291,0.087303,0.913061,0.186503,-0.093683
0.155984,0.042553,0.907792,0.170166,-0.046166
0.132800,-0.011497,0.902787,0.146053,0.012599
0.106930,-0.066692,0.898033,0.118513,0.073610
0.082352,-0.119126,0.893516,0.091907,0.131989
0.059004,-0.170862,0.893071,0.065973,0.188634
0.034900,-0.221935,0.896494,0.038910,0.242503
0.012001,-0.272376,0.903592,0.013281,0.292750
-0.005907,-0.316450,0.914182,-0.006461,0.333240
-0.019073,-0.356397,0.924242,-0.020633,0.367968
-0.029658,-0.392423,0.931876,-0.031815,0.398391
-0.039713,-0.426648,0.937205,-0.042349,0.426860
-0.049266,-0.459162,0.938422,-0.052451,0.454501
-0.056418,-0.490050,0.937655,-0.060097,0.480849
-0.061290,-0.515547,0.935003,-0.065456,0.503001
-0.063994,-0.537847,0.932483,-0.068520,0.522162
-0.062718,-0.559031,0.933936,-0.067053,0.538381
-0.061505,-0.579157,0.935316,-0.065664,0.553459
-0.058430,-0.598276,0.938550,-0.062175,0.566623
-0.055508,-0.616439,0.941623,-0.058881,0.578847
-0.048887,-0.629848,0.948388,-0.051501,0.585629
-0.044519,-0.640663,0.956738,-0.046499,0.589553
-0.040370,-0.649015,0.966593,-0.041741,0.590900
-0.040275,-0.658871,0.979802,-0.041082,0.591608
-0.044030,-0.668236,0.990427,-0.044427,0.593082
-0.045675,-0.675208,1.000521,-0.045619,0.593169
-0.049160,-0.679910,1.012034,-0.048538,0.591020
-0.052472,-0.684376,1.022971,-0.051248,0.589015
-0.053694,-0.686695,1.033360,-0.051914,0.585898
-0.054856,-0.688899,1.043231,-0.052534,0.582983
-0.055959,-0.689069,1.052608,-0.053112,0.578977
-0.055084,-0.687308,1.061516,-0.051845,0.573987
-0.052330,-0.681789,1.069979,-0.048868,0.566782
-0.045867,-0.674623,1.074172,-0.042674,0.560372
-0.037805,-0.663968,1.072386,-0.035238,0.554104
-0.028222,-0.651924,1.068767,-0.026400,0.547569
-0.019119,-0.640482,1.061483,-0.018009,0.542832
-0.012394,-0.629611,1.052639,-0.011773,0.539010
-0.009851,-0.619285,1.044238,-0.009433,0.535273
-0.009358,-0.611397,1.038180,-0.009014,0.532209
-0.008890,-0.603904,1.036271,-0.008579,0.527636
-0.010369,-0.596786,1.036380,-0.010005,0.522441
-0.009850,-0.588101,1.038408,-0.009486,0.515289
-0.009358,-0.579849,1.040333,-0.008995,0.508466
-0.006967,-0.572011,1.042163,-0.006685,0.501965
-0.004696,-0.564564,1.043901,-0.004498,0.495765
-0.000615,-0.555567,1.043629,-0.000589,0.489184
0.003262,-0.547019,1.041447,0.003132,0.483640
0.008868,-0.538899,1.037452,0.008548,0.479067
0.014194,-0.531185,1.029810,0.013782,0.476175
0.019254,-0.521933,1.020627,0.018862,0.472642
0.024060,-0.513144,1.008058,0.023863,0.470740
0.030550,-0.502872,0.994193,0.030718,0.468094
0.036714,-0.491190,0.982945,0.037334,0.463139
0.042571,-0.482015,0.970336,0.043844,0.460661
0.048135,-0.473299,0.960281,0.050084,0.457434
0.051497,-0.466941,0.950728,0.054113,0.455956
0.054692,-0.460902,0.943577,0.057897,0.453714
0.057726,-0.455165,0.936782,0.061544,0.451544
0.058686,-0.449714,0.930328,0.062998,0.449496
0.059598,-0.444536,0.926119,0.064264,0.446713
0.060464,-0.439617,0.924044,0.065341,0.443235
0.059364,-0.436867,0.922073,0.064292,0.441659
0.062165,-0.432331,0.920200,0.067454,0.438340
0.064826,-0.428022,0.918421,0.070467,0.435163
0.067354,-0.422006,0.914807,0.073494,0.431189
0.071679,-0.414367,0.909451,0.078653,0.426353
0.077710,-0.407110,0.902440,0.085899,0.422403
0.083440,-0.398293,0.895780,0.092880,0.416780
0.090806,-0.387994,0.885606,0.102179,0.411005
0.097805,-0.378210,0.875941,0.111196,0.405345
0.104453,-0.366991,0.864837,0.120195,0.398721
0.110769,-0.356334,0.852364,0.129230,0.393002
0.114846,-0.346210,0.838592,0.136104,0.388265
0.116796,-0.336592,0.825509,0.140550,0.383707
0.116725,-0.331300,0.813079,0.142585,0.383373
0.116658,-0.326274,0.801271,0.144575,0.383044
0.116594,-0.321499,0.790054,0.146520,0.382722
0.116534,-0.316962,0.779397,0.148418,0.382406
0.116476,-0.312653,0.771197,0.149900,0.381253
0.118345,-0.308558,0.763406,0.153798,0.380002
0.120120,-0.304669,0.756005,0.157571,0.378786
0.121806,-0.299051,0.750897,0.160814,0.374561
0.123408,-0.293714,0.746045,0.163932,0.370481
0.124930,-0.288643,0.741435,0.166930,0.366544
0.126376,-0.283827,0.735132,0.170245,0.363591
0.131596,-0.277328,0.725299,0.179484,0.359841
0.138477,-0.269230,0.715957,0.191057,0.353676
0.145015,-0.261538,0.703236,0.203361,0.349307
0.143534,-0.260000,0.681536,0.207570,0.357281
0.140203,-0.258538,0.653228,0.211423,0.369226
0.138962,-0.255227,0.622490,0.219635,0.380644
0.137783,-0.252081,0.589442,0.229629,0.394593
0.136663,-0.249092,0.558047,0.240169,0.409092
0.133676,-0.246253,0.526299,0.248733,0.425758
0.130839,-0.243556,0.496137,0.257844,0.443183
0.130066,-0.239070,0.465561,0.272428,0.459295
0.129332,-0.232886,0.436514,0.288044,0.472831
0.128634,-0.225088,0.408919,0.304771,0.483509
0.127972,-0.215756,0.384627,0.321196,0.489123
0.125420,-0.203045,0.361549,0.333906,0.487812
0.122995,-0.190970,0.335780,0.351118,0.490505
0.120691,-0.179499,0.303606,0.378371,0.502385
0.120426,-0.162831,0.265349,0.426042,0.509570
0.124020,-0.141228,0.223235,0.507100,0.505166
0.131280,-0.118782,0.179381,0.631785,0.490757
0.140101,-0.095535,0.137720,0.793969,0.452622
0.150404,-0.073451,0.096218,1.001671,0.390278
0.160191,-0.050548,0.056792,1.230094,0.289077
0.169489,-0.028789,0.019337,1.457197,0.167190
0.180246,-0.006196,-0.016245,1.660681,0.034224
0.192387,0.019114,-0.048125,1.815914,-0.096084
0.205845,0.045081,-0.074565,1.918333,-0.203073
0.218629,0.071673,-0.093914,1.976520,-0.292571
0.232698,0.096936,-0.098833,1.972437,-0.366134
0.242217,0.119012,-0.091969,1.933677,-0.430600
0.243568,0.134215,-0.073909,1.865408,-0.485246
0.244851,0.148658,-0.056752,1.798555,-0.534116
0.230685,0.154687,-0.025068,1.679039,-0.587977
0.217228,0.160414,0.005032,1.547638,-0.635946
0.204443,0.165855,0.033626,1.407779,-0.675043
0.178837,0.161408,0.074253,1.177257,-0.694869
0.141049,0.151415,0.126309,0.840472,-0.674563
0.097458,0.136152,0.185378,0.484014,-0.576439
0.054123,0.121652,0.260725,0.204681,-0.428537
0.018725,0.117492,0.351535,0.053216,-0.322129
-0.011058,0.119310,0.439727,-0.025141,-0.264869
-0.037428,0.128729,0.527356,-0.070854,-0.238843
-0.062479,0.143447,0.618296,-0.100709,-0.226854
-0.082432,0.161274,0.718151,-0.114284,-0.219509
-0.099465,0.182057,0.828397,-0.119497,-0.214835
-0.115645,0.199877,0.948515,-0.121324,-0.206204
-0.131017,0.214883,1.078013,-0.120942,-0.195353
-0.145620,0.229139,1.201035,-0.120656,-0.187180
-0.159493,0.242682,1.317907,-0.120434,-0.180812
-0.172672,0.251702,1.438550,-0.119460,-0.172005
-0.185192,0.260270,1.553161,-0.118675,-0.164885
-0.195163,0.264565,1.663964,-0.116755,-0.156621
-0.204636,0.268644,1.769227,-0.115152,-0.149708
-0.211712,0.270597,1.863458,-0.113127,-0.143295
-0.216511,0.272451,1.945285,-0.110844,-0.138309
-0.219147,0.270367,1.994175,-0.109454,-0.133960
-0.215882,0.264541,2.017543,-0.106597,-0.129645
-0.210857,0.255160,2.024358,-0.103786,-0.124716
-0.208006,0.242402,2.023140,-0.102454,-0.118627
-0.203375,0.230282,2.016214,-0.100530,-0.113153
-0.198976,0.216845,2.003865,-0.098972,-0.107270
-0.194796,0.204080,1.988287,-0.097660,-0.101799
-0.190826,0.191953,1.969642,-0.096582,-0.096699
-0.187054,0.178509,1.950006,-0.095632,-0.090873
-0.183470,0.165737,1.927506,-0.094899,-0.085390
-0.181989,0.153604,1.902284,-0.095378,-0.080208
-0.180582,0.142078,1.876401,-0.095943,-0.075228
-0.179245,0.133051,1.846042,-0.096793,-0.071614
-0.177975,0.124475,1.813356,-0.097833,-0.068209
-0.178692,0.116328,1.780380,-0.100032,-0.064921
-0.179373,0.108589,1.745207,-0.102420,-0.061816
-0.180019,0.101236,1.709870,-0.104896,-0.058814
-0.180634,0.094251,1.674377,-0.107466,-0.055907
-0.179294,0.087616,1.638735,-0.108977,-0.053098
-0.176099,0.083235,1.602952,-0.109420,-0.051570
-0.173063,0.079073,1.568958,-0.109860,-0.050053
-0.170179,0.075120,1.536664,-0.110296,-0.048550
-0.167439,0.071364,1.505985,-0.110728,-0.047062
-0.162914,0.067795,1.474916,-0.110010,-0.045656
-0.158614,0.064406,1.445401,-0.109300,-0.044264
-0.154530,0.063108,1.419285,-0.108451,-0.044175
-0.150649,0.061876,1.394474,-0.107616,-0.044087
-0.145040,0.062628,1.370905,-0.105407,-0.045399
-0.139711,0.063343,1.348513,-0.103235,-0.046689
-0.132725,0.065945,1.323395,-0.099957,-0.049541
-0.128012,0.068417,1.297610,-0.098334,-0.052423
-0.121612,0.070766,1.271191,-0.095377,-0.055359
-0.115531,0.074920,1.246093,-0.092450,-0.059796
-0.109754,0.078866,1.220327,-0.089697,-0.064278
-0.102344,0.082615,1.195849,-0.085374,-0.068725
-0.095303,0.086177,1.172595,-0.081097,-0.073120
-0.088615,0.089560,1.152427,-0.076743,-0.077331
-0.082261,0.092774,1.133267,-0.072461,-0.081469
-0.076225,0.093905,1.115065,-0.068253,-0.083822
-0.074337,0.094979,1.099697,-0.067495,-0.085959
-0.074466,0.094076,1.085096,-0.068519,-0.086280
-0.076512,0.093218,1.075072,-0.071050,-0.086275
-0.080379,0.090481,1.065549,-0.075292,-0.084472
-0.084052,0.089803,1.058426,-0.079246,-0.084378
-0.087542,0.089159,1.051658,-0.083050,-0.084287
-0.088934,0.088547,1.047152,-0.084726,-0.084058
-0.090257,0.087966,1.044795,-0.086173,-0.083686
-0.093436,0.089337,1.044478,-0.089220,-0.084987
-0.096457,0.090639,1.044177,-0.092114,-0.086222
-0.101249,0.089953,1.043892,-0.096690,-0.085559
-0.103879,0.089302,1.043620,-0.099210,-0.084944
-0.106377,0.088683,1.041439,-0.101792,-0.084512
-0.108751,0.090018,1.035521,-0.104637,-0.086240
-0.109082,0.093209,1.024129,-0.106112,-0.090255
-0.109398,0.096241,1.011385,-0.107747,-0.094325
-0.109697,0.099121,0.999277,-0.109339,-0.098283
-0.111904,0.101858,0.987775,-0.112808,-0.102107
-0.114001,0.104457,0.976847,-0.116178,-0.105815
-0.115994,0.106927,0.966467,-0.119447,-0.109410
-0.117886,0.109273,0.956605,-0.122616,-0.112890
-0.119684,0.111501,0.947236,-0.125685,-0.116257
-0.123316,0.113618,0.942182,-0.130143,-0.119006
-0.126765,0.115630,0.937381,-0.134418,-0.121638
-0.131965,0.113694,0.934742,-0.140251,-0.119860
-0.136906,0.111856,0.932236,-0.145815,-0.118160
-0.149291,0.110109,0.937547,-0.157910,-0.115467
-0.161057,0.108450,0.946439,-0.168557,-0.112487
-0.174158,0.104951,0.958733,-0.179695,-0.107292
-0.188527,0.101626,0.972334,-0.191515,-0.102249
-0.202178,0.100391,0.983333,-0.202779,-0.099669
-0.215146,0.099218,0.991859,-0.213603,-0.097449
-0.227465,0.098103,0.998035,-0.224086,-0.095547
-0.239169,0.097044,1.003902,-0.233880,-0.093759
-0.250288,0.096038,1.007553,-0.243483,-0.092244
-0.262773,0.095082,1.009099,-0.254746,-0.090932
-0.274635,0.094174,1.008644,-0.265837,-0.089845
-0.287826,0.093312,1.006289,-0.278589,-0.088918
-0.304204,0.090569,1.000205,-0.295252,-0.086417
-0.319763,0.087964,0.992502,-0.311678,-0.084159
-0.336467,0.083566,0.987108,-0.328510,-0.079959
-0.354259,0.077464,0.983907,-0.345603,-0.073941
-0.373085,0.071668,0.984711,-0.362165,-0.067955
-0.390969,0.066161,0.985476,-0.377685,-0.062324
-0.411805,0.059007,0.988125,-0.394865,-0.055065
-0.433522,0.052211,0.992565,-0.411797,-0.048167
-0.456077,0.043831,0.996783,-0.429114,-0.039964
-0.477504,0.037793,1.002713,-0.444437,-0.034016
-0.497860,0.032057,1.008346,-0.458626,-0.028499
-0.517197,0.028531,1.017545,-0.470250,-0.024991
-0.535568,0.025182,1.026283,-0.480976,-0.021750
-0.553021,0.022000,1.036507,-0.490120,-0.018724
-0.567677,0.020900,1.048143,-0.496373,-0.017531
-0.581601,0.019855,1.059198,-0.502149,-0.016429
-0.594829,0.018862,1.073545,-0.505969,-0.015367
-0.605472,0.019842,1.087176,-0.508142,-0.015944
-0.615583,0.020773,1.100125,-0.510151,-0.016477
-0.623265,0.027427,1.106657,-0.512918,-0.021591
-0.628641,0.035671,1.112863,-0.514200,-0.027901
-0.631824,0.041579,1.116835,-0.514838,-0.032392
-0.632925,0.047193,1.120608,-0.514139,-0.036652
-0.633971,0.052525,1.124193,-0.513478,-0.040675
-0.631119,0.057591,1.123753,-0.511718,-0.044655
-0.628409,0.062404,1.123335,-0.510042,-0.048444
-0.625835,0.066976,1.122937,-0.508445,-0.052052
-0.623389,0.071320,1.122559,-0.506925,-0.055486
-0.621066,0.075446,1.122201,-0.505477,-0.058755
-0.618859,0.079366,1.121860,-0.504099,-0.061866
-0.616762,0.083090,1.115767,-0.504967,-0.065083
-0.614770,0.086628,1.109979,-0.505800,-0.068167
-0.610954,0.089989,1.102557,-0.506005,-0.071270
-0.607330,0.093182,1.095506,-0.506202,-0.074254
-0.603886,0.096215,1.088807,-0.506392,-0.077124
-0.602538,0.097173,1.080521,-0.508688,-0.078384
-0.601257,0.098084,1.072649,-0.510896,-0.079596
-0.603887,0.095103,1.065170,-0.515755,-0.077515
-0.606385,0.092271,1.058065,-0.520411,-0.075518
-0.608758,0.089580,1.051316,-0.524868,-0.073605
-0.611012,0.087024,1.044904,-0.529134,-0.071771
-0.588154,0.094212,1.033043,-0.517571,-0.079088
-0.566439,0.101039,1.021776,-0.506190,-0.086271
-0.536194,0.109449,1.011072,-0.487610,-0.095345
-0.507461,0.117438,1.000903,-0.469234,-0.104271
-0.480165,0.125028,0.991242,-0.451096,-0.113032
-0.446541,0.130315,0.982065,-0.426752,-0.120212
-0.410753,0.133414,0.969500,-0.400748,-0.126037
-0.374830,0.130590,0.953717,-0.374475,-0.126755
-0.340704,0.127907,0.938724,-0.348159,-0.127387
-0.304438,0.115742,0.930249,-0.316279,-0.117703
-0.269986,0.102263,0.926044,-0.283684,-0.105621
-0.237255,0.091380,0.925896,-0.250847,-0.095315
-0.206162,0.081042,0.925755,-0.219120,-0.085241
-0.174700,0.071221,0.929467,-0.185790,-0.075165
-0.137119,0.075352,0.938763,-0.145038,-0.079258
-0.095647,0.085046,0.953363,-0.099992,-0.088529
-0.050481,0.098101,0.971080,-0.051937,-0.100546
0.007813,0.116273,0.995603,0.007847,-0.116256
0.067037,0.135459,1.022746,0.065453,-0.131402
0.125224,0.157533,1.050455,0.118649,-0.147826
0.180501,0.178502,1.078701,0.165796,-0.161783
0.231092,0.196500,1.105535,0.206064,-0.172257
0.273383,0.211675,1.129105,0.237552,-0.180230
0.305868,0.222245,1.149572,0.260046,-0.184699
0.336728,0.232287,1.169017,0.280452,-0.188669
0.360277,0.237980,1.183643,0.295470,-0.190024
0.373032,0.239543,1.193692,0.302887,-0.189247
0.377457,0.235258,1.201315,0.304436,-0.184699
0.372046,0.227341,1.206634,0.299085,-0.178137
0.355367,0.214051,1.209763,0.285712,-0.168160
0.335675,0.199502,1.208891,0.270849,-0.157693
0.318892,0.185681,1.204215,0.258871,-0.147965
0.304870,0.174474,1.195928,0.249607,-0.140438
0.293473,0.163827,1.186131,0.242549,-0.133281
0.282645,0.155636,1.174902,0.236083,-0.128088
0.272359,0.147854,1.164234,0.229806,-0.123034
0.260664,0.142384,1.154099,0.222132,-0.119766
0.249554,0.137188,1.144471,0.214691,-0.116587
0.237076,0.132252,1.135324,0.205860,-0.113538
0.225223,0.127562,1.126635,0.197306,-0.110575
0.212038,0.123107,1.118380,0.187370,-0.107731
0.197590,0.118875,1.110538,0.176080,-0.105000
0.181942,0.114854,1.103088,0.163467,-0.102374
0.161306,0.109112,1.094087,0.146380,-0.098344
0.139779,0.101733,1.085537,0.128060,-0.092683
0.117406,0.094723,1.075491,0.108734,-0.087332
0.094228,0.088064,1.067870,0.088011,-0.081964
0.068362,0.079815,1.058707,0.064482,-0.075091
0.041867,0.071978,1.051926,0.039780,-0.068264
0.016697,0.064533,1.045483,0.015969,-0.061639
-0.007215,0.055537,1.041286,-0.006929,-0.053283
-0.029931,0.046991,1.037299,-0.028847,-0.045251
-0.051511,0.040795,1.033511,-0.049800,-0.039403
-0.068166,0.034909,1.029912,-0.066090,-0.033808
-0.082066,0.033164,1.026493,-0.079778,-0.032194
-0.093347,0.033429,1.023246,-0.090975,-0.032523
-0.102141,0.033680,1.020160,-0.099790,-0.032839
-0.108573,0.033919,1.017229,-0.106331,-0.033144
-0.114683,0.034146,1.016368,-0.112360,-0.033372
-0.120487,0.034362,1.013626,-0.118312,-0.033651
-0.126001,0.036490,1.011022,-0.123988,-0.035800
-0.131239,0.038512,1.006625,-0.129644,-0.037919
-0.138139,0.038509,1.002447,-0.136939,-0.038037
-0.144694,0.038507,0.996556,-0.144186,-0.038220
-0.152844,0.038505,0.990959,-0.153032,-0.038383
-0.162509,0.036579,0.985642,-0.163406,-0.036602
-0.173614,0.034750,0.980590,-0.175235,-0.034881
-0.184164,0.033013,0.975791,-0.186539,-0.033233
-0.194187,0.029439,0.973156,-0.196957,-0.029658
-0.203708,0.026044,0.970652,-0.206865,-0.026254
-0.212754,0.022819,0.968273,-0.216288,-0.023013
-0.221347,0.019755,0.967936,-0.224813,-0.019893
-0.231433,0.016844,0.967616,-0.234768,-0.016929
-0.239092,0.016002,0.967313,-0.242315,-0.016058
-0.242522,0.019048,0.970870,-0.244790,-0.019032
-0.245781,0.021942,0.974250,-0.247121,-0.021834
-0.246953,0.024691,0.979383,-0.247003,-0.024440
-0.246144,0.029225,0.984260,-0.245054,-0.028798
-0.245375,0.033533,0.988893,-0.243219,-0.032900
-0.244645,0.037626,0.993295,-0.241490,-0.036764
-0.243951,0.041514,0.997476,-0.239860,-0.040405
-0.243292,0.045207,0.999526,-0.238765,-0.043918
-0.242666,0.048716,1.001472,-0.237727,-0.047241
-0.243994,0.050127,1.003322,-0.238556,-0.048508
-0.247179,0.051466,1.005079,-0.241145,-0.049684
-0.250205,0.052739,1.006748,-0.243593,-0.050796
-0.255002,0.050102,1.008334,-0.247701,-0.048134
-0.259560,0.047597,1.009840,-0.251585,-0.045618
-0.265813,0.045217,1.009348,-0.257504,-0.043294
-0.269830,0.042956,1.008881,-0.261338,-0.041109
-0.273646,0.040809,1.008437,-0.264976,-0.039035
-0.277271,0.038768,1.009938,-0.267941,-0.037000
-0.280715,0.034907,1.011364,-0.270746,-0.033245
-0.283987,0.031238,1.012719,-0.273399,-0.029692
-0.287096,0.027753,1.014006,-0.275909,-0.026329
-0.290049,0.024443,1.015229,-0.278284,-0.023146
-0.290931,0.023220,1.016390,-0.278785,-0.021960
-0.291769,0.022059,1.017494,-0.279259,-0.020837
-0.292565,0.020956,1.018542,-0.279709,-0.019773
-0.291398,0.021832,1.021461,-0.277894,-0.020550
-0.290290,0.022663,1.022311,-0.276672,-0.021322
-0.289237,0.023453,1.023119,-0.275512,-0.022055
-0.290160,0.022280,1.021963,-0.276644,-0.020970
-0.291036,0.021166,1.020865,-0.277721,-0.019937
-0.291869,0.020108,1.019822,-0.278745,-0.018954
-0.294583,0.019103,1.016907,-0.281967,-0.018041
-0.295239,0.018148,1.014139,-0.283293,-0.017180
-0.297785,0.017240,1.011509,-0.286308,-0.016349
-0.298280,0.016378,1.009010,-0.287430,-0.015565
-0.296828,0.015559,1.004714,-0.287263,-0.014851
-0.295448,0.014781,1.002555,-0.286583,-0.014141
-0.294137,0.014042,1.000504,-0.285933,-0.013465
-0.292892,0.013340,0.998556,-0.285313,-0.012819
-0.291709,0.012673,0.998628,-0.284202,-0.012181
-0.290585,0.012039,0.998697,-0.283146,-0.011575
-0.289517,0.011438,0.998762,-0.282143,-0.010998
-0.288503,0.010866,1.000747,-0.280677,-0.010432
-0.287539,0.012245,1.002633,-0.279288,-0.011739
-0.286624,0.013556,1.004424,-0.277973,-0.012978
-0.285754,0.014801,1.008049,-0.276226,-0.014126
-0.284928,0.017908,1.013416,-0.274080,-0.017009
-0.286066,0.020858,1.018514,-0.273812,-0.019714
-0.287147,0.023662,1.023358,-0.273559,-0.022258
-0.288175,0.026325,1.027959,-0.273321,-0.024653
-0.289150,0.028855,1.032330,-0.273097,-0.026909
-0.290078,0.035104,1.042252,-0.271448,-0.032436
-0.292881,0.039118,1.057447,-0.270197,-0.035636
-0.295545,0.044855,1.073806,-0.268581,-0.040252
-0.294229,0.054150,1.102808,-0.260727,-0.047407
-0.292979,0.064904,1.132283,-0.253198,-0.055437
-0.291792,0.077044,1.164130,-0.245593,-0.064108
-0.292587,0.088576,1.200154,-0.239127,-0.071581
-0.293342,0.099532,1.238224,-0.232617,-0.078059
-0.295983,0.109940,1.280159,-0.227215,-0.083478
-0.296568,0.119828,1.323843,-0.220382,-0.088097
-0.299048,0.129221,1.369189,-0.215035,-0.091944
-0.303326,0.136221,1.418038,-0.210730,-0.093663
-0.311237,0.140949,1.468289,-0.208880,-0.093634
-0.318752,0.143517,1.519875,-0.206726,-0.092154
-0.329737,0.144033,1.568881,-0.207158,-0.089603
-0.340173,0.144524,1.617360,-0.207305,-0.087223
-0.350088,0.144990,1.663415,-0.207436,-0.085089
-0.361430,0.143510,1.707168,-0.208632,-0.082055
-0.372204,0.140180,1.750655,-0.209489,-0.078163
-0.382440,0.137017,1.791969,-0.210265,-0.074639
-0.394087,0.132090,1.833140,-0.211757,-0.070331
-0.405152,0.127408,1.872252,-0.213112,-0.066414
-0.415664,0.122961,1.911332,-0.214139,-0.062781
-0.423727,0.118736,1.948457,-0.214134,-0.059476
-0.431387,0.114722,1.979881,-0.214532,-0.056555
-0.438663,0.110909,2.009733,-0.214899,-0.053864
-0.445576,0.107287,2.038092,-0.215238,-0.051381
-0.450221,0.107692,2.063111,-0.214856,-0.050954
-0.454633,0.108076,2.086878,-0.214502,-0.050559
-0.458824,0.108442,2.109457,-0.214172,-0.050191
-0.458960,0.114558,2.127061,-0.212514,-0.052597
-0.455243,0.122292,2.139939,-0.209611,-0.055838
-0.447865,0.131562,2.148327,-0.205528,-0.059879
-0.433164,0.146138,2.142834,-0.199458,-0.066747
-0.411506,0.161908,2.114538,-0.192206,-0.075018
-0.390931,0.178812,2.079965,-0.185783,-0.084289
-0.373307,0.191025,2.037505,-0.181208,-0.091959
-0.354642,0.202628,1.989476,-0.176406,-0.099935
-0.336910,0.213650,1.943848,-0.171616,-0.107876
-0.320064,0.224122,1.900502,-0.166845,-0.115770
-0.305984,0.232146,1.849708,-0.163938,-0.123195
-0.292608,0.239770,1.801453,-0.161023,-0.130628
-0.281824,0.247012,1.745996,-0.160031,-0.138768
-0.269656,0.253892,1.683696,-0.158808,-0.147811
-0.261942,0.254659,1.612973,-0.160992,-0.154597
-0.243076,0.257311,1.524632,-0.158102,-0.165146
-0.213614,0.263676,1.431093,-0.148173,-0.180251
-0.181780,0.269723,1.338384,-0.134994,-0.197103
-0.147691,0.277391,1.244542,-0.118118,-0.217821
-0.113383,0.284675,1.151546,-0.098145,-0.241231
-0.078868,0.289672,1.057430,-0.074447,-0.266674
-0.046078,0.292496,0.962251,-0.047849,-0.294777
-0.016851,0.293256,0.867984,-0.019412,-0.325761
0.010914,0.293978,0.778431,0.014020,-0.361063
0.037292,0.294664,0.693356,0.053733,-0.401336
0.058504,0.289546,0.608688,0.095821,-0.442229
0.078656,0.284684,0.528254,0.147812,-0.489728
0.097800,0.280065,0.451841,0.213159,-0.544675
0.112141,0.271831,0.377326,0.288885,-0.604364
0.125764,0.264009,0.306536,0.389333,-0.672792
0.138707,0.256577,0.239287,0.525336,-0.747895
0.149079,0.245672,0.175399,0.704461,-0.817911
0.158933,0.235311,0.114706,0.945638,-0.876283
0.168294,0.225469,0.057048,1.243976,-0.903331
0.173341,0.212272,0.004195,1.546598,-0.885873
0.178135,0.199736,-0.046014,1.823582,-0.826429
0.171152,0.176287,-0.086021,2.036524,-0.743921
0.154902,0.144396,-0.104797,2.165603,-0.657484
0.139464,0.114099,-0.122634,2.292070,-0.550928
0.124799,0.085317,-0.139580,2.412044,-0.427557
0.110867,0.057975,-0.155677,2.522755,-0.294519
0.099554,0.037768,-0.155586,2.572375,-0.201692
0.094576,0.022418,-0.143960,2.560340,-0.129423
0.089848,0.007836,-0.132916,2.547176,-0.048802
0.087278,-0.004095,-0.116655,2.499262,0.028097
0.084837,-0.015428,-0.095438,2.414928,0.120239
0.082519,-0.026195,-0.075281,2.310362,0.230355
0.074547,-0.040270,-0.052286,2.182456,0.416400
0.066973,-0.055564,-0.026595,1.948802,0.656857
0.057855,-0.072017,0.005504,1.475950,0.891812
0.049193,-0.087647,0.039844,0.890017,0.945278
0.040964,-0.102495,0.072467,0.514499,0.888676
0.031224,-0.118524,0.113075,0.269420,0.790563
0.021970,-0.133752,0.151652,0.143872,0.717614
0.009333,-0.150141,0.192146,0.048536,0.662719
-0.002672,-0.165711,0.230616,-0.011585,0.623042
-0.014077,-0.180503,0.267162,-0.052641,0.593540
-0.024911,-0.194554,0.301881,-0.082334,0.570937
-0.037127,-0.209827,0.336787,-0.109796,0.554471
-0.048732,-0.224335,0.369947,-0.130974,0.541305
-0.057834,-0.238119,0.399527,-0.143758,0.532925
-0.066481,-0.249290,0.427627,-0.154230,0.522615
-0.068926,-0.257979,0.452400,-0.151194,0.513331
-0.071249,-0.266234,0.475934,-0.148600,0.505318
-0.073456,-0.274076,0.498291,-0.146362,0.498342
-0.075552,-0.281526,0.519530,-0.144412,0.492221
-0.079467,-0.288604,0.537784,-0.146706,0.488052
-0.083186,-0.295327,0.555126,-0.148744,0.484329
-0.086719,-0.303638,0.573524,-0.150067,0.482251
-0.090075,-0.311533,0.591001,-0.151248,0.480392
-0.093264,-0.319033,0.607605,-0.152306,0.478723
-0.096293,-0.326158,0.623379,-0.153258,0.477217
-0.099171,-0.332927,0.638364,-0.154119,0.475853
-0.101904,-0.341281,0.654522,-0.154453,0.475744
-0.106425,-0.349217,0.673719,-0.156671,0.473196
-0.112642,-0.358679,0.693879,-0.160932,0.471805
-0.118548,-0.367668,0.713032,-0.164752,0.470551
-0.124159,-0.376208,0.731226,-0.168192,0.469414
-0.129490,-0.386244,0.746588,-0.171734,0.471405
-0.128785,-0.393855,0.755412,-0.168859,0.474754
-0.126191,-0.399162,0.763796,-0.163737,0.476060
-0.123728,-0.404204,0.771760,-0.158967,0.477265
-0.119465,-0.408994,0.777402,-0.152479,0.479518
-0.115415,-0.413544,0.782763,-0.146390,0.481613
-0.113490,-0.419790,0.785933,-0.143410,0.486301
-0.111662,-0.425723,0.790867,-0.140262,0.489708
-0.108002,-0.431360,0.797477,-0.134610,0.492041
-0.104525,-0.438638,0.803757,-0.129319,0.496045
-0.105068,-0.447476,0.809723,-0.129036,0.501332
-0.107507,-0.455871,0.815391,-0.131091,0.506128
-0.113670,-0.467693,0.822698,-0.137298,0.512873
-0.121448,-0.482770,0.831563,-0.145022,0.521430
-0.130760,-0.499016,0.839985,-0.154430,0.530811
-0.139607,-0.514450,0.847986,-0.163169,0.539400
-0.148011,-0.529112,0.855587,-0.171298,0.547280
-0.154072,-0.543041,0.862807,-0.176708,0.554698
-0.157907,-0.556274,0.867744,-0.180004,0.562687
-0.161550,-0.568844,0.872434,-0.183098,0.570108
-0.163088,-0.578864,0.876889,-0.183884,0.575675
-0.162626,-0.588382,0.881121,-0.182513,0.581053
-0.162187,-0.599348,0.879373,-0.182385,0.590485
-0.161770,-0.609765,0.877712,-0.182263,0.599371
-0.163297,-0.621584,0.874211,-0.184665,0.610010
-0.164747,-0.632813,0.870885,-0.186963,0.620040
-0.164202,-0.645403,0.865802,-0.187427,0.632131
-0.163684,-0.659287,0.860974,-0.187873,0.644953
-0.163192,-0.672476,0.856387,-0.188302,0.657037
-0.162725,-0.685006,0.852029,-0.188713,0.668427
-0.162281,-0.696910,0.847889,-0.189107,0.679165
-0.161859,-0.708218,0.843956,-0.189486,0.689291
-0.161459,-0.718961,0.840220,-0.189848,0.698840
-0.161078,-0.729167,0.832824,-0.191053,0.710044
-0.160716,-0.738862,0.825798,-0.192217,0.720666
-0.160373,-0.748073,0.819124,-0.193340,0.730736
-0.160047,-0.758746,0.810860,-0.194874,0.742682
-0.163583,-0.772732,0.801086,-0.201432,0.757182
-0.168865,-0.787942,0.791801,-0.210119,0.771837
-0.162345,-0.796621,0.773365,-0.206916,0.789432
-0.152305,-0.802944,0.750081,-0.200327,0.809340
-0.148536,-0.810874,0.724116,-0.202320,0.831609
-0.148801,-0.820330,0.699448,-0.209616,0.853825
-0.154823,-0.831237,0.677937,-0.224523,0.874148
-0.168235,-0.843521,0.663271,-0.248406,0.889256
-0.190593,-0.859037,0.658954,-0.281552,0.896955
-0.225294,-0.881470,0.664468,-0.326895,0.898518
-0.258260,-0.902781,0.669706,-0.368059,0.899067
-0.303039,-0.932642,0.680451,-0.418981,0.896862
-0.353272,-0.966779,0.692583,-0.471678,0.893503
-0.402916,-1.001133,0.700261,-0.522120,0.891808
-0.450078,-1.033768,0.707556,-0.566543,0.889275
-0.494882,-1.064772,0.714486,-0.605770,0.886216
-0.539368,-1.094226,0.721069,-0.642228,0.882226
-0.579708,-1.106822,0.729246,-0.671648,0.871152
-0.610338,-1.109173,0.729323,-0.696813,0.862018
-0.639436,-1.111407,0.729395,-0.719773,0.853233
-0.657464,-1.100068,0.725618,-0.736162,0.843476
-0.674591,-1.089295,0.722029,-0.751445,0.834057
-0.671631,-1.036753,0.720543,-0.750279,0.810979
-0.661126,-0.971454,0.722977,-0.740741,0.781179
-0.647301,-0.895958,0.725290,-0.728640,0.744644
-0.622628,-0.797314,0.735179,-0.702695,0.691344
-0.581881,-0.678602,0.750343,-0.659614,0.620507
-0.531633,-0.556211,0.766672,-0.606303,0.537603
-0.472359,-0.434169,0.784108,-0.542194,0.442875
-0.408357,-0.314384,0.806441,-0.468730,0.334708
-0.341785,-0.196742,0.831504,-0.389991,0.215447
-0.278542,-0.084982,0.855313,-0.314829,0.094194
-0.218461,0.021191,0.877932,-0.243883,-0.023418
-0.161384,0.122054,0.905189,-0.176434,-0.131973
-0.107161,0.215951,0.936853,-0.113889,-0.225132
-0.057572,0.297462,0.966933,-0.059471,-0.297949
-0.010463,0.374896,0.995510,-0.010510,-0.360143
0.030445,0.440767,1.022657,0.029762,-0.406782
0.052000,0.472575,1.046524,0.049647,-0.423693
0.062861,0.491254,1.065352,0.058937,-0.431401
0.061641,0.499383,1.081315,0.056944,-0.432030
0.060482,0.507106,1.096480,0.055104,-0.432610
0.059381,0.514443,1.110887,0.053403,-0.433144
0.039104,0.498337,1.118804,0.034938,-0.418811
0.019841,0.483035,1.126326,0.017614,-0.405079
-0.004227,0.456960,1.131548,-0.003736,-0.383807
-0.027093,0.432189,1.136509,-0.023834,-0.363295
-0.048815,0.408657,1.141222,-0.042749,-0.343571
-0.069451,0.386301,1.145699,-0.060545,-0.324649
-0.092902,0.357370,1.149953,-0.080613,-0.300387
-0.115180,0.329886,1.153994,-0.099480,-0.277132
-0.134421,0.299931,1.157832,-0.115580,-0.251853
-0.141161,0.277242,1.155710,-0.121541,-0.233766
-0.139873,0.259533,1.147924,-0.121251,-0.220771
-0.132879,0.244634,1.138605,-0.116178,-0.210252
-0.124312,0.230479,1.127829,-0.109779,-0.200400
-0.116173,0.217032,1.117591,-0.103578,-0.190806
-0.108442,0.204257,1.105942,-0.097741,-0.181780
-0.101096,0.192121,1.094876,-0.092075,-0.172984
-0.097965,0.178669,1.084363,-0.090098,-0.162651
-0.098836,0.163966,1.076299,-0.091572,-0.150557
-0.101586,0.148076,1.070561,-0.094607,-0.136837
-0.104199,0.132980,1.065110,-0.097519,-0.123624
-0.106682,0.114792,1.059931,-0.100312,-0.107343
-0.109040,0.095591,1.056934,-0.102802,-0.089723
-0.111280,0.077350,1.054088,-0.105180,-0.072846
-0.113408,0.060021,1.051383,-0.107450,-0.056698
-0.113507,0.047405,1.048814,-0.107805,-0.044906
-0.111678,0.037342,1.046373,-0.106326,-0.035471
-0.109940,0.027783,1.044055,-0.104915,-0.026458
-0.108289,0.018701,1.041852,-0.103567,-0.017852
-0.106721,0.010074,1.039759,-0.102282,-0.009638
-0.103308,0.005724,1.035848,-0.099404,-0.005499
-0.098143,0.003515,1.030210,-0.094978,-0.003396
-0.091312,0.001416,1.022930,-0.089030,-0.001379
-0.082901,0.001345,1.016014,-0.081414,-0.001319
-0.074910,0.001278,1.009444,-0.074073,-0.001262
-0.065395,0.001214,1.001280,-0.065219,-0.001210
-0.056356,0.001153,0.993524,-0.056662,-0.001159
-0.047769,-0.000828,0.986155,-0.048402,0.000838
-0.041534,-0.004632,0.977232,-0.042476,0.004736
-0.035611,-0.008247,0.968755,-0.036743,0.008507
-0.033831,-0.013604,0.960702,-0.035200,0.014150
-0.032139,-0.020616,0.951128,-0.033778,0.021659
-0.032455,-0.029200,0.942033,-0.034439,0.030969
-0.032756,-0.037356,0.933393,-0.035079,0.039976
-0.034964,-0.047026,0.923262,-0.037852,0.050855
-0.035139,-0.056214,0.913637,-0.038442,0.061405
-0.035305,-0.064941,0.904494,-0.039013,0.071621
-0.035463,-0.073233,0.897731,-0.039482,0.081332
-0.033690,-0.081110,0.889383,-0.037862,0.090881
-0.032005,-0.088593,0.883375,-0.036215,0.099889
-0.028482,-0.093778,0.877668,-0.032440,0.106390
-0.027058,-0.098705,0.872246,-0.031011,0.112629
-0.023782,-0.101462,0.865172,-0.027481,0.116697
-0.018747,-0.104081,0.856529,-0.021883,0.120893
-0.013963,-0.106569,0.846395,-0.016496,0.125234
-0.009419,-0.110856,0.834844,-0.011282,0.132006
-0.005102,-0.113006,0.823871,-0.006192,0.136311
-0.002924,-0.113125,0.813447,-0.003594,0.138181
-0.000854,-0.113238,0.803544,-0.001063,0.140001
0.003035,-0.113345,0.792213,0.003830,0.142109
0.006729,-0.111524,0.781448,0.008611,0.141752
0.008316,-0.109794,0.771222,0.010782,0.141405
0.007900,-0.108150,0.761507,0.010374,0.141070
0.005582,-0.108512,0.752278,0.007420,0.143253
0.003380,-0.110779,0.745433,0.004534,0.147529
-0.000636,-0.112932,0.740854,-0.000858,0.151271
-0.004450,-0.114978,0.736504,-0.006042,0.154860
-0.009997,-0.118844,0.734294,-0.013613,0.160442
-0.015266,-0.124441,0.732194,-0.020847,0.168311
-0.022195,-0.129757,0.730200,-0.030386,0.175785
-0.028778,-0.136731,0.728305,-0.039493,0.185437
-0.035031,-0.143356,0.724583,-0.048309,0.195101
-0.040972,-0.151573,0.717200,-0.057065,0.207945
-0.046615,-0.157455,0.708263,-0.065722,0.218297
-0.051977,-0.163044,0.695926,-0.074549,0.229516
-0.055147,-0.166430,0.684207,-0.080427,0.237869
-0.058159,-0.169647,0.673074,-0.086194,0.246026
-0.059097,-0.170780,0.658651,-0.089485,0.252729
-0.058066,-0.169934,0.641103,-0.090325,0.258096
-0.055162,-0.169129,0.622509,-0.088382,0.264298
-0.052404,-0.168365,0.600999,-0.086975,0.272158
-0.051707,-0.165716,0.578641,-0.089123,0.277872
-0.051045,-0.163200,0.555479,-0.091636,0.284624
-0.050416,-0.160809,0.533474,-0.094225,0.291548
-0.049818,-0.156615,0.510646,-0.097251,0.296266
-0.049250,-0.152630,0.488960,-0.100386,0.301135
-0.048711,-0.146922,0.468358,-0.103631,0.302440
-0.048198,-0.141499,0.450710,-0.106534,0.302581
-0.043865,-0.140193,0.433943,-0.100743,0.310999
-0.039749,-0.140876,0.418015,-0.094805,0.323696
-0.033915,-0.141524,0.402884,-0.083983,0.336710
-0.028373,-0.142140,0.388509,-0.072902,0.349877
-0.023109,-0.142725,0.376776,-0.061256,0.361483
-0.016184,-0.141358,0.365629,-0.044234,0.368587
-0.007682,-0.140060,0.356963,-0.021518,0.373828
0.000394,-0.136903,0.348730,0.001130,0.374089
0.011913,-0.131981,0.338986,0.035128,0.371074
0.022856,-0.127305,0.329729,0.069206,0.367652
0.031328,-0.120940,0.319012,0.097890,0.360778
0.039377,-0.114893,0.308831,0.126820,0.353533
0.045101,-0.105302,0.297235,0.150585,0.336908
0.050538,-0.092344,0.282374,0.177100,0.311438
0.055703,-0.080035,0.268255,0.204741,0.284214
0.060610,-0.066418,0.250996,0.236944,0.251766
0.065272,-0.051558,0.230754,0.275664,0.211775
0.065855,-0.035519,0.217293,0.294270,0.155177
0.062562,-0.020281,0.204505,0.296878,0.094552
0.057511,-0.005806,0.198126,0.282510,0.028135
0.052712,0.007946,0.192066,0.267853,-0.039875
0.044307,0.021010,0.192078,0.226708,-0.106184
0.034400,0.035344,0.197859,0.172139,-0.174210
0.021141,0.048962,0.209120,0.100754,-0.228864
0.004700,0.063821,0.227510,0.020654,-0.273436
-0.018612,0.077938,0.266134,-0.069822,-0.284229
-0.046528,0.091349,0.316289,-0.146058,-0.278322
-0.078817,0.104089,0.377398,-0.205884,-0.263695
-0.113338,0.118115,0.446990,-0.248324,-0.250750
-0.148055,0.131440,0.524640,-0.275051,-0.236601
-0.182960,0.146022,0.608023,-0.292291,-0.226042
-0.216120,0.159875,0.687238,-0.304684,-0.218380
-0.247622,0.176881,0.770183,-0.311072,-0.215251
-0.277548,0.193037,0.860520,-0.312001,-0.210338
-0.305978,0.208385,0.954033,-0.310357,-0.205067
-0.332987,0.222966,1.042870,-0.309067,-0.200922
-0.358646,0.236818,1.127265,-0.308029,-0.197582
-0.381098,0.249977,1.217055,-0.303460,-0.193556
-0.402428,0.262478,1.302356,-0.299693,-0.190229
-0.420768,0.268585,1.400700,-0.291822,-0.181620
-0.438191,0.270540,1.501819,-0.283893,-0.171237
-0.448974,0.266629,1.595959,-0.274231,-0.159457
-0.459217,0.262913,1.685392,-0.266012,-0.149387
-0.468949,0.259382,1.770353,-0.258943,-0.140694
-0.474347,0.256029,1.843374,-0.251862,-0.133707
-0.475630,0.252843,1.893513,-0.246098,-0.128791
-0.474926,0.247893,1.929606,-0.241329,-0.124104
-0.474256,0.243190,1.963895,-0.236951,-0.119794
-0.469774,0.240646,1.984931,-0.232394,-0.117435
-0.457824,0.240152,1.981838,-0.227027,-0.117523
-0.444548,0.241606,1.973131,-0.221601,-0.118891
-0.430013,0.242988,1.959090,-0.216070,-0.120559
-0.414282,0.244300,1.938059,-0.210592,-0.122650
-0.397414,0.247469,1.918079,-0.204303,-0.125670
-0.381389,0.250480,1.899098,-0.198190,-0.128599
-0.364243,0.251418,1.882989,-0.191079,-0.130347
-0.347954,0.252309,1.867686,-0.184190,-0.132034
-0.332479,0.253155,1.855071,-0.177344,-0.133527
-0.317778,0.253959,1.843086,-0.170738,-0.134961
-0.303812,0.252799,1.831701,-0.164367,-0.135321
-0.290545,0.251698,1.818962,-0.158393,-0.135801
-0.279864,0.250651,1.804937,-0.153830,-0.136378
-0.269717,0.249657,1.791614,-0.149422,-0.136933
-0.260077,0.246790,1.777033,-0.145323,-0.136558
-0.252842,0.242142,1.759335,-0.142737,-0.135400
-0.247893,0.237728,1.740599,-0.141467,-0.134399
-0.243190,0.233534,1.722800,-0.140233,-0.133427
-0.238723,0.229549,1.702045,-0.139348,-0.132774
-0.236402,0.223841,1.674635,-0.140240,-0.131588
-0.234198,0.216495,1.644749,-0.141440,-0.129583
-0.232103,0.209516,1.614435,-0.142789,-0.127757
-0.228190,0.200964,1.581790,-0.143272,-0.125090
-0.222550,0.192839,1.550777,-0.142535,-0.122473
-0.217192,0.187043,1.521315,-0.141807,-0.121118
-0.210178,0.181537,1.495250,-0.139649,-0.119653
-0.203515,0.176306,1.470487,-0.137526,-0.118211
-0.197186,0.171337,1.448886,-0.135264,-0.116642
-0.189250,0.168539,1.428365,-0.131727,-0.116443
-0.181710,0.165882,1.408869,-0.128268,-0.116247
-0.174548,0.163357,1.392272,-0.124718,-0.115898
-0.167743,0.162881,1.378428,-0.121096,-0.116766
-0.161279,0.162429,1.365276,-0.117585,-0.117605
-0.153215,0.162000,1.352781,-0.112779,-0.118436
-0.145555,0.165439,1.337065,-0.108434,-0.122391
-0.136354,0.168705,1.320212,-0.102917,-0.126432
-0.127613,0.171808,1.304201,-0.097537,-0.130365
-0.119309,0.174757,1.287068,-0.092434,-0.134384
-0.111421,0.177557,1.270792,-0.087455,-0.138299
-0.103927,0.180218,1.255329,-0.082600,-0.142108
-0.096807,0.184668,1.238716,-0.077993,-0.147547
-0.090044,0.188897,1.222934,-0.073497,-0.152843
-0.083619,0.190990,1.206018,-0.069224,-0.156690
-0.077515,0.192979,1.189948,-0.065049,-0.160440
-0.071716,0.194869,1.174682,-0.060976,-0.164093
-0.068130,0.194741,1.158255,-0.058754,-0.166293
-0.064723,0.192696,1.142650,-0.056583,-0.166805
-0.063410,0.190753,1.127825,-0.056164,-0.167289
-0.060240,0.186985,1.117588,-0.053850,-0.165540
-0.057228,0.181482,1.107862,-0.051610,-0.162158
-0.054366,0.176254,1.098623,-0.049446,-0.158885
-0.051648,0.171287,1.089846,-0.047355,-0.155719
-0.047143,0.168492,1.079584,-0.043640,-0.154677
-0.040939,0.167760,1.069836,-0.038248,-0.155430
-0.035046,0.167064,1.058652,-0.033093,-0.156433
-0.029448,0.166403,1.048027,-0.028091,-0.157402
-0.022206,0.165775,1.037933,-0.021391,-0.158344
-0.013404,0.165179,1.026421,-0.013058,-0.159546
-0.003118,0.166535,1.015485,-0.003070,-0.162548
0.006653,0.167824,1.005095,0.006619,-0.165443
0.017859,0.169048,0.993302,0.017978,-0.168546
0.028505,0.166365,0.982098,0.029016,-0.167735
0.038618,0.163816,0.973378,0.039653,-0.166605
0.048225,0.161394,0.965094,0.049928,-0.165496
0.057353,0.157171,0.957224,0.059844,-0.162456
0.066023,0.153159,0.951670,0.069265,-0.159192
0.074261,0.149347,0.946394,0.078307,-0.156043
0.084009,0.145726,0.943305,0.088824,-0.152677
0.095193,0.142285,0.942294,0.100681,-0.149119
0.105818,0.139017,0.941333,0.111943,-0.145717
0.117835,0.133990,0.940420,0.124651,-0.140442
0.131174,0.129213,0.939553,0.138717,-0.135372
0.149615,0.126599,0.938729,0.158051,-0.132402
0.170981,0.126038,0.936024,0.180675,-0.131694
0.200893,0.135121,0.929607,0.212833,-0.141128
0.235079,0.147595,0.921588,0.249755,-0.153956
0.273325,0.165216,0.915893,0.290011,-0.171163
0.315428,0.187724,0.914330,0.332199,-0.191705
0.361195,0.214876,0.916690,0.375342,-0.214724
0.408520,0.244517,0.924702,0.416002,-0.237318
0.455402,0.278445,0.936159,0.452755,-0.261348
0.499940,0.310677,0.947043,0.485714,-0.282357
0.542250,0.345143,0.961230,0.513620,-0.303098
0.584369,0.383655,0.976630,0.539207,-0.325135
0.624381,0.422165,0.993183,0.561232,-0.345430
0.656623,0.460672,1.014677,0.574352,-0.364160
0.687254,0.497253,1.035097,0.586120,-0.380689
0.716353,0.532006,1.054496,0.596719,-0.395351
0.743996,0.565021,1.072925,0.606302,-0.408420
0.770258,0.596386,1.090433,0.614994,-0.420120
0.795207,0.626182,1.107065,0.622904,-0.430637
0.801600,0.648719,1.132481,0.615959,-0.437356
0.794213,0.666283,1.160472,0.600171,-0.442476
0.775656,0.677199,1.187064,0.578778,-0.445542
0.698412,0.651032,1.204634,0.525412,-0.437347
0.617337,0.616557,1.207864,0.472487,-0.426612
0.536470,0.583806,1.203240,0.419401,-0.417138
0.457724,0.548847,1.195001,0.365794,-0.405169
0.382914,0.515635,1.187174,0.312008,-0.391977
0.311846,0.482161,1.175892,0.259232,-0.377345
0.244330,0.450361,1.165175,0.206699,-0.361652
0.180191,0.418227,1.154993,0.154763,-0.343585
0.119258,0.385777,1.145320,0.103752,-0.323266
0.059449,0.353027,1.136131,0.052278,-0.300882
0.004553,0.319991,1.129324,0.004032,-0.276108
-0.047597,0.288607,1.122858,-0.042364,-0.251367
-0.093294,0.260715,1.112869,-0.083637,-0.229346
-0.134783,0.238064,1.101456,-0.121763,-0.211332
-0.172275,0.220391,1.088691,-0.156939,-0.197347
-0.205969,0.205526,1.078488,-0.188707,-0.185044
-0.232209,0.195249,1.068794,-0.213938,-0.176656
-0.257137,0.185487,1.059585,-0.238075,-0.168505
-0.276972,0.178136,1.052760,-0.257262,-0.162202
-0.295816,0.169229,1.046275,-0.275541,-0.154404
-0.313718,0.160767,1.040116,-0.292941,-0.146916
-0.328801,0.152729,1.034264,-0.307804,-0.139811
-0.343130,0.143170,1.028704,-0.321951,-0.131265
-0.358666,0.134088,1.025346,-0.336497,-0.122818
-0.373425,0.125461,1.024079,-0.349661,-0.114593
-0.387446,0.117264,1.022875,-0.362082,-0.106801
-0.400766,0.109478,1.023654,-0.373162,-0.099261
-0.413420,0.102081,1.026318,-0.382934,-0.091999
-0.423518,0.095054,1.028848,-0.390503,-0.085227
-0.431189,0.086455,1.033175,-0.395368,-0.077071
-0.436552,0.080209,1.033439,-0.399689,-0.071375
-0.441648,0.074276,1.031767,-0.404451,-0.066084
-0.444565,0.068639,1.030179,-0.407399,-0.061099
-0.447337,0.063284,1.028670,-0.410200,-0.056357
-0.449970,0.058197,1.027236,-0.412863,-0.051847
-0.450549,0.053364,1.025874,-0.413824,-0.047591
-0.451098,0.048772,1.024581,-0.414738,-0.043539
-0.451620,0.044411,1.023352,-0.415608,-0.039682
-0.450193,0.040267,1.022184,-0.414861,-0.036036
-0.448837,0.036331,1.021075,-0.414149,-0.032561
-0.447549,0.032591,1.018098,-0.414166,-0.029297
-0.444402,0.029038,1.011424,-0.413990,-0.026279
-0.441413,0.025663,1.005084,-0.413820,-0.023374
-0.438573,0.024380,0.997137,-0.414366,-0.022377
-0.435875,0.025084,0.991511,-0.414178,-0.023156
-0.433312,0.025753,0.986166,-0.413996,-0.023904
-0.428954,0.026389,0.990704,-0.408610,-0.024439
-0.424814,0.026992,0.995015,-0.403515,-0.024944
-0.420881,0.025643,1.001033,-0.398008,-0.023610
-0.417145,0.024361,1.006751,-0.392814,-0.022350
-0.409749,0.025066,1.016029,-0.383335,-0.022876
-0.402723,0.025735,1.024843,-0.374424,-0.023368
-0.394126,0.028295,1.033216,-0.364418,-0.025581
-0.385958,0.030726,1.041171,-0.354992,-0.027664
-0.372429,0.034959,1.050651,-0.340656,-0.031351
-0.357654,0.038980,1.061580,-0.324964,-0.034783
-0.343617,0.044724,1.073885,-0.309681,-0.039645
-0.330283,0.050180,1.089422,-0.294365,-0.044051
-0.319538,0.053440,1.106104,-0.281229,-0.046382
-0.311253,0.056537,1.121953,-0.270615,-0.048520
-0.303383,0.059480,1.140855,-0.259910,-0.050342
-0.297829,0.062275,1.160736,-0.251168,-0.051921
-0.292553,0.064930,1.181545,-0.242720,-0.053292
-0.287541,0.067453,1.201314,-0.234935,-0.054553
-0.284702,0.069850,1.222018,-0.228894,-0.055611
-0.282005,0.072126,1.239763,-0.223662,-0.056668
-0.277521,0.076212,1.258544,-0.217036,-0.059067
-0.269414,0.080094,1.276386,-0.208022,-0.061321
-0.252097,0.087628,1.297182,-0.191949,-0.066215
-0.235646,0.094785,1.316938,-0.177061,-0.070730
-0.216171,0.103507,1.337630,-0.160222,-0.076242
-0.193824,0.113716,1.359210,-0.141646,-0.082637
-0.168748,0.123415,1.381634,-0.121535,-0.088435
-0.143003,0.130706,1.402937,-0.101581,-0.092422
-0.120469,0.133786,1.425098,-0.084333,-0.093273
-0.100984,0.134789,1.448074,-0.069624,-0.092591
-0.090165,0.131896,1.473747,-0.061105,-0.089093
-0.079888,0.129147,1.498136,-0.053274,-0.085871
-0.075893,0.122690,1.525153,-0.049720,-0.080173
-0.072099,0.116555,1.550818,-0.046457,-0.074936
-0.068494,0.110728,1.575200,-0.043455,-0.070113
-0.070838,0.101345,1.602210,-0.044184,-0.063108
-0.078835,0.088585,1.631714,-0.048277,-0.054173
-0.090278,0.072618,1.663590,-0.054214,-0.043560
-0.106918,0.057448,1.697718,-0.062894,-0.033759
-0.122726,0.043037,1.730140,-0.070815,-0.024808
-0.137743,0.029347,1.760941,-0.078062,-0.016613
-0.152010,0.022111,1.784432,-0.084982,-0.012345
-0.163640,0.017159,1.804826,-0.090421,-0.009468
-0.170843,0.012455,1.826123,-0.093283,-0.006791
-0.169993,0.009909,1.846356,-0.091811,-0.005344
-0.167263,0.011337,1.861730,-0.089602,-0.006065
-0.164669,0.016539,1.874413,-0.087626,-0.008789
-0.164127,0.023404,1.884538,-0.086872,-0.012372
-0.167460,0.029926,1.892234,-0.088268,-0.015753
-0.170625,0.036122,1.899546,-0.089584,-0.018938
-0.179401,0.042009,1.902645,-0.094013,-0.021978
-0.191585,0.051447,1.895975,-0.100707,-0.026991
-0.205083,0.062336,1.878099,-0.108766,-0.032983
-0.217906,0.074604,1.855348,-0.116912,-0.039914
-0.230087,0.086258,1.833734,-0.124822,-0.046640
-0.241660,0.097330,1.813202,-0.132497,-0.053158
-0.254577,0.104002,1.795618,-0.140838,-0.057284
-0.263002,0.110340,1.775068,-0.147094,-0.061412
-0.271006,0.116362,1.755546,-0.153162,-0.065413
-0.278609,0.122082,1.736999,-0.159042,-0.069285
-0.285833,0.127516,1.719380,-0.164735,-0.073030
-0.285003,0.134602,1.696872,-0.166404,-0.078069
-0.276522,0.145180,1.669721,-0.164120,-0.085571
-0.256926,0.162921,1.630466,-0.156293,-0.098386
-0.240234,0.179775,1.568173,-0.152012,-0.112836
-0.226299,0.191940,1.497457,-0.149987,-0.126066
-0.211138,0.201574,1.424507,-0.147147,-0.139071
-0.194812,0.208803,1.347513,-0.143577,-0.152174
-0.179302,0.215670,1.274368,-0.139781,-0.166043
-0.164568,0.222194,1.204880,-0.135744,-0.180722
-0.150570,0.228392,1.138867,-0.131448,-0.196254
-0.137272,0.234280,1.076154,-0.126873,-0.212686
-0.124639,0.236028,1.012731,-0.122457,-0.227317
-0.112638,0.237688,0.952479,-0.117711,-0.242926
-0.101237,0.239265,0.895240,-0.112605,-0.259579
-0.090406,0.240763,0.840863,-0.107104,-0.277351
-0.080117,0.242187,0.789204,-0.101169,-0.296317
-0.070341,0.243539,0.740128,-0.094755,-0.316558
-0.061055,0.244824,0.693507,-0.087812,-0.338155
-0.052233,0.246044,0.649216,-0.080283,-0.361193
-0.043852,0.247203,0.607140,-0.072102,-0.385756
-0.035890,0.248305,0.567167,-0.063196,-0.411927
-0.028327,0.249351,0.529194,-0.053477,-0.439784
-0.021141,0.250345,0.493119,-0.042846,-0.469400
-0.014315,0.245520,0.458847,-0.031187,-0.491114
-0.007830,0.240936,0.426289,-0.018365,-0.514361
-0.001669,0.236582,0.395360,-0.004222,-0.539236
0.004184,0.232445,0.365976,0.011431,-0.565826
0.009744,0.226592,0.338062,0.028814,-0.590299
0.015026,0.215262,0.313467,0.047897,-0.601219
0.020044,0.204499,0.290101,0.068982,-0.612902
0.024811,0.194274,0.267904,0.092347,-0.625388
0.025493,0.167253,0.239124,0.106210,-0.607699
0.020372,0.135813,0.215629,0.094199,-0.560075
0.015508,0.105946,0.193309,0.080050,-0.500005
0.008963,0.077572,0.177875,0.050347,-0.410772
0.000823,0.050616,0.168981,0.004868,-0.291029
-0.004988,0.030778,0.168224,-0.029641,-0.180877
-0.008585,0.013854,0.171351,-0.050057,-0.080576
-0.010078,-0.004146,0.178168,-0.056507,0.023231
-0.009575,-0.021247,0.184645,-0.051807,0.114412
-0.009096,-0.035569,0.188874,-0.048121,0.185931
-0.008641,-0.049175,0.189046,-0.045677,0.254229
-0.008209,-0.062101,0.189209,-0.043358,0.316858
-0.007798,-0.074381,0.189364,-0.041159,0.373989
-0.007409,-0.086046,0.189511,-0.039073,0.425924
-0.007038,-0.097128,0.189651,-0.037094,0.473036
-0.006686,-0.109580,0.191707,-0.034863,0.519014
-0.006352,-0.121408,0.193660,-0.032788,0.559734
-0.006034,-0.132646,0.195515,-0.030854,0.595889
-0.003810,-0.143321,0.199201,-0.019122,0.623594
0.000227,-0.151540,0.204626,0.001110,0.637439
0.004062,-0.159347,0.209779,0.019360,0.649524
0.007705,-0.166765,0.216598,0.035558,0.655828
-0.004219,-0.179580,0.228845,-0.018433,0.665275
-0.009777,-0.189832,0.246249,-0.039683,0.656360
-0.011211,-0.197648,0.264705,-0.042328,0.640938
-0.008728,-0.201227,0.284162,-0.030704,0.615947
-0.006368,-0.204627,0.302647,-0.021039,0.594420
-0.002204,-0.205934,0.320207,-0.006882,0.571520
0.001753,-0.207176,0.336889,0.005203,0.551348
0.005511,-0.208356,0.352736,0.015623,0.533488
0.009082,-0.209477,0.367792,0.024688,0.517599
0.012474,-0.210541,0.382095,0.032634,0.503400
0.015696,-0.207706,0.395682,0.039648,0.483070
0.018758,-0.205013,0.408590,0.045876,0.464631
0.021666,-0.202455,0.420853,0.051436,0.447863
0.024429,-0.200025,0.432503,0.056422,0.432578
0.027054,-0.195793,0.443570,0.060915,0.414995
0.029547,-0.191772,0.454084,0.064978,0.398848
0.031916,-0.187953,0.464072,0.068665,0.383996
0.036089,-0.184324,0.473561,0.076061,0.370211
0.041977,-0.180877,0.478729,0.087461,0.359984
0.047571,-0.177603,0.483638,0.098044,0.350379
0.052884,-0.174492,0.488303,0.107882,0.341359
0.057932,-0.171536,0.492734,0.117036,0.332884
0.062728,-0.168729,0.496943,0.125564,0.324922
0.067284,-0.166062,0.500942,0.133516,0.317438
0.071612,-0.163528,0.504741,0.140938,0.310402
0.071878,-0.164967,0.508350,0.140463,0.310898
0.072130,-0.166334,0.511779,0.140017,0.311362
0.072370,-0.167633,0.515036,0.139600,0.311798
0.072597,-0.168866,0.518131,0.139208,0.312206
0.072814,-0.170038,0.521070,0.138839,0.312590
0.073019,-0.171152,0.523863,0.138493,0.312950
