GRT_PIPELINE_FILE_V3.0
PipelineMode: CLASSIFICATION_MODE
NumPreprocessingModules: 1
NumFeatureExtractionModules: 0
NumPostprocessingModules: 0
Trained: 1
Info: 
PreProcessingModuleDatatypes:	MovingAverageFilter
FeatureExtractionModuleDatatypes:
ClassificationModuleDatatype:	DTW
PostProcessingModuleDatatypes:
PreProcessingModule_1
GRT_MOVING_AVERAGE_FILTER_FILE_V1.0
NumInputDimensions: 3
NumOutputDimensions: 3
FilterSize: 4
GRT_DTW_Model_File_V2.0
Trained: 1
UseScaling: 0
NumInputDimensions: 3
NumOutputDimensions: 0
NumTrainingIterationsToConverge: 3
MinNumEpochs: 0
MaxNumEpochs: 100
ValidationSetSize: 20
LearningRate: 0.1
MinChange: 1e-05
UseValidationSet: 0
RandomiseTrainingOrder: 1
UseNullRejection: 0
ClassifierMode: 1
NullRejectionCoeff: 3
NumClasses: 9
NullRejectionThresholds:  0 0 0 0 0 0 0 0 0
ClassLabels:  4 6 8 1 3 2 9 7 5
DistanceMethod: 1
UseSmoothing: 0
SmoothingFactor: 5
UseZNormalisation: 0
OffsetUsingFirstSample: 0
ConstrainWarpingPath: 1
Radius: 0.2
RejectionMode: 0
NumberOfTemplates: 9
OverallAverageTemplateLength: 49
***************TEMPLATE***************
Template: 1
ClassLabel: 4
TimeSeriesLength: 58
TemplateThreshold: 122.859
TrainingMu: 58.9117
TrainingSigma: 21.3156
AverageTemplateLength: 59
TimeSeries: 
-0.745	0.25	1.13	
-0.71	1.51	1.44333	
-0.8025	2.4	1.7325	
-1.53	3.485	2.47	
-2.18	4.1	2.0375	
-2.71	4.0975	0.145	
-3.165	3.43	-1.945	
-3.2125	2.5925	-4.1425	
-2.585	0.43	-5.2975	
-2.06	-1.7475	-5.265	
-1.3925	-3.9575	-4.8475	
-0.675	-6.4775	-3.8825	
-0.385	-7.7425	-3.5925	
0.37	-9.855	-2.245	
0.89	-11.7925	-0.185	
0.9875	-11.67	0.2925	
0.725	-10.685	1.2475	
-0.76	-8.1775	1.6375	
-2.05	-4.7325	-0.065	
-2.7	-1.9525	-0.2925	
-3.275	0.53	-0.4175	
-3.0825	2.39	-1.4825	
-2.98	3.9575	-0.9375	
-2.96	5.165	-0.5775	
-3.0525	6.18	-0.3025	
-3.1825	6.7775	1.8675	
-3.1825	6.9075	2.875	
-3.3025	6.455	3.85	
-3.03	5.45	4.165	
-2.4675	3.9775	3.4725	
-2.03	2.145	4.4	
-1.4375	0.3875	4.845	
-0.79	-2.1925	5.7925	
-0.825	-3.65	5.775	
-0.705	-5.135	5.4425	
-0.625	-6.43	4.77	
-0.7425	-6.94	3.265	
-0.575	-7.7325	1.7125	
-0.4525	-8.1975	-1.68	
-0.6125	-9.06	-4.4825	
-0.6625	-9.1525	-5.7775	
-0.7075	-9.0675	-6.5275	
-1.4425	-8.6625	-5.37	
-1.945	-7.1175	-4.7425	
-2.425	-5.33	-4.295	
-3.075	-4.1075	-3.08	
-2.9625	-2.585	-2.64	
-2.9575	-1.2275	-0.32	
-3.135	-0.285	2.195	
-3.09	1.835	3.695	
-3.09	2.335	5.5425	
-3.03	3.2425	6.2225	
-2.9625	4.52	5.3225	
-3.0275	4.3725	5.2275	
-3.0375	5.72	4.095	
-3.03	6.3125	1.8175	
-2.925	5.7775	0.1925	
-2.7775	4.895	-2.2925	
***************TEMPLATE***************
Template: 2
ClassLabel: 6
TimeSeriesLength: 75
TemplateThreshold: 160.927
TrainingMu: 80.4606
TrainingSigma: 26.8222
AverageTemplateLength: 70
TimeSeries: 
-0.46	0.355	0.215	
-0.556667	0.793333	0.323333	
-0.4975	0.7525	1.0675	
-0.5175	3.2925	0.6725	
-0.79	5.095	0.4525	
-0.855	5.65	-0.6225	
-0.8925	5.7725	-2.615	
-0.9275	2.88	-4.3075	
-0.925	0.685	-5.1975	
-0.94	-0.99	-4.9725	
-1.0175	-1.985	-5.0625	
-1.0675	-2.3025	-4.245	
-1	-3.4375	-2.865	
-0.815	-3.7475	-2.98	
-0.8275	-4.1	-2.0675	
-0.62	-5.35	-0.12	
-0.6725	-5.77	0.7675	
-0.7525	-7.305	3.3775	
-0.5825	-7.8175	4.14	
-0.8375	-6.9275	2.785	
-0.745	-6.5825	1.9925	
-0.7775	-4.9175	0.0075	
-1.4625	-3.245	-0.8175	
-2.025	-1.895	-0.5975	
-2.6175	0.0575	-1.5	
-3.21	1.9225	-1.9225	
-3.1375	2.47	-2.645	
-2.5425	3.7375	-3.48	
-2.0075	3.615	-3.89	
-1.495	3.7325	-4.6375	
-1.7725	4.8675	-2.9075	
-1.67	4.7925	-2.5425	
-2.1025	6.0375	-1.36	
-2.73	6.6125	1.83	
-1.885	6.7025	1.8225	
-1.9325	6.8575	4.1075	
-1.2775	5.8625	5.3025	
-0.46	5.13	4.5725	
-1.26	4.0225	6.265	
-1.67	2.93	5.365	
-2.285	2.225	5.0975	
-2.885	0.525	5.835	
-2.75	-0.575	3.9825	
-2.825	-2.135	3.5475	
-2.995	-3.2925	3.7475	
-3.1475	-3.6675	2.35	
-3.055	-4.775	2.07	
-3.1175	-4.9525	1.525	
-2.505	-6.25	-0.635	
-2.465	-7.1725	-0.8975	
-2.5	-7.565	-1.43	
-1.8975	-7.63	-2.71	
-2.3425	-6.6	-2.6175	
-2.2025	-5.595	-4.11	
-1.73	-4.43	-5.27	
-1.7425	-4.015	-4.89	
-1.2775	-3.115	-4.43	
-0.6475	-2.605	-4.16	
-1.1625	-2.005	-2.2725	
-1.665	-0.885	-0.485	
-1.7125	0.18	0.27	
-2.4325	1.6275	2.2	
-2.4825	3.0375	2.8975	
-2.425	5.525	3.055	
-2.935	7.31	3.8375	
-2.4475	8.5075	3.6625	
-1.75	9.1	2.155	
-1.1875	7.8175	0.9825	
-0.5925	6.3025	-0.345	
-0.62	5.2875	-2.2675	
-0.725	4.28	-3.025	
-0.79	3.3475	-3.5225	
-0.8275	1.6325	-3.815	
-0.6	-0.8775	-3.4	
-0.4325	-3.47	-3.2225	
***************TEMPLATE***************
Template: 3
ClassLabel: 8
TimeSeriesLength: 46
TemplateThreshold: 142.094
TrainingMu: 62.4604
TrainingSigma: 26.5444
AverageTemplateLength: 47
TimeSeries: 
-0.73	2.02	1.91	
-0.783333	2.77667	2.17	
-1.2425	3.5575	1.9825	
-1.2675	4.595	1.175	
-1.15	4.5525	-1.2	
-0.9625	4.0275	-2.995	
-0.535	2.4675	-4.285	
-0.655	1.0175	-4.82	
-0.085	-0.2675	-5.4575	
0.38	-1.6175	-6.24	
0.5975	-2.2475	-7.0375	
1.165	-3.2475	-6.53	
1.2575	-4.4575	-5.085	
1.2175	-5.4325	-2.88	
1.19	-6.105	-0.64	
0.58	-6.5625	1.6075	
-0.5925	-4.9525	5.665	
-1.855	-3.06	8.215	
-2.5775	-1.0175	11.3575	
-3.75	2.21	13.965	
-3.695	3.4225	12.105	
-3.6025	4.4075	10.2825	
-3.1275	4.6	7.47	
-1.8675	3.8075	3.6875	
-1.2325	3.0125	2.4	
-0.4575	2.195	1.15	
-0.365	1.9175	-0.4325	
-0.465	1.415	-2.5975	
-0.515	1.4325	-5.015	
-0.03	1.3325	-7.1225	
0.61	0.3275	-9.1675	
1.4475	-0.4075	-10.4175	
1.9725	-1.1125	-11.0375	
1.895	-1.5275	-11.7825	
1.3075	-1.1225	-11.425	
0.5375	-0.4675	-9.405	
-0.1775	-0.34	-8.0225	
-1.43	-0.0125	-5.085	
-2.1375	0.5175	-2.695	
-2.2375	0.005	-1.99	
-2.6375	-2.77556e-17	-0.8975	
-2.5825	0.325	0.57	
-2.405	-1.16	3.3825	
-2.81	-1.06	6.5125	
-2.4375	-0.8125	8.76	
-2.4	-1.575	10.2375	
***************TEMPLATE***************
Template: 4
ClassLabel: 1
TimeSeriesLength: 31
TemplateThreshold: 353.828
TrainingMu: 72.9516
TrainingSigma: 93.6256
AverageTemplateLength: 34
TimeSeries: 
1.04	2.525	0.75	
0.573333	3.23667	1.73	
0.1775	3.9075	1.52	
-0.58	4.51	0.845	
-0.8275	4.375	-0.61	
-0.86	3.045	-2.7625	
-0.82	1.305	-5.1925	
-0.6275	-1.03	-6.415	
-0.4775	-3.415	-6.96	
-0.53	-4.5825	-7.5525	
-0.3625	-5.38	-6.895	
-0.55	-5.6575	-6.0575	
-0.71	-6.0175	-4.145	
-0.1	-6.7875	-1.82	
0.37	-9.2075	1.4475	
0.865	-10.235	3.975	
0.9575	-10.2675	5.9475	
0.3125	-9.66	8.3275	
-0.14	-6.02	8.68	
-0.8325	-3.185	9.725	
-0.965	-0.5525	9.5625	
-0.8025	2.4525	8.165	
-1.645	4.5475	8.17	
-2.1225	6.635	7.175	
-2.64	8.4475	5.565	
-3.39	8.84	4.0675	
-2.755	8.03	0.7525	
-2.025	6.745	-2.185	
-1.4875	4.235	-3.7275	
-0.785	2.3325	-5.2275	
-0.1325	-0.1475	-5.335	
***************TEMPLATE***************
Template: 5
ClassLabel: 3
TimeSeriesLength: 52
TemplateThreshold: 340.662
TrainingMu: 82.102
TrainingSigma: 86.1866
AverageTemplateLength: 51
TimeSeries: 
1.52	-0.935	-0.055	
1.79667	-0.44	-1.04333	
1.2225	0.0125	-0.2425	
0.7975	0.14	-0.005	
0.785	1.6375	-0.655	
0.0075	2.28	0.23	
-0.03	1.705	-0.89	
-0.2525	2.0825	-2.405	
-0.7325	0.8425	-2.7525	
-0.545	-0.28	-4.3975	
-0.0625	-0.1325	-5.46	
-0.0425	-1.0525	-5.0125	
0.0575	-1.2675	-5.3225	
0.0175	-1.6475	-4.3175	
-0.52	-2.3975	-2.8075	
-0.55	-2.745	-1.845	
-0.62	-3.1875	-0.2225	
-0.705	-3.0325	0.2775	
-0.5675	-3.425	0.41	
-0.4275	-3.68	1.17	
-0.4575	-3.5475	1.0425	
-0.4	-4.4775	1.01	
-1.0875	-4.56	3.21	
-1.1775	-4.015	2.425	
-1.0775	-4.2575	2.8325	
-1.13	-4.02	4.2325	
-0.465	-3.0025	2.4075	
-0.505	-3.2325	4.0775	
-0.6925	-3.0025	5.2225	
-0.7425	-1.605	4.86	
-0.9175	-1.18	5.7725	
-0.8175	-0.4725	5.915	
-0.8825	1.055	4.7925	
-0.7175	1.0875	4.6725	
-0.515	1.1225	4.295	
-0.4025	1.78	2.9525	
-0.165	1.45	2.5625	
-0.41	2.0175	2.395	
-0.5975	2.785	1.49	
-0.7525	2.505	0.575	
-0.86	2.855	0.6275	
-0.89	2.97	-0.8025	
-0.685	2.895	-0.795	
-0.745	2.795	-0.905	
-0.6275	2.35	-2.49	
-0.59	2.0325	-2.0425	
-0.59	1.3775	-3.035	
0.165	1.325	-3.75	
-0.04	1.155	-2.8625	
0.57	0.3975	-3.46	
1.0975	-0.2325	-3.6	
1.09	-1.4125	-3.265	
***************TEMPLATE***************
Template: 6
ClassLabel: 2
TimeSeriesLength: 29
TemplateThreshold: 312.582
TrainingMu: 57.0733
TrainingSigma: 85.1697
AverageTemplateLength: 33
TimeSeries: 
0.755	0.875	-2.12	
0.233333	1.09	-1.90333	
0.0525	0.9375	-2.7775	
0.1325	0.765	-5.0725	
-0.6775	1.0775	-5.0825	
-0.7175	0.385	-6.965	
-0.9075	-0.765	-7.2275	
-1.0175	-1.695	-6.3375	
-0.905	-3.5625	-6.98	
-0.7125	-4.7675	-5.31	
-0.7025	-5.6875	-3.535	
-0.8325	-6.39	-0.585	
-0.735	-6.825	2.1325	
-1.33	-7.0425	6.45	
-1.7275	-5.7925	9.5575	
-2.205	-4.84	11.7125	
-3.69	-1.96	14.91	
-3.935	1.385	14.015	
-4.6425	4.0425	13.5925	
-5.3775	7.35	12.2075	
-5.1925	8.7175	8.785	
-5.2475	8.7625	6.2825	
-4.785	8.3825	3.445	
-4.6225	7.245	0.5075	
-4.17	6.4225	-1.88	
-4.615	5.8	-3.82	
-4.6275	5.0475	-6.5125	
-3.3575	3.01	-9.5	
-2	-1.2075	-11.38	
***************TEMPLATE***************
Template: 7
ClassLabel: 9
TimeSeriesLength: 41
TemplateThreshold: 287.902
TrainingMu: 95.676
TrainingSigma: 64.0752
AverageTemplateLength: 50
TimeSeries: 
-0.205	-0.045	4.56	
-0.393333	1.02	3.60333	
-1.095	3.3725	4.0575	
-1.9825	6.4375	2.4375	
-2.6025	7.415	-0.5725	
-2.59	7.08	-3.2525	
-1.8975	3.88	-7.0575	
-1.13	0.2725	-9.32	
-1.1125	-0.395	-9.125	
-1.185	-2.385	-8.495	
-1.1475	-2.8275	-7.9325	
-1.095	-4.3625	-5.99	
-0.6675	-6.595	-4.2425	
-0.6175	-7.4875	-2.4425	
-0.82	-8.9325	0.9725	
-0.96	-8.745	3.2275	
-0.8675	-9.23	5.4975	
-1.42	-7.43	8.79	
-1.8925	-5.44	10.6925	
-2.3675	-3.025	11.855	
-3.0875	0.58	12.41	
-3.24	2.375	10.4575	
-3.3475	3.995	7.45	
-3.3425	4.4175	4.1475	
-2.7675	4.63	0.28	
-1.955	4.1775	-3.17	
-1.3475	3.745	-5.9925	
-0.7225	3.565	-8.32	
-0.4975	2.7575	-9.8425	
-0.4325	2.5125	-11.075	
-0.27	2.6825	-11.8025	
-0.485	2.1675	-10.9825	
-0.61	1.8875	-9.855	
-0.86	1.7775	-8.5275	
-1.55	1.165	-6.3525	
-1.4125	0.6325	-3.0275	
-1.2875	-0.1525	0.69	
-1.205	-1.3875	6.7275	
-0.635	-1.505	9.6825	
-0.0975	-1.85	9.95	
-0.0825	-2.36	8.8975	
***************TEMPLATE***************
Template: 8
ClassLabel: 7
TimeSeriesLength: 43
TemplateThreshold: 264.746
TrainingMu: 66.3688
TrainingSigma: 66.1257
AverageTemplateLength: 50
TimeSeries: 
-0.42	-0.13	1.7	
-0.393333	0.0633333	1.75	
0.0575	0.5225	2.3075	
0.0275	0.9925	3.85	
0.08	2.6175	4.6725	
-0.3275	4.0025	5.28	
-0.9475	4.9825	4.7875	
-1.0975	5.78	2.775	
-1.7725	5.605	0.805	
-2.125	5.33	-1.07	
-2.535	4.7375	-2.8075	
-3.125	4.2525	-4.5525	
-3.2775	2.92	-6.07	
-2.7075	0.935	-7.2275	
-2.6925	-1.2275	-7.71	
-1.905	-3.2125	-7.545	
-1.2725	-4.85	-6.4625	
-1.09	-5.355	-5.51	
-0.445	-5.5925	-4.64	
-0.42	-6.855	-1.7975	
-0.4425	-7.02	-0.6875	
-0.5175	-7.1325	1.995	
-0.54	-6.8	4.4025	
-0.6075	-5.1375	5.6975	
-0.53	-3.4525	7.8075	
-0.6425	-1.7875	9.2075	
-1.37	0.4825	10.805	
-1.4875	2.165	10.7475	
-2.0875	3.335	10.28	
-2.5625	4.12	8.015	
-2.6425	3.78	5.4725	
-3.12	3.3225	3.0675	
-3.0775	2.9625	0.4425	
-2.585	2.1225	-1.9075	
-1.85	1.4475	-4.655	
-1.3675	0.915	-7.45	
-0.965	0.795	-9.82	
-1.0225	0.7	-11.75	
-1.085	1.0025	-12.5325	
-1.525	1.54	-11.8425	
-1.955	1.075	-9.3525	
-2.33	1.05	-6.6625	
-2.8425	1.21	-4.63	
***************TEMPLATE***************
Template: 9
ClassLabel: 5
TimeSeriesLength: 50
TemplateThreshold: 300.365
TrainingMu: 81.6533
TrainingSigma: 72.9039
AverageTemplateLength: 48
TimeSeries: 
-0.83	3.11	0.39	
-0.96	3.74	-0.23	
-1.405	3.8975	-0.7425	
-1.8525	3.96	-2.16	
-2.525	4.1925	-3.085	
-3.0775	2.1725	-3.82	
-2.57	0.8175	-4.0975	
-2.54	-0.74	-3.855	
-1.99	-4.7875	-3.4075	
-1.3725	-5.7625	-2.2475	
-1.385	-8.79	-0.6875	
-0.96	-11.1775	0.76	
-0.815	-10.3775	2.265	
-1.375	-10.4475	2.935	
-2.0775	-8.545	2.5675	
-2.555	-6.2125	1.4225	
-3.2125	-4.175	-0.0875	
-3.1725	-1.6425	-1.5975	
-3.0275	0.2	-2.14	
-2.9725	1.06	-1.9825	
-2.9025	2.1425	-2.63	
-2.86	2.2325	-2.1325	
-2.9525	3.3025	-1.77	
-3.1425	4.84	-1.92	
-3.07	6.33	-0.6275	
-3.0875	7.1375	0.3225	
-2.9725	7.4225	0.76	
-2.87	6.495	2.125	
-3.0725	4.4025	3.775	
-3.005	2.6125	4.0375	
-2.935	-1.27	5.11	
-3.105	-3.2075	6.3975	
-3.095	-5.4	5.95	
-3.2375	-6.875	6.105	
-3.27	-6.9175	5.06	
-2.4125	-7.97	2.8225	
-1.6225	-8.2175	0.4475	
-1.0675	-8.4575	-0.2725	
-0.6125	-8.4475	-1.3775	
-0.855	-7.91	-2.09	
-1.5375	-6.6625	-0.9725	
-2.05	-6.05	-1.5275	
-2.515	-2.89	-1.2325	
-2.9275	-0.2375	-0.4825	
-2.8525	1.9275	-0.8775	
-2.7675	5.39	-1.325	
-3.0125	6.555	-2.205	
-3.1625	7.4625	-3.2325	
-3.34	7.5875	-3.8825	
-3.4625	6.4675	-4.7925	
