GRT_PIPELINE_FILE_V3.0
PipelineMode: CLASSIFICATION_MODE
NumPreprocessingModules: 1
NumFeatureExtractionModules: 0
NumPostprocessingModules: 0
Trained: 1
Info: 
PreProcessingModuleDatatypes:	MovingAverageFilter
FeatureExtractionModuleDatatypes:
ClassificationModuleDatatype:	DTW
PostProcessingModuleDatatypes:
PreProcessingModule_1
GRT_MOVING_AVERAGE_FILTER_FILE_V1.0
NumInputDimensions: 3
NumOutputDimensions: 3
FilterSize: 4
GRT_DTW_Model_File_V2.0
Trained: 1
UseScaling: 0
NumInputDimensions: 3
NumOutputDimensions: 0
NumTrainingIterationsToConverge: 3
MinNumEpochs: 0
MaxNumEpochs: 100
ValidationSetSize: 20
LearningRate: 0.1
MinChange: 1e-05
UseValidationSet: 0
RandomiseTrainingOrder: 1
UseNullRejection: 0
ClassifierMode: 1
NullRejectionCoeff: 3
NumClasses: 9
NullRejectionThresholds:  0 0 0 0 0 0 0 0 0
ClassLabels:  3 6 7 2 8 9 1 4 5
DistanceMethod: 1
UseSmoothing: 0
SmoothingFactor: 5
UseZNormalisation: 0
OffsetUsingFirstSample: 0
ConstrainWarpingPath: 1
Radius: 0.2
RejectionMode: 0
NumberOfTemplates: 9
OverallAverageTemplateLength: 49
***************TEMPLATE***************
Template: 1
ClassLabel: 3
TimeSeriesLength: 53
TemplateThreshold: 365.792
TrainingMu: 79.356
TrainingSigma: 95.4787
AverageTemplateLength: 52
TimeSeries: 
0.565	-0.99	1	
1.17333	-0.76	-0.146667	
0.665	-1.16	0.9075	
1.1825	-0.7975	0.1775	
1.475	0.135	-0.5225	
0.56	0.8475	1.2875	
1.12	1.82	0.2775	
0.9975	2.8275	0.2625	
0.165	2.71	0.9925	
0.8225	2.2975	-1.2575	
0.38	2.28	-2.2975	
-0.15	1.165	-2.9775	
0.4025	-0.04	-4.72	
0.0175	0.1525	-5.0925	
-0.0375	-0.7425	-4.3225	
-0.0875	-1.3475	-4.5525	
-0.505	-0.9125	-3.64	
-0.5375	-2.02	-3.065	
-0.665	-2.75	-4.135	
-1.075	-3.4175	-3.26	
-1.1325	-4.33	-2.9575	
-1.2875	-4.8175	-2.06	
-1.695	-5.0475	0.005	
-1.8	-4.2425	0.945	
-2.4125	-4.0125	1.72	
-2.46	-3.875	2.88	
-2.0225	-3.28	3.0075	
-1.445	-4.3275	3.1025	
-1.465	-4.49	4.565	
-1.2625	-4.625	3.8725	
-1.45	-4.6225	3.67	
-2.035	-3.4575	4.5425	
-1.5125	-2.675	3.82	
-1.4425	-1.53	4.0825	
-1.21	-0.4125	4.7975	
-0.5875	0.5725	4.405	
-0.5075	1.5275	4.37	
-0.6	2.06	4.5975	
-0.665	2.7575	4.195	
-0.68	3.1825	3.6525	
-0.8025	3.0925	3.635	
-1.5025	3.525	3.42	
-1.9125	3.93	2.3025	
-2.01	3.835	1.2425	
-1.8075	3.6825	-0.74	
-1.1925	3.335	-3.05	
-0.695	2.62	-4.2975	
-0.095	1.68	-5.665	
0.51	1.485	-6.065	
1.095	0.975	-5.8	
1.805	-0.2225	-5.72	
1.83	-0.805	-4.98	
1.6725	-2.21	-4.195	
***************TEMPLATE***************
Template: 2
ClassLabel: 6
TimeSeriesLength: 75
TemplateThreshold: 163.89
TrainingMu: 82.6533
TrainingSigma: 27.0789
AverageTemplateLength: 70
TimeSeries: 
-0.46	0.355	0.215	
-0.556667	0.793333	0.323333	
-0.4975	0.7525	1.0675	
-0.5175	3.2925	0.6725	
-0.79	5.095	0.4525	
-0.855	5.65	-0.6225	
-0.8925	5.7725	-2.615	
-0.9275	2.88	-4.3075	
-0.925	0.685	-5.1975	
-0.94	-0.99	-4.9725	
-1.0175	-1.985	-5.0625	
-1.0675	-2.3025	-4.245	
-1	-3.4375	-2.865	
-0.815	-3.7475	-2.98	
-0.8275	-4.1	-2.0675	
-0.62	-5.35	-0.12	
-0.6725	-5.77	0.7675	
-0.7525	-7.305	3.3775	
-0.5825	-7.8175	4.14	
-0.8375	-6.9275	2.785	
-0.745	-6.5825	1.9925	
-0.7775	-4.9175	0.0075	
-1.4625	-3.245	-0.8175	
-2.025	-1.895	-0.5975	
-2.6175	0.0575	-1.5	
-3.21	1.9225	-1.9225	
-3.1375	2.47	-2.645	
-2.5425	3.7375	-3.48	
-2.0075	3.615	-3.89	
-1.495	3.7325	-4.6375	
-1.7725	4.8675	-2.9075	
-1.67	4.7925	-2.5425	
-2.1025	6.0375	-1.36	
-2.73	6.6125	1.83	
-1.885	6.7025	1.8225	
-1.9325	6.8575	4.1075	
-1.2775	5.8625	5.3025	
-0.46	5.13	4.5725	
-1.26	4.0225	6.265	
-1.67	2.93	5.365	
-2.285	2.225	5.0975	
-2.885	0.525	5.835	
-2.75	-0.575	3.9825	
-2.825	-2.135	3.5475	
-2.995	-3.2925	3.7475	
-3.1475	-3.6675	2.35	
-3.055	-4.775	2.07	
-3.1175	-4.9525	1.525	
-2.505	-6.25	-0.635	
-2.465	-7.1725	-0.8975	
-2.5	-7.565	-1.43	
-1.8975	-7.63	-2.71	
-2.3425	-6.6	-2.6175	
-2.2025	-5.595	-4.11	
-1.73	-4.43	-5.27	
-1.7425	-4.015	-4.89	
-1.2775	-3.115	-4.43	
-0.6475	-2.605	-4.16	
-1.1625	-2.005	-2.2725	
-1.665	-0.885	-0.485	
-1.7125	0.18	0.27	
-2.4325	1.6275	2.2	
-2.4825	3.0375	2.8975	
-2.425	5.525	3.055	
-2.935	7.31	3.8375	
-2.4475	8.5075	3.6625	
-1.75	9.1	2.155	
-1.1875	7.8175	0.9825	
-0.5925	6.3025	-0.345	
-0.62	5.2875	-2.2675	
-0.725	4.28	-3.025	
-0.79	3.3475	-3.5225	
-0.8275	1.6325	-3.815	
-0.6	-0.8775	-3.4	
-0.4325	-3.47	-3.2225	
***************TEMPLATE***************
Template: 3
ClassLabel: 7
TimeSeriesLength: 46
TemplateThreshold: 323.499
TrainingMu: 79.5871
TrainingSigma: 81.304
AverageTemplateLength: 49
TimeSeries: 
1.39	-1.345	-0.85	
0.73	0.0433333	1.35333	
0.4925	1.3	3.4375	
-0.1225	3.53	5.6075	
-1.1675	6.395	6.1025	
-1.905	7.5225	5.1975	
-2.7475	7.625	2.74	
-3.3875	6.715	0.42	
-3.5875	4.82	-1.01	
-3.525	3.39	-3	
-3.4375	2.385	-4.24	
-2.825	1.25	-5.8375	
-2.6275	-0.0025	-6.665	
-2.045	-1.56	-6.75	
-1.3925	-2.9575	-7.5825	
-1.26	-4.6875	-6.51	
-0.735	-5.545	-6.1725	
-0.7275	-6.525	-4.4725	
-0.8625	-7.06	-3.2925	
-0.985	-7.0775	-0.65	
-1.4025	-6.385	2.485	
-1.465	-5.6425	3.7275	
-1.255	-5.3775	6.0825	
-1.225	-3.6325	6.9675	
-1.4325	-3.6775	9.2975	
-2.05	-0.58	11.215	
-2.6625	2.11	11.5	
-2.6625	2.515	11.0325	
-2.165	3.7	7.875	
-2.02	2.8275	5.155	
-2.0925	2.7125	3.105	
-2.505	2.7225	1.0075	
-2.93	2.9325	-0.265	
-2.46	2.52	-2.6225	
-1.915	2.045	-4.78	
-1.395	2.27	-7.005	
-0.985	2.1175	-9.98	
-0.9675	1.8875	-11.415	
-0.9675	1.4225	-11.2225	
-1.5625	1.2725	-10.42	
-2.0225	1.05	-8.4975	
-2.4	1.1025	-6.455	
-2.835	1.045	-4.7125	
-2.96	1.31	-3.135	
-3.0425	1.145	-0.9525	
-3.2225	0.6475	1.905	
***************TEMPLATE***************
Template: 4
ClassLabel: 2
TimeSeriesLength: 29
TemplateThreshold: 332.871
TrainingMu: 60.5388
TrainingSigma: 90.7773
AverageTemplateLength: 33
TimeSeries: 
0.755	0.875	-2.12	
0.233333	1.09	-1.90333	
0.0525	0.9375	-2.7775	
0.1325	0.765	-5.0725	
-0.6775	1.0775	-5.0825	
-0.7175	0.385	-6.965	
-0.9075	-0.765	-7.2275	
-1.0175	-1.695	-6.3375	
-0.905	-3.5625	-6.98	
-0.7125	-4.7675	-5.31	
-0.7025	-5.6875	-3.535	
-0.8325	-6.39	-0.585	
-0.735	-6.825	2.1325	
-1.33	-7.0425	6.45	
-1.7275	-5.7925	9.5575	
-2.205	-4.84	11.7125	
-3.69	-1.96	14.91	
-3.935	1.385	14.015	
-4.6425	4.0425	13.5925	
-5.3775	7.35	12.2075	
-5.1925	8.7175	8.785	
-5.2475	8.7625	6.2825	
-4.785	8.3825	3.445	
-4.6225	7.245	0.5075	
-4.17	6.4225	-1.88	
-4.615	5.8	-3.82	
-4.6275	5.0475	-6.5125	
-3.3575	3.01	-9.5	
-2	-1.2075	-11.38	
***************TEMPLATE***************
Template: 5
ClassLabel: 8
TimeSeriesLength: 43
TemplateThreshold: 158.272
TrainingMu: 60.9856
TrainingSigma: 32.4287
AverageTemplateLength: 46
TimeSeries: 
-0.625	3.17	3.18	
-0.536667	3.47	2.78333	
-0.47	3.8025	2.01	
-0.62	3.6225	0.26	
-0.6725	3.29	-1.545	
-0.7175	2.635	-3.6425	
-0.74	1.3375	-5.31	
-0.12	0.385	-6.175	
0.5125	-1.0475	-7.175	
0.5825	-1.9975	-7.31	
1.09	-3.0775	-6.9725	
1.125	-4.35	-5.7075	
0.665	-4.3875	-4.2625	
0.645	-5.8925	-2.3175	
0.0275	-5.8875	0.61	
-0.655	-5.0325	3.335	
-1.2725	-4.8425	6.2175	
-1.8925	-2.63	9.5325	
-2.485	-0.4575	11.12	
-3.0125	1.4575	11.86	
-3.2125	3.66	12.0275	
-3.2425	5.065	9.9575	
-3.1975	4.8575	7.145	
-3.13	4.625	4.5025	
-2.4575	3.795	1.1025	
-1.95	2.1625	-1.3225	
-1.2225	1.065	-3.7125	
-0.17	0.0025	-6.72	
1.0775	-1.135	-9.32	
1.7175	-1.3425	-10.71	
2.0975	-1.425	-11.02	
2.17	-1.44	-10.875	
1.065	-1.0075	-9.18	
0.38	-1.265	-8.12	
-0.275	-0.975	-7.72	
-0.96	-0.62	-6.1275	
-1.495	-0.5425	-5.71	
-2.1425	0.14	-4.875	
-2.585	0.2975	-3.09	
-2.3875	-0.0525	-2.365	
-2.6575	-0.3175	-0.0825	
-2.4625	-1.9525	0.745	
-2.61	-1.895	3.7975	
***************TEMPLATE***************
Template: 6
ClassLabel: 9
TimeSeriesLength: 50
TemplateThreshold: 253.619
TrainingMu: 97.6504
TrainingSigma: 51.9895
AverageTemplateLength: 50
TimeSeries: 
1.67	-0.385	-0.25	
0.85	-1.93333	2.79667	
0.065	-0.8925	3.29	
-0.98	0.8775	5.76	
-2.2175	2.6775	6.4225	
-2.145	6.0625	3.0125	
-1.77	6.85	0.42	
-1.175	6.1525	-3.8225	
-0.01	4.61	-6.8575	
0.0675	2.3525	-8.2175	
0.0175	0.8475	-9.025	
-0.125	-0.635	-9.4575	
-0.795	-1.85	-9.4325	
-0.8325	-3.025	-8.7825	
-0.745	-4.385	-8.6025	
-1.27	-5.1575	-6.7225	
-1.6925	-5.8925	-4.86	
-2.9725	-6.26	-1.2675	
-4.1475	-7.0825	2.975	
-4.8275	-7.955	6.28	
-5.5775	-8.3525	10.345	
-5.6175	-8.445	12.4175	
-5.815	-6.2475	13.8475	
-5.6775	-3.0675	14.135	
-5.6075	0.02	12.81	
-5.495	2.8875	10.2675	
-4.74	4.08	6.95	
-4.145	4.34	3.6425	
-3.585	3.91	0.825	
-3.07	3.905	-1.1375	
-2.4675	3.745	-3.1075	
-1.305	3.725	-5.9825	
-0.085	3.975	-8.8475	
1.16	3.7275	-10.88	
1.755	3.8875	-12.2725	
1.64	4.05	-12.58	
1.185	3.7925	-11.36	
0.5875	3.69	-11.055	
-0.0275	3.7325	-10.49	
-1.135	2.2075	-8.0225	
-1.9225	2.02	-7.0925	
-3.1775	1.6825	-5.2875	
-4.4225	-0.075	-1.925	
-4.6225	0.0075	-0.7	
-5.37	-1.53	5.05	
-4.7	-2.4575	8.4975	
-3.9175	-2.245	9.9075	
-3.16	-2.84	12.2625	
-1.81	-1.7875	10.0125	
-1.1375	-1.92	8.145	
***************TEMPLATE***************
Template: 7
ClassLabel: 1
TimeSeriesLength: 30
TemplateThreshold: 466.005
TrainingMu: 97.1072
TrainingSigma: 122.966
AverageTemplateLength: 33
TimeSeries: 
-0.475	2.25	4.43	
-0.703333	3.74333	2.52	
-0.6125	4.275	1.25	
-0.8425	5.0575	-0.555	
-0.89	5.5775	-3.8525	
-0.8325	4.2575	-5.305	
-0.7775	2.4575	-6.32	
-0.5575	-0.3625	-7.065	
-0.595	-3.2525	-6.53	
-0.6225	-4.735	-6.725	
-0.71	-5.8625	-6.6125	
-0.585	-7.615	-4.66	
0.095	-8.175	-2.6525	
0.3375	-9.11	1.4225	
0.9175	-9.815	4.3575	
0.85	-8.9025	5.88	
0.2425	-7.895	7.305	
0.125	-6.625	7.3875	
-0.5625	-4.095	8.425	
-0.795	-0.91	8.59	
-1.49	2.1475	9.3175	
-2.0625	4.9275	9.3625	
-2.775	7	7.57	
-3.2975	8.08	6.555	
-3.205	8.1625	3.485	
-3.4275	7.96	-0.07	
-3.2125	6.1775	-1.7	
-2.7125	4.8225	-3.865	
-2.095	2.88	-5.805	
-0.845	0.305	-6.4125	
***************TEMPLATE***************
Template: 8
ClassLabel: 4
TimeSeriesLength: 58
TemplateThreshold: 134.33
TrainingMu: 61.1792
TrainingSigma: 24.3835
AverageTemplateLength: 59
TimeSeries: 
-0.745	0.25	1.13	
-0.71	1.51	1.44333	
-0.8025	2.4	1.7325	
-1.53	3.485	2.47	
-2.18	4.1	2.0375	
-2.71	4.0975	0.145	
-3.165	3.43	-1.945	
-3.2125	2.5925	-4.1425	
-2.585	0.43	-5.2975	
-2.06	-1.7475	-5.265	
-1.3925	-3.9575	-4.8475	
-0.675	-6.4775	-3.8825	
-0.385	-7.7425	-3.5925	
0.37	-9.855	-2.245	
0.89	-11.7925	-0.185	
0.9875	-11.67	0.2925	
0.725	-10.685	1.2475	
-0.76	-8.1775	1.6375	
-2.05	-4.7325	-0.065	
-2.7	-1.9525	-0.2925	
-3.275	0.53	-0.4175	
-3.0825	2.39	-1.4825	
-2.98	3.9575	-0.9375	
-2.96	5.165	-0.5775	
-3.0525	6.18	-0.3025	
-3.1825	6.7775	1.8675	
-3.1825	6.9075	2.875	
-3.3025	6.455	3.85	
-3.03	5.45	4.165	
-2.4675	3.9775	3.4725	
-2.03	2.145	4.4	
-1.4375	0.3875	4.845	
-0.79	-2.1925	5.7925	
-0.825	-3.65	5.775	
-0.705	-5.135	5.4425	
-0.625	-6.43	4.77	
-0.7425	-6.94	3.265	
-0.575	-7.7325	1.7125	
-0.4525	-8.1975	-1.68	
-0.6125	-9.06	-4.4825	
-0.6625	-9.1525	-5.7775	
-0.7075	-9.0675	-6.5275	
-1.4425	-8.6625	-5.37	
-1.945	-7.1175	-4.7425	
-2.425	-5.33	-4.295	
-3.075	-4.1075	-3.08	
-2.9625	-2.585	-2.64	
-2.9575	-1.2275	-0.32	
-3.135	-0.285	2.195	
-3.09	1.835	3.695	
-3.09	2.335	5.5425	
-3.03	3.2425	6.2225	
-2.9625	4.52	5.3225	
-3.0275	4.3725	5.2275	
-3.0375	5.72	4.095	
-3.03	6.3125	1.8175	
-2.925	5.7775	0.1925	
-2.7775	4.895	-2.2925	
***************TEMPLATE***************
Template: 9
ClassLabel: 5
TimeSeriesLength: 50
TemplateThreshold: 287.516
TrainingMu: 77.6028
TrainingSigma: 69.9709
AverageTemplateLength: 49
TimeSeries: 
-0.83	3.11	0.39	
-0.96	3.74	-0.23	
-1.405	3.8975	-0.7425	
-1.8525	3.96	-2.16	
-2.525	4.1925	-3.085	
-3.0775	2.1725	-3.82	
-2.57	0.8175	-4.0975	
-2.54	-0.74	-3.855	
-1.99	-4.7875	-3.4075	
-1.3725	-5.7625	-2.2475	
-1.385	-8.79	-0.6875	
-0.96	-11.1775	0.76	
-0.815	-10.3775	2.265	
-1.375	-10.4475	2.935	
-2.0775	-8.545	2.5675	
-2.555	-6.2125	1.4225	
-3.2125	-4.175	-0.0875	
-3.1725	-1.6425	-1.5975	
-3.0275	0.2	-2.14	
-2.9725	1.06	-1.9825	
-2.9025	2.1425	-2.63	
-2.86	2.2325	-2.1325	
-2.9525	3.3025	-1.77	
-3.1425	4.84	-1.92	
-3.07	6.33	-0.6275	
-3.0875	7.1375	0.3225	
-2.9725	7.4225	0.76	
-2.87	6.495	2.125	
-3.0725	4.4025	3.775	
-3.005	2.6125	4.0375	
-2.935	-1.27	5.11	
-3.105	-3.2075	6.3975	
-3.095	-5.4	5.95	
-3.2375	-6.875	6.105	
-3.27	-6.9175	5.06	
-2.4125	-7.97	2.8225	
-1.6225	-8.2175	0.4475	
-1.0675	-8.4575	-0.2725	
-0.6125	-8.4475	-1.3775	
-0.855	-7.91	-2.09	
-1.5375	-6.6625	-0.9725	
-2.05	-6.05	-1.5275	
-2.515	-2.89	-1.2325	
-2.9275	-0.2375	-0.4825	
-2.8525	1.9275	-0.8775	
-2.7675	5.39	-1.325	
-3.0125	6.555	-2.205	
-3.1625	7.4625	-3.2325	
-3.34	7.5875	-3.8825	
-3.4625	6.4675	-4.7925	
