GRT_PIPELINE_FILE_V3.0
PipelineMode: CLASSIFICATION_MODE
NumPreprocessingModules: 1
NumFeatureExtractionModules: 0
NumPostprocessingModules: 0
Trained: 1
Info: 
PreProcessingModuleDatatypes:	MovingAverageFilter
FeatureExtractionModuleDatatypes:
ClassificationModuleDatatype:	DTW
PostProcessingModuleDatatypes:
PreProcessingModule_1
GRT_MOVING_AVERAGE_FILTER_FILE_V1.0
NumInputDimensions: 3
NumOutputDimensions: 3
FilterSize: 4
GRT_DTW_Model_File_V2.0
Trained: 1
UseScaling: 0
NumInputDimensions: 3
NumOutputDimensions: 0
NumTrainingIterationsToConverge: 3
MinNumEpochs: 0
MaxNumEpochs: 100
ValidationSetSize: 20
LearningRate: 0.1
MinChange: 1e-05
UseValidationSet: 0
RandomiseTrainingOrder: 1
UseNullRejection: 0
ClassifierMode: 1
NullRejectionCoeff: 3
NumClasses: 9
NullRejectionThresholds:  0 0 0 0 0 0 0 0 0
ClassLabels:  7 9 5 2 6 3 8 4 1
DistanceMethod: 1
UseSmoothing: 0
SmoothingFactor: 5
UseZNormalisation: 0
OffsetUsingFirstSample: 0
ConstrainWarpingPath: 1
Radius: 0.2
RejectionMode: 0
NumberOfTemplates: 9
OverallAverageTemplateLength: 49
***************TEMPLATE***************
Template: 1
ClassLabel: 7
TimeSeriesLength: 51
TemplateThreshold: 352.629
TrainingMu: 81.3238
TrainingSigma: 90.4351
AverageTemplateLength: 49
TimeSeries: 
-0.69	0.74	0.955	
-0.553333	0.536667	0.466667	
-0.465	0.26	0.9	
0.1475	-0.065	1.005	
0.9075	-0.62	1.535	
1.465	-0.5775	2.845	
1.2475	0.605	4.2575	
0.5825	2.38	5.9225	
-0.9775	4.5075	6.845	
-2.1925	6.2875	6.46	
-2.825	6.91	3.6625	
-3.53	6.5625	0.7775	
-3.2675	5.8975	-1.7975	
-3.2175	4.55	-4.1075	
-3.095	2.96	-5.5	
-2.815	1.255	-6.8775	
-2.28	-0.2625	-8.0225	
-1.72	-1.815	-8.1975	
-1.1	-3.1225	-7.0925	
-0.655	-4.0525	-5.05	
-0.505	-4.875	-4.14	
-0.5675	-5.685	-2.665	
-0.6725	-5.6025	-1.8775	
-0.5	-6.065	-1.2925	
-0.7125	-5.975	0.76	
-0.725	-4.8475	1.72	
-0.7125	-5.0425	3.555	
-0.695	-4.285	5.4825	
-0.555	-3.145	6.5475	
-0.535	-2.585	8.49	
-0.965	-0.4375	9.655	
-1.1925	1.7575	9.6475	
-1.8825	2.4875	9.9525	
-2.375	3.9025	8.89	
-2.6075	4.405	6.8575	
-2.9875	3.775	4.885	
-3.0725	3.5975	2.1625	
-2.705	3.07	-1.495	
-1.8975	2.24	-4.1875	
-1.2975	2.25	-6.8375	
-0.745	2.315	-8.895	
-0.73	1.7725	-9.1775	
-0.8725	1.3475	-9.545	
-0.935	1.2525	-9.6975	
-1.295	0.9475	-8.8325	
-1.7925	0.865	-7.91	
-2.33	1.2025	-7.1575	
-2.98	0.975	-5.6225	
-3.275	0.7475	-4.1	
-3.3725	0.755	-2.775	
-3.385	0.62	-0.2025	
***************TEMPLATE***************
Template: 2
ClassLabel: 9
TimeSeriesLength: 52
TemplateThreshold: 283.521
TrainingMu: 111.625
TrainingSigma: 57.2987
AverageTemplateLength: 51
TimeSeries: 
-1.045	2.345	1.27	
-1.61333	3.03	3.3	
-1.51	4.5225	2.78	
-1.4	6.02	0.08	
-1.3425	7.095	-1.97	
-0.9575	6.77	-5.8375	
-0.7775	4.6725	-9.17	
-0.815	2.39	-9.9675	
-1.3475	0.2525	-9.955	
-1.335	-1.1925	-10.64	
-1.2425	-2.4725	-10.97	
-1.8575	-4.295	-10.2775	
-2.04	-5.4875	-10.0775	
-3.0625	-6.6475	-7.3825	
-4.4475	-6.6925	-4.4025	
-5.125	-7.8025	-0.28	
-5.7275	-9.12	2.8925	
-5.95	-8.2625	6.3175	
-5.9825	-8.8825	10.655	
-5.37	-7.385	12.94	
-5.165	-4.6875	15.31	
-4.3825	-3.9825	14.45	
-3.88	-1.98	13.0525	
-4.2925	0.2825	10	
-3.8825	1.8275	6.7525	
-4.075	3.6	4.6125	
-3.845	4.4275	1.6375	
-3.415	5.2175	-0.6275	
-3.2375	4.77	-2.215	
-2.4125	4.395	-3.57	
-1.9475	4.64	-4.74	
-0.595	3.9575	-5.84	
0.5725	4.165	-8.2075	
1.655	3.8675	-10.7325	
2.425	4.01	-12.0775	
2.345	4.2525	-12.7575	
2.3675	4.4275	-12.34	
1.265	4.7925	-11.4675	
0.6675	4.425	-11.375	
-0.565	4.3775	-9.2375	
-1.895	3.6675	-7.42	
-3.2875	2.355	-4.74	
-4.7425	1.1375	-1.0025	
-5.435	0.2725	0.4	
-6.0175	-0.6525	4.1325	
-5.4	-1.255	4.605	
-4.6075	-1.96	5.6975	
-3.84	-3.395	8.4525	
-2.6575	-4.0825	8.11	
-1.9675	-5.0375	10.195	
-1.3825	-5.2275	9.485	
-0.765	-4.025	6.73	
***************TEMPLATE***************
Template: 3
ClassLabel: 5
TimeSeriesLength: 46
TemplateThreshold: 203.881
TrainingMu: 80.5278
TrainingSigma: 41.1179
AverageTemplateLength: 46
TimeSeries: 
-0.49	1.345	-0.29	
-0.57	1.20667	-0.633333	
-1.14	1.1575	-0.365	
-1.7675	1.8925	-0.8425	
-1.8	2.5325	-2.9475	
-2.295	2.475	-3.7125	
-2.5425	1.695	-4.125	
-2.095	-0.4775	-4.255	
-1.4975	-4.965	-2.78	
-0.385	-9.025	-1.755	
0.5575	-11.075	-1.5175	
0.6375	-12.1	0.225	
-0.3625	-11.125	0.91	
-1.4475	-7.435	1.0375	
-2.15	-4.8925	0.535	
-2.8075	-3.405	-0.38	
-2.9075	-0.0125	-1.695	
-3.175	1.325	-2.7075	
-3.32	3.175	-2.645	
-3.3125	6.09	-2.88	
-3.38	7.5975	-1.8575	
-3.795	8.9025	-0.2425	
-3.805	8.69	1.36	
-3.825	7.78	2.3725	
-3.89	5.055	4.3425	
-3.3275	1.9425	5.43	
-3.295	-2.36	6.0875	
-3.3175	-5.0275	7.1075	
-3.125	-8.245	7.0075	
-2.3625	-10.615	5.925	
-1.7	-10.72	3.9775	
-0.9275	-10.5	2.11	
-0.2825	-8.75	-0.0375	
-0.9525	-6.8625	-0.4525	
-1.415	-3.985	0.03	
-2.2975	-1.9925	-0.1375	
-2.9075	0.7375	-0.21	
-2.9025	3.71	-0.8475	
-3.0625	5.19	-1.8425	
-3.05	5.8	-1.985	
-3.295	6.28	-2.1675	
-3.3	5.3575	-2.825	
-3.1625	4.1	-3.1775	
-2.95	2.965	-3.3625	
-2.285	1.0675	-3.8475	
-1.615	-1.335	-3.9775	
***************TEMPLATE***************
Template: 4
ClassLabel: 2
TimeSeriesLength: 32
TemplateThreshold: 67.7713
TrainingMu: 47.757
TrainingSigma: 6.67141
AverageTemplateLength: 34
TimeSeries: 
-0.79	4.295	-4.005	
-0.936667	3.10333	-4.44333	
-0.845	2.7075	-5.6925	
-0.9675	0.035	-6.215	
-0.3275	-2.8075	-6.5125	
-0.1325	-5.7875	-6.1025	
-0.0125	-7.6325	-4.6925	
-0.5525	-8.08	-2.28	
-1.4575	-8.22	0.4275	
-2.12	-7.6325	3.7625	
-2.9825	-6.745	7.305	
-3.0975	-5.675	9.565	
-3.4025	-3.205	11.375	
-3.395	-0.3175	11.5525	
-3.33	1.805	11.86	
-3.365	4.5675	11.5825	
-3.3625	5.0225	9.42	
-3.3975	5.405	7.7625	
-4.0625	5.7225	6.4575	
-4.0225	6.1925	3.8325	
-3.85	6.5325	2.955	
-4.3675	7.21	1.94	
-3.8	7.07	-0.9675	
-3.8975	5.7075	-2.735	
-4.14	5.0375	-5.1375	
-3.57	3.68	-7.9075	
-2.9325	1.6425	-10.1425	
-2.2675	0.07	-12.0825	
-0.8275	-3.035	-12.0175	
0.5075	-6.475	-9.7025	
1.345	-9.425	-5.4425	
1.5475	-10.43	-1.2675	
***************TEMPLATE***************
Template: 5
ClassLabel: 6
TimeSeriesLength: 79
TemplateThreshold: 275.684
TrainingMu: 99.1313
TrainingSigma: 58.851
AverageTemplateLength: 71
TimeSeries: 
-0.595	-0.47	0.92	
-0.63	0.363333	0.613333	
-0.4975	0.68	0.7	
-0.585	1.855	1.105	
-0.66	4.05	0.1625	
-0.8	4.905	-0.4675	
-1.4275	5.2325	-1.38	
-1.3225	4.015	-2.9275	
-1.0175	1.5975	-4.005	
-0.9175	-0.3425	-3.725	
-0.3275	-2.16	-4.195	
-0.46	-2.275	-4.29	
-0.5125	-2.27	-3.6925	
-0.4325	-3.0125	-3.265	
-0.5225	-2.6075	-2.7275	
-0.6475	-3.7725	-1.495	
-0.8475	-4.7675	-0.13	
-0.76	-4.2475	-0.55	
-0.6375	-5.14	-0.89	
-0.415	-5.555	0.2625	
-0.39	-5.175	-0.19	
-0.4275	-5.5575	1.7225	
-0.6975	-5.4375	4.025	
-0.8825	-3.755	3.2075	
-0.8875	-3.07	2.9375	
-1.095	-2.19	1.2725	
-0.915	-0.8125	-0.825	
-0.9675	-0.6425	-1.46	
-1.38	0.275	-2.085	
-1.22	1.1975	-3.38	
-1.3775	2.435	-3.3	
-1.315	3.55	-2.9475	
-0.73	4.525	-3.1125	
-0.715	5.8425	-1.3625	
-0.585	5.5875	-1.4025	
-0.5575	5.725	-1.225	
-0.775	5.865	0.1075	
-0.825	5.0325	0.28	
-0.79	5.2075	0.9925	
-0.835	4.295	3.0725	
-0.65	3.4	3.145	
-0.5075	2.595	3.91	
-0.695	1.13	4.875	
-0.7475	0.9025	3.4175	
-1.56	-0.2275	5.3225	
-1.775	-0.895	4.67	
-2.15	-1.13	4.455	
-2.7	-2.6125	5.165	
-2.4425	-3.025	2.28	
-2.4625	-3.545	0.875	
-2.54	-4.9275	0.525	
-2.2275	-5.6775	-1.345	
-2.2625	-7.015	-1.0325	
-2.76	-7.435	-0.6225	
-2.275	-6.84	-2.095	
-2.425	-6.7225	-2.1175	
-2.4725	-5.445	-2.7175	
-1.8625	-5.2325	-3.9	
-2.3175	-4.0425	-3.365	
-1.9125	-2.76	-3.2025	
-1.2175	-2.4025	-3.685	
-1.3175	-1.5625	-2.3975	
-0.7775	-1.5275	-1.4075	
-0.79	-0.6325	-0.9225	
-0.825	0.48	1.27	
-0.665	1.17	2.875	
-0.735	3.145	2.865	
-0.46	3.2225	4.2675	
-0.5175	4.1575	4.6225	
-0.6925	5.58	2.9575	
-0.455	5.0275	3.105	
-0.58	6.1325	2.605	
-0.55	6.195	-0.01	
-0.3175	5.0325	0.1025	
-0.5575	4.2375	-0.39	
-0.6775	3.545	-2.9175	
-0.775	1.53	-1.8525	
-0.8825	0.2425	-1.7175	
-0.63	-1.23	-3.535	
***************TEMPLATE***************
Template: 6
ClassLabel: 3
TimeSeriesLength: 46
TemplateThreshold: 241.234
TrainingMu: 71.9004
TrainingSigma: 56.4444
AverageTemplateLength: 50
TimeSeries: 
-0.76	0.735	1.415	
-0.903333	1.23333	1.63333	
-0.9775	1.32	1.275	
-0.935	2.1425	0.675	
-1.0075	3.11	0.015	
-0.9225	2.9225	-1.3325	
-0.635	2.6075	-2.7775	
-0.59	1.3025	-3.5725	
-0.44	0.635	-3.62	
-0.4325	0.1725	-3.78	
-0.6625	0.39	-3.605	
-0.585	0.3825	-3.135	
-0.5925	-0.7125	-2.8125	
-0.63	-1.375	-2.565	
-0.605	-2.4325	-1.93	
-0.69	-3.335	-0.845	
-0.7025	-3.71	-0.84	
-0.4775	-3.8225	-0.265	
-0.3875	-4.4375	0.525	
-0.45	-3.8825	-0.0625	
-0.3675	-3.8775	0.4425	
-0.6175	-4.275	1.5475	
-0.7025	-3.7175	1.4875	
-0.7925	-4.1575	3.065	
-0.9875	-3.7625	4.1875	
-0.9075	-2.625	4.7975	
-1.3775	-1.38	6.99	
-1.33	0.675	6.4075	
-1.2675	1.845	5.7925	
-1.24	2.9325	4.8425	
-0.665	3.4425	2.235	
-0.5	2.615	1.9875	
-0.5225	2.9075	1.4225	
-0.6075	2.9625	0.345	
-0.75	2.875	0.855	
-0.6825	3.785	-0.2	
-0.5275	4.1	-1.1725	
-0.5775	3.72	-1.1975	
-0.515	3.565	-2.11	
-0.625	2.9775	-2.8525	
-0.6275	1.61	-3.325	
-0.455	0.935	-3.6075	
-0.39	-0.52	-3.3025	
0.3475	-2.45	-3.3725	
0.275	-3.725	-2.4375	
0.0925	-4.535	-1.2775	
***************TEMPLATE***************
Template: 7
ClassLabel: 8
TimeSeriesLength: 48
TemplateThreshold: 128.613
TrainingMu: 74.5265
TrainingSigma: 18.0288
AverageTemplateLength: 44
TimeSeries: 
0.605	1.295	5.79	
0.123333	2.24	4.85	
-0.11	2.625	4.9775	
-0.6525	3.9775	3.9925	
-0.835	5.255	0.7175	
-0.815	4.87	-1.605	
-0.7225	4.1325	-4.79	
-0.215	2.7075	-6.7725	
0.66	0.9575	-7.66	
1.075	-0.435	-7.5125	
1.755	-1.5625	-6.9725	
1.85	-2.73	-6.3475	
1.1525	-3.5825	-4.8975	
1.42	-3.9875	-4.625	
0.76	-4.855	-3.5225	
0.1375	-6.0475	-0.7075	
0.67	-6.695	0.2575	
-0.5525	-7.235	3.815	
-1.35	-6.03	7.185	
-2.075	-4.4525	8.2725	
-3.4475	-2.065	11.3975	
-4.085	0.8125	12.335	
-4.1275	2.9475	11.2575	
-4.0725	4.8225	10.445	
-4.0625	5.0625	7.69	
-3.3825	4.685	4.8025	
-3.1625	3.77	2.0925	
-2.55	2.845	-0.905	
-1.2775	1.7825	-3.74	
-0.235	0.42	-6.845	
0.9725	-0.5675	-8.6625	
1.6675	-1.3625	-9.2475	
1.9125	-1.5825	-9.515	
2.5425	-1.2575	-9.5825	
2.4725	-1.4025	-8.97	
2.4	-1.2975	-8.4075	
1.6075	-1.065	-7.6875	
0.335	-0.77	-6.4525	
-0.2675	-0.0425	-5.8425	
-0.9025	0.1625	-5.92	
-1	0.365	-5.19	
-0.9925	-0.21	-3.83	
-1.6675	-0.3925	-2.525	
-1.61	0.14	-0.0925	
-1.505	-1.245	2.0625	
-1.3675	-0.3325	3.825	
-0.535	-0.1825	5.275	
-1.15	-1.6175	7.0175	
***************TEMPLATE***************
Template: 8
ClassLabel: 4
TimeSeriesLength: 54
TemplateThreshold: 96.3764
TrainingMu: 56.7156
TrainingSigma: 13.2203
AverageTemplateLength: 59
TimeSeries: 
-0.77	1.755	1.88	
-0.783333	2.91333	1.27333	
-0.81	3.0675	0.36	
-0.8725	3.1575	-0.135	
-1.1875	2.85	-1.825	
-1.1075	1.3075	-2.58	
-0.8975	-0.195	-3.2625	
-0.92	-1.4275	-4.27	
0.0525	-3.7575	-4.525	
0.495	-6.2425	-4.0725	
0.8625	-8.8375	-2.135	
1.13	-10.9875	-0.75	
0.43	-11.1175	0.39	
-0.595	-9.655	0.885	
-1.7925	-6.92	0.41	
-2.605	-4.2275	0.4675	
-3.3325	-1.5225	0.1525	
-3.57	0.81	-0.58	
-3.425	2.7575	-0.8575	
-3.345	4.7225	-1.2	
-3.065	6.3575	-0.73	
-2.9	6.96	0.5975	
-2.8725	7.1175	1.11	
-2.8375	6.7325	2.5975	
-2.475	5.895	2.945	
-1.8325	4.5925	3.5975	
-1.3375	3.1175	4.7825	
-0.75	1.165	4.7225	
-0.6475	-0.7375	5.7975	
-0.62	-2.28	5.9275	
-0.0725	-3.8775	6.13	
0.4325	-5.565	6.5525	
0.55	-6.465	4.8675	
0.615	-7.2825	2.9575	
-0.015	-7.86	-0.4125	
-0.535	-7.28	-3.375	
-0.7025	-7.775	-4.385	
-1.3225	-7.2075	-5.815	
-1.37	-6.6425	-5.8975	
-1.4225	-5.9325	-6.1125	
-1.4025	-4.66	-4.68	
-1.2225	-3.685	-2.4625	
-1.1	-2.435	-0.4175	
-1.08	-1.2875	2.625	
-1.0075	0.4225	3.98	
-1.2025	2.0575	4.735	
-1.98	4.235	6.1	
-2.56	6.725	5.2075	
-3.25	7.635	3.81	
-3.43	7.995	2.97	
-3.4025	7.625	-0.66	
-3.3525	5.1675	-2.66	
-2.715	2.01	-4.26	
-1.5375	-1.145	-5.8975	
***************TEMPLATE***************
Template: 9
ClassLabel: 1
TimeSeriesLength: 45
TemplateThreshold: 0
TrainingMu: 0
TrainingSigma: 0
AverageTemplateLength: 40
TimeSeries: 
0.945	1.575	-0.295	
0.373333	1.97667	0.213333	
0.265	2.6475	0.4775	
-0.3925	3.7225	0.975	
-0.605	4.1975	0.395	
-1.1625	3.9625	-0.1075	
-1.8075	3.455	-1.6125	
-1.9775	1.56	-2.84	
-2.0425	0.01	-3.62	
-1.5575	-0.8575	-4.6775	
-0.9425	-2.5075	-4.59	
-0.915	-2.91	-4.54	
-0.8925	-3.6725	-4.2625	
-0.635	-4.285	-3.7475	
-0.8575	-4.5325	-3.215	
-0.7925	-4.8875	-2.36	
-0.66	-5.46	-1.3625	
-0.73	-5.7375	0.1525	
-0.67	-5.6125	1.07	
-0.7075	-5.3	1.94	
-0.6725	-4.8025	2.64	
-0.765	-4.7825	3.0125	
-0.62	-4.2875	3.18	
-0.615	-4.4675	4.1075	
-0.6825	-3.345	4.55	
-0.7525	-2.215	4.685	
-0.865	-1.7025	6.2175	
-0.8575	-0.135	5.675	
-0.8425	0.495	5.68	
-0.6075	1.345	5.66	
-0.6525	2.2275	4.8325	
-1.0975	3.3775	4.7075	
-1.2125	4.9125	3.225	
-1.51	5.265	2.155	
-1.9425	6.325	0.3425	
-1.5075	5.82	-1.2175	
-1.475	4.565	-1.565	
-1.2825	3.885	-2.6875	
-0.655	2.2125	-3.335	
-0.475	1.165	-3.505	
-0.2325	0.39	-4.1025	
-0.1775	0.07	-4.18	
-0.285	-0.4675	-3.39	
-0.215	-1.23	-2.9325	
-0.4025	-1.975	-2.5475	
