GRT_PIPELINE_FILE_V3.0
PipelineMode: CLASSIFICATION_MODE
NumPreprocessingModules: 1
NumFeatureExtractionModules: 0
NumPostprocessingModules: 0
Trained: 1
Info: 
PreProcessingModuleDatatypes:	MovingAverageFilter
FeatureExtractionModuleDatatypes:
ClassificationModuleDatatype:	DTW
PostProcessingModuleDatatypes:
PreProcessingModule_1
GRT_MOVING_AVERAGE_FILTER_FILE_V1.0
NumInputDimensions: 3
NumOutputDimensions: 3
FilterSize: 4
GRT_DTW_Model_File_V2.0
Trained: 1
UseScaling: 0
NumInputDimensions: 3
NumOutputDimensions: 0
NumTrainingIterationsToConverge: 3
MinNumEpochs: 0
MaxNumEpochs: 100
ValidationSetSize: 20
LearningRate: 0.1
MinChange: 1e-05
UseValidationSet: 0
RandomiseTrainingOrder: 1
UseNullRejection: 0
ClassifierMode: 1
NullRejectionCoeff: 3
NumClasses: 9
NullRejectionThresholds:  0 0 0 0 0 0 0 0 0
ClassLabels:  6 1 8 2 4 3 9 7 5
DistanceMethod: 1
UseSmoothing: 0
SmoothingFactor: 5
UseZNormalisation: 0
OffsetUsingFirstSample: 0
ConstrainWarpingPath: 1
Radius: 0.2
RejectionMode: 0
NumberOfTemplates: 9
OverallAverageTemplateLength: 49
***************TEMPLATE***************
Template: 1
ClassLabel: 6
TimeSeriesLength: 75
TemplateThreshold: 179.052
TrainingMu: 83.2738
TrainingSigma: 31.9262
AverageTemplateLength: 71
TimeSeries: 
-0.46	0.355	0.215	
-0.556667	0.793333	0.323333	
-0.4975	0.7525	1.0675	
-0.5175	3.2925	0.6725	
-0.79	5.095	0.4525	
-0.855	5.65	-0.6225	
-0.8925	5.7725	-2.615	
-0.9275	2.88	-4.3075	
-0.925	0.685	-5.1975	
-0.94	-0.99	-4.9725	
-1.0175	-1.985	-5.0625	
-1.0675	-2.3025	-4.245	
-1	-3.4375	-2.865	
-0.815	-3.7475	-2.98	
-0.8275	-4.1	-2.0675	
-0.62	-5.35	-0.12	
-0.6725	-5.77	0.7675	
-0.7525	-7.305	3.3775	
-0.5825	-7.8175	4.14	
-0.8375	-6.9275	2.785	
-0.745	-6.5825	1.9925	
-0.7775	-4.9175	0.0075	
-1.4625	-3.245	-0.8175	
-2.025	-1.895	-0.5975	
-2.6175	0.0575	-1.5	
-3.21	1.9225	-1.9225	
-3.1375	2.47	-2.645	
-2.5425	3.7375	-3.48	
-2.0075	3.615	-3.89	
-1.495	3.7325	-4.6375	
-1.7725	4.8675	-2.9075	
-1.67	4.7925	-2.5425	
-2.1025	6.0375	-1.36	
-2.73	6.6125	1.83	
-1.885	6.7025	1.8225	
-1.9325	6.8575	4.1075	
-1.2775	5.8625	5.3025	
-0.46	5.13	4.5725	
-1.26	4.0225	6.265	
-1.67	2.93	5.365	
-2.285	2.225	5.0975	
-2.885	0.525	5.835	
-2.75	-0.575	3.9825	
-2.825	-2.135	3.5475	
-2.995	-3.2925	3.7475	
-3.1475	-3.6675	2.35	
-3.055	-4.775	2.07	
-3.1175	-4.9525	1.525	
-2.505	-6.25	-0.635	
-2.465	-7.1725	-0.8975	
-2.5	-7.565	-1.43	
-1.8975	-7.63	-2.71	
-2.3425	-6.6	-2.6175	
-2.2025	-5.595	-4.11	
-1.73	-4.43	-5.27	
-1.7425	-4.015	-4.89	
-1.2775	-3.115	-4.43	
-0.6475	-2.605	-4.16	
-1.1625	-2.005	-2.2725	
-1.665	-0.885	-0.485	
-1.7125	0.18	0.27	
-2.4325	1.6275	2.2	
-2.4825	3.0375	2.8975	
-2.425	5.525	3.055	
-2.935	7.31	3.8375	
-2.4475	8.5075	3.6625	
-1.75	9.1	2.155	
-1.1875	7.8175	0.9825	
-0.5925	6.3025	-0.345	
-0.62	5.2875	-2.2675	
-0.725	4.28	-3.025	
-0.79	3.3475	-3.5225	
-0.8275	1.6325	-3.815	
-0.6	-0.8775	-3.4	
-0.4325	-3.47	-3.2225	
***************TEMPLATE***************
Template: 2
ClassLabel: 1
TimeSeriesLength: 29
TemplateThreshold: 316.128
TrainingMu: 73.0218
TrainingSigma: 81.0355
AverageTemplateLength: 32
TimeSeries: 
-0.265	4.515	4.325	
-0.27	4.39	3.25	
-0.3825	4.665	1.99	
-1.04	4.4975	0.23	
-1.7475	4.45	-2.89	
-1.9125	2.855	-5.31	
-1.86	0.185	-7.0525	
-1.1775	-1.9525	-8.1825	
-0.455	-4.85	-8.485	
-0.4575	-6.1	-7.41	
-0.3575	-6.625	-5.8725	
-0.455	-7.8475	-3.76	
-0.5	-8.455	-0.7475	
-0.355	-8.7575	2.7375	
0.045	-8.8425	5.4325	
-0.0775	-7.8375	7.7925	
-0.2	-6.2375	8.965	
-0.1925	-4.075	7.86	
-0.8525	-1.7575	8.0425	
-0.735	1.345	7.67	
-1.3575	4.805	7.8225	
-2.0825	6.95	7.98	
-2.1	8.9325	5.3975	
-2.67	8.5775	3.605	
-2.035	6.915	0.5125	
-1.36	5.47	-2.56	
-1.3525	3.76	-3.1825	
-1.2775	3.0175	-4.215	
-1.1625	2.095	-5.185	
***************TEMPLATE***************
Template: 3
ClassLabel: 8
TimeSeriesLength: 43
TemplateThreshold: 96.5011
TrainingMu: 53.7007
TrainingSigma: 14.2668
AverageTemplateLength: 46
TimeSeries: 
-0.625	3.17	3.18	
-0.536667	3.47	2.78333	
-0.47	3.8025	2.01	
-0.62	3.6225	0.26	
-0.6725	3.29	-1.545	
-0.7175	2.635	-3.6425	
-0.74	1.3375	-5.31	
-0.12	0.385	-6.175	
0.5125	-1.0475	-7.175	
0.5825	-1.9975	-7.31	
1.09	-3.0775	-6.9725	
1.125	-4.35	-5.7075	
0.665	-4.3875	-4.2625	
0.645	-5.8925	-2.3175	
0.0275	-5.8875	0.61	
-0.655	-5.0325	3.335	
-1.2725	-4.8425	6.2175	
-1.8925	-2.63	9.5325	
-2.485	-0.4575	11.12	
-3.0125	1.4575	11.86	
-3.2125	3.66	12.0275	
-3.2425	5.065	9.9575	
-3.1975	4.8575	7.145	
-3.13	4.625	4.5025	
-2.4575	3.795	1.1025	
-1.95	2.1625	-1.3225	
-1.2225	1.065	-3.7125	
-0.17	0.0025	-6.72	
1.0775	-1.135	-9.32	
1.7175	-1.3425	-10.71	
2.0975	-1.425	-11.02	
2.17	-1.44	-10.875	
1.065	-1.0075	-9.18	
0.38	-1.265	-8.12	
-0.275	-0.975	-7.72	
-0.96	-0.62	-6.1275	
-1.495	-0.5425	-5.71	
-2.1425	0.14	-4.875	
-2.585	0.2975	-3.09	
-2.3875	-0.0525	-2.365	
-2.6575	-0.3175	-0.0825	
-2.4625	-1.9525	0.745	
-2.61	-1.895	3.7975	
***************TEMPLATE***************
Template: 4
ClassLabel: 2
TimeSeriesLength: 38
TemplateThreshold: 80.1319
TrainingMu: 50.3537
TrainingSigma: 9.92607
AverageTemplateLength: 35
TimeSeries: 
-0.635	1.155	-0.795	
-0.596667	0.93	-1.49667	
-0.0325	0.5175	-2.66	
0.52	0.4125	-4.4625	
0.525	0.4675	-5.745	
0.5725	0.095	-6.925	
-0.0625	0.3825	-6.7275	
-1.055	-0.2375	-6.64	
-1.72	-2.355	-5.185	
-1.765	-3.405	-4.05	
-2.2525	-5.16	-3.09	
-2.3525	-7.645	-0.8375	
-2.4	-6.92	0.2	
-2.95	-6.5575	2.2825	
-3.1225	-6.4	5.185	
-3.235	-3.695	6.9025	
-3.115	-3.385	8.2725	
-3.2925	-2.6525	10.56	
-3.1475	-0.845	10.9	
-2.94	0.77	10.4775	
-3.575	2.81	11.2475	
-3.46	4.4275	8.6925	
-3.4525	5.585	6.705	
-4.1975	5.305	5.96	
-3.7675	5.6675	3.3475	
-3.9675	5.47	1.645	
-3.915	5.0825	-0.1525	
-3.425	4.3375	-2.86	
-3.345	3.1925	-5.28	
-2.565	2.2125	-7.16	
-2.05	0.495	-9.0325	
-0.75	-1.73	-9.1575	
0.6125	-4.0375	-8.4475	
1.375	-6.095	-7.1525	
1.53	-5.8575	-5.24	
1.1275	-4.795	-4.095	
0.465	-4.3325	-2.1875	
-0.1625	-2.91	-1.095	
***************TEMPLATE***************
Template: 5
ClassLabel: 4
TimeSeriesLength: 58
TemplateThreshold: 128.623
TrainingMu: 57.2846
TrainingSigma: 23.7795
AverageTemplateLength: 59
TimeSeries: 
-0.745	0.25	1.13	
-0.71	1.51	1.44333	
-0.8025	2.4	1.7325	
-1.53	3.485	2.47	
-2.18	4.1	2.0375	
-2.71	4.0975	0.145	
-3.165	3.43	-1.945	
-3.2125	2.5925	-4.1425	
-2.585	0.43	-5.2975	
-2.06	-1.7475	-5.265	
-1.3925	-3.9575	-4.8475	
-0.675	-6.4775	-3.8825	
-0.385	-7.7425	-3.5925	
0.37	-9.855	-2.245	
0.89	-11.7925	-0.185	
0.9875	-11.67	0.2925	
0.725	-10.685	1.2475	
-0.76	-8.1775	1.6375	
-2.05	-4.7325	-0.065	
-2.7	-1.9525	-0.2925	
-3.275	0.53	-0.4175	
-3.0825	2.39	-1.4825	
-2.98	3.9575	-0.9375	
-2.96	5.165	-0.5775	
-3.0525	6.18	-0.3025	
-3.1825	6.7775	1.8675	
-3.1825	6.9075	2.875	
-3.3025	6.455	3.85	
-3.03	5.45	4.165	
-2.4675	3.9775	3.4725	
-2.03	2.145	4.4	
-1.4375	0.3875	4.845	
-0.79	-2.1925	5.7925	
-0.825	-3.65	5.775	
-0.705	-5.135	5.4425	
-0.625	-6.43	4.77	
-0.7425	-6.94	3.265	
-0.575	-7.7325	1.7125	
-0.4525	-8.1975	-1.68	
-0.6125	-9.06	-4.4825	
-0.6625	-9.1525	-5.7775	
-0.7075	-9.0675	-6.5275	
-1.4425	-8.6625	-5.37	
-1.945	-7.1175	-4.7425	
-2.425	-5.33	-4.295	
-3.075	-4.1075	-3.08	
-2.9625	-2.585	-2.64	
-2.9575	-1.2275	-0.32	
-3.135	-0.285	2.195	
-3.09	1.835	3.695	
-3.09	2.335	5.5425	
-3.03	3.2425	6.2225	
-2.9625	4.52	5.3225	
-3.0275	4.3725	5.2275	
-3.0375	5.72	4.095	
-3.03	6.3125	1.8175	
-2.925	5.7775	0.1925	
-2.7775	4.895	-2.2925	
***************TEMPLATE***************
Template: 6
ClassLabel: 3
TimeSeriesLength: 53
TemplateThreshold: 371.869
TrainingMu: 87.6929
TrainingSigma: 94.7254
AverageTemplateLength: 52
TimeSeries: 
0.565	-0.99	1	
1.17333	-0.76	-0.146667	
0.665	-1.16	0.9075	
1.1825	-0.7975	0.1775	
1.475	0.135	-0.5225	
0.56	0.8475	1.2875	
1.12	1.82	0.2775	
0.9975	2.8275	0.2625	
0.165	2.71	0.9925	
0.8225	2.2975	-1.2575	
0.38	2.28	-2.2975	
-0.15	1.165	-2.9775	
0.4025	-0.04	-4.72	
0.0175	0.1525	-5.0925	
-0.0375	-0.7425	-4.3225	
-0.0875	-1.3475	-4.5525	
-0.505	-0.9125	-3.64	
-0.5375	-2.02	-3.065	
-0.665	-2.75	-4.135	
-1.075	-3.4175	-3.26	
-1.1325	-4.33	-2.9575	
-1.2875	-4.8175	-2.06	
-1.695	-5.0475	0.005	
-1.8	-4.2425	0.945	
-2.4125	-4.0125	1.72	
-2.46	-3.875	2.88	
-2.0225	-3.28	3.0075	
-1.445	-4.3275	3.1025	
-1.465	-4.49	4.565	
-1.2625	-4.625	3.8725	
-1.45	-4.6225	3.67	
-2.035	-3.4575	4.5425	
-1.5125	-2.675	3.82	
-1.4425	-1.53	4.0825	
-1.21	-0.4125	4.7975	
-0.5875	0.5725	4.405	
-0.5075	1.5275	4.37	
-0.6	2.06	4.5975	
-0.665	2.7575	4.195	
-0.68	3.1825	3.6525	
-0.8025	3.0925	3.635	
-1.5025	3.525	3.42	
-1.9125	3.93	2.3025	
-2.01	3.835	1.2425	
-1.8075	3.6825	-0.74	
-1.1925	3.335	-3.05	
-0.695	2.62	-4.2975	
-0.095	1.68	-5.665	
0.51	1.485	-6.065	
1.095	0.975	-5.8	
1.805	-0.2225	-5.72	
1.83	-0.805	-4.98	
1.6725	-2.21	-4.195	
***************TEMPLATE***************
Template: 7
ClassLabel: 9
TimeSeriesLength: 47
TemplateThreshold: 338.908
TrainingMu: 95.3718
TrainingSigma: 81.1787
AverageTemplateLength: 48
TimeSeries: 
0.495	0.635	4.775	
0.283333	2.21667	3.87333	
0.1575	3.71	3.685	
-0.3625	5.8475	2.6975	
-0.185	7.6825	-0.6825	
-0.2125	8.095	-2.835	
-0.445	6.375	-6.185	
-0.555	4.925	-9.5	
-0.8075	2.01	-10.825	
-0.825	-0.4525	-11.8775	
-0.7675	-1.9275	-11.77	
-0.765	-4.4375	-9.9925	
-0.74	-5.71	-8.335	
-1.31	-6.8875	-7.12	
-2.47	-7.5075	-4.025	
-3.8025	-8.01	-1.0425	
-5.055	-8.115	2.595	
-5.9325	-9.3475	7.72	
-5.9	-10.7525	10.755	
-5.9125	-9.1375	13.625	
-5.7425	-7.425	15.315	
-4.995	-3.55	14.36	
-4.365	1.03	11.885	
-3.54	2.9975	8.9475	
-3.0825	5.15	6.135	
-1.8925	5.7575	1.5575	
-1.2525	5.105	-0.7125	
-0.62	4.9425	-2.5225	
0.845	3.6575	-5.9925	
0.96	3.0225	-6.97	
2.2125	2.45	-8.9675	
3.3875	1.8075	-11.94	
3.2825	2.09	-12.89	
3.105	2.1725	-12.3825	
2.395	2.4775	-11.975	
1.15	2.9375	-11.77	
-0.015	2.7275	-9.5925	
-1.0425	2.81	-8.6225	
-2.9325	2.285	-5.91	
-4.38	1.8375	-0.8725	
-5.145	0.8725	1.5025	
-5.835	-0.25	3.6975	
-5.7575	-1.35	7.19	
-4.885	-2.0225	8.4975	
-3.6725	-2.76	10.2875	
-2.3475	-3.705	11.535	
-1.25	-3.0225	9.915	
***************TEMPLATE***************
Template: 8
ClassLabel: 7
TimeSeriesLength: 43
TemplateThreshold: 281.151
TrainingMu: 67.9408
TrainingSigma: 71.0702
AverageTemplateLength: 49
TimeSeries: 
-0.42	-0.13	1.7	
-0.393333	0.0633333	1.75	
0.0575	0.5225	2.3075	
0.0275	0.9925	3.85	
0.08	2.6175	4.6725	
-0.3275	4.0025	5.28	
-0.9475	4.9825	4.7875	
-1.0975	5.78	2.775	
-1.7725	5.605	0.805	
-2.125	5.33	-1.07	
-2.535	4.7375	-2.8075	
-3.125	4.2525	-4.5525	
-3.2775	2.92	-6.07	
-2.7075	0.935	-7.2275	
-2.6925	-1.2275	-7.71	
-1.905	-3.2125	-7.545	
-1.2725	-4.85	-6.4625	
-1.09	-5.355	-5.51	
-0.445	-5.5925	-4.64	
-0.42	-6.855	-1.7975	
-0.4425	-7.02	-0.6875	
-0.5175	-7.1325	1.995	
-0.54	-6.8	4.4025	
-0.6075	-5.1375	5.6975	
-0.53	-3.4525	7.8075	
-0.6425	-1.7875	9.2075	
-1.37	0.4825	10.805	
-1.4875	2.165	10.7475	
-2.0875	3.335	10.28	
-2.5625	4.12	8.015	
-2.6425	3.78	5.4725	
-3.12	3.3225	3.0675	
-3.0775	2.9625	0.4425	
-2.585	2.1225	-1.9075	
-1.85	1.4475	-4.655	
-1.3675	0.915	-7.45	
-0.965	0.795	-9.82	
-1.0225	0.7	-11.75	
-1.085	1.0025	-12.5325	
-1.525	1.54	-11.8425	
-1.955	1.075	-9.3525	
-2.33	1.05	-6.6625	
-2.8425	1.21	-4.63	
***************TEMPLATE***************
Template: 9
ClassLabel: 5
TimeSeriesLength: 46
TemplateThreshold: 288.154
TrainingMu: 76.4903
TrainingSigma: 70.5547
AverageTemplateLength: 49
TimeSeries: 
-0.49	1.345	-0.29	
-0.57	1.20667	-0.633333	
-1.14	1.1575	-0.365	
-1.7675	1.8925	-0.8425	
-1.8	2.5325	-2.9475	
-2.295	2.475	-3.7125	
-2.5425	1.695	-4.125	
-2.095	-0.4775	-4.255	
-1.4975	-4.965	-2.78	
-0.385	-9.025	-1.755	
0.5575	-11.075	-1.5175	
0.6375	-12.1	0.225	
-0.3625	-11.125	0.91	
-1.4475	-7.435	1.0375	
-2.15	-4.8925	0.535	
-2.8075	-3.405	-0.38	
-2.9075	-0.0125	-1.695	
-3.175	1.325	-2.7075	
-3.32	3.175	-2.645	
-3.3125	6.09	-2.88	
-3.38	7.5975	-1.8575	
-3.795	8.9025	-0.2425	
-3.805	8.69	1.36	
-3.825	7.78	2.3725	
-3.89	5.055	4.3425	
-3.3275	1.9425	5.43	
-3.295	-2.36	6.0875	
-3.3175	-5.0275	7.1075	
-3.125	-8.245	7.0075	
-2.3625	-10.615	5.925	
-1.7	-10.72	3.9775	
-0.9275	-10.5	2.11	
-0.2825	-8.75	-0.0375	
-0.9525	-6.8625	-0.4525	
-1.415	-3.985	0.03	
-2.2975	-1.9925	-0.1375	
-2.9075	0.7375	-0.21	
-2.9025	3.71	-0.8475	
-3.0625	5.19	-1.8425	
-3.05	5.8	-1.985	
-3.295	6.28	-2.1675	
-3.3	5.3575	-2.825	
-3.1625	4.1	-3.1775	
-2.95	2.965	-3.3625	
-2.285	1.0675	-3.8475	
-1.615	-1.335	-3.9775	
