GRT_PIPELINE_FILE_V3.0
PipelineMode: CLASSIFICATION_MODE
NumPreprocessingModules: 1
NumFeatureExtractionModules: 0
NumPostprocessingModules: 0
Trained: 1
Info: 
PreProcessingModuleDatatypes:	MovingAverageFilter
FeatureExtractionModuleDatatypes:
ClassificationModuleDatatype:	DTW
PostProcessingModuleDatatypes:
PreProcessingModule_1
GRT_MOVING_AVERAGE_FILTER_FILE_V1.0
NumInputDimensions: 3
NumOutputDimensions: 3
FilterSize: 4
GRT_DTW_Model_File_V2.0
Trained: 1
UseScaling: 0
NumInputDimensions: 3
NumOutputDimensions: 0
NumTrainingIterationsToConverge: 3
MinNumEpochs: 0
MaxNumEpochs: 100
ValidationSetSize: 20
LearningRate: 0.1
MinChange: 1e-05
UseValidationSet: 0
RandomiseTrainingOrder: 1
UseNullRejection: 0
ClassifierMode: 1
NullRejectionCoeff: 3
NumClasses: 9
NullRejectionThresholds:  0 0 0 0 0 0 0 0 0
ClassLabels:  2 8 3 1 6 5 7 9 4
DistanceMethod: 1
UseSmoothing: 0
SmoothingFactor: 5
UseZNormalisation: 0
OffsetUsingFirstSample: 0
ConstrainWarpingPath: 1
Radius: 0.2
RejectionMode: 0
NumberOfTemplates: 9
OverallAverageTemplateLength: 44
***************TEMPLATE***************
Template: 1
ClassLabel: 2
TimeSeriesLength: 29
TemplateThreshold: 57.6887
TrainingMu: 38.0124
TrainingSigma: 6.55877
AverageTemplateLength: 32
TimeSeries: 
0.755	0.875	-2.12	
0.233333	1.09	-1.90333	
0.0525	0.9375	-2.7775	
0.1325	0.765	-5.0725	
-0.6775	1.0775	-5.0825	
-0.7175	0.385	-6.965	
-0.9075	-0.765	-7.2275	
-1.0175	-1.695	-6.3375	
-0.905	-3.5625	-6.98	
-0.7125	-4.7675	-5.31	
-0.7025	-5.6875	-3.535	
-0.8325	-6.39	-0.585	
-0.735	-6.825	2.1325	
-1.33	-7.0425	6.45	
-1.7275	-5.7925	9.5575	
-2.205	-4.84	11.7125	
-3.69	-1.96	14.91	
-3.935	1.385	14.015	
-4.6425	4.0425	13.5925	
-5.3775	7.35	12.2075	
-5.1925	8.7175	8.785	
-5.2475	8.7625	6.2825	
-4.785	8.3825	3.445	
-4.6225	7.245	0.5075	
-4.17	6.4225	-1.88	
-4.615	5.8	-3.82	
-4.6275	5.0475	-6.5125	
-3.3575	3.01	-9.5	
-2	-1.2075	-11.38	
***************TEMPLATE***************
Template: 2
ClassLabel: 8
TimeSeriesLength: 43
TemplateThreshold: 207.462
TrainingMu: 73.6104
TrainingSigma: 44.6172
AverageTemplateLength: 50
TimeSeries: 
-0.625	3.17	3.18	
-0.536667	3.47	2.78333	
-0.47	3.8025	2.01	
-0.62	3.6225	0.26	
-0.6725	3.29	-1.545	
-0.7175	2.635	-3.6425	
-0.74	1.3375	-5.31	
-0.12	0.385	-6.175	
0.5125	-1.0475	-7.175	
0.5825	-1.9975	-7.31	
1.09	-3.0775	-6.9725	
1.125	-4.35	-5.7075	
0.665	-4.3875	-4.2625	
0.645	-5.8925	-2.3175	
0.0275	-5.8875	0.61	
-0.655	-5.0325	3.335	
-1.2725	-4.8425	6.2175	
-1.8925	-2.63	9.5325	
-2.485	-0.4575	11.12	
-3.0125	1.4575	11.86	
-3.2125	3.66	12.0275	
-3.2425	5.065	9.9575	
-3.1975	4.8575	7.145	
-3.13	4.625	4.5025	
-2.4575	3.795	1.1025	
-1.95	2.1625	-1.3225	
-1.2225	1.065	-3.7125	
-0.17	0.0025	-6.72	
1.0775	-1.135	-9.32	
1.7175	-1.3425	-10.71	
2.0975	-1.425	-11.02	
2.17	-1.44	-10.875	
1.065	-1.0075	-9.18	
0.38	-1.265	-8.12	
-0.275	-0.975	-7.72	
-0.96	-0.62	-6.1275	
-1.495	-0.5425	-5.71	
-2.1425	0.14	-4.875	
-2.585	0.2975	-3.09	
-2.3875	-0.0525	-2.365	
-2.6575	-0.3175	-0.0825	
-2.4625	-1.9525	0.745	
-2.61	-1.895	3.7975	
***************TEMPLATE***************
Template: 3
ClassLabel: 3
TimeSeriesLength: 61
TemplateThreshold: 272.412
TrainingMu: 77.8543
TrainingSigma: 64.8525
AverageTemplateLength: 54
TimeSeries: 
0.56	0.545	0.045	
0.0133333	0.433333	1.06	
-0.115	0.315	1.2925	
0.6875	0.415	0.17	
0.595	-0.0025	0.53	
0.795	-0.1175	0.145	
1.38	-0.005	-0.6525	
1.1025	-0.0675	0.2025	
0.65	0.5675	0.7325	
1.085	1.645	0.3975	
0.4575	2.405	0.945	
0.05	3.3875	0.715	
-0.0125	4.5425	0.13	
-0.5075	4.465	-1.0075	
0.04	4.32	-2.665	
0.0725	2.9	-3.6775	
0.0975	0.7975	-4.6225	
0.18	-0.455	-4.7975	
-0.36	-1.615	-4.6425	
-0.4325	-2.2625	-4.35	
-0.405	-2.52	-3.675	
-0.43	-3.3075	-3.17	
-0.485	-3.7725	-3.145	
-0.62	-3.5225	-2.5775	
-0.64	-4.2025	-2.9075	
-1.305	-4.065	-1.665	
-1.82	-4.53	0.3475	
-1.585	-4.2775	0.7125	
-2.2825	-3.5275	3.6875	
-1.685	-3.84	4.6475	
-0.9875	-3.105	4.885	
-1.2525	-3.4275	6.42	
-0.775	-3.6875	5.155	
-0.7225	-2.815	4.465	
-0.87	-3.13	4.9275	
-0.7225	-2.0125	4.3925	
-0.6125	-0.6	4.57	
-1.3025	-5.55112e-17	5.6475	
-1.19	1.7925	4.7875	
-1.22	2.12	4.6525	
-1.29	2.1675	4.745	
-0.71	3.1975	3.4725	
-1.31	2.925	3.4825	
-1.84	2.845	3.16	
-1.88	3.3125	1.3775	
-1.9825	2.935	0.495	
-1.575	3.4025	-0.395	
-0.99	3.96	-2.3225	
-0.9225	3.55	-2.985	
-0.7425	3.325	-3.9825	
-0.0225	2.755	-5.5425	
0.615	2.0475	-5.9625	
1.2125	1.4975	-5.825	
1.8525	1.185	-5.8575	
1.365	0.39	-4.6125	
1.22	-0.595	-3.6225	
1.4325	-1.055	-3.3475	
0.8975	-2.2025	-1.24	
1.3375	-3.29	-0.7125	
1.3725	-3.605	-0.3025	
1.195	-4.145	0.4425	
***************TEMPLATE***************
Template: 4
ClassLabel: 1
TimeSeriesLength: 24
TemplateThreshold: 262.144
TrainingMu: 116.458
TrainingSigma: 48.5621
AverageTemplateLength: 36
TimeSeries: 
-2.045	8.625	4.39	
-2.33	8.83333	2.50667	
-2.82	7.9875	0.3825	
-3.435	6.7925	-3.1	
-3.2125	3.68	-6.2575	
-3.2175	-0.0325	-8.6475	
-2.455	-3.34	-9.545	
-1.93	-6.56	-9.225	
-1.4025	-8.6175	-8.32	
-0.785	-10.3275	-6.3625	
-0.53	-12.235	-3.0375	
-0.4325	-13.3825	-0.74	
-0.46	-13.81	2.1875	
-1.1725	-12.5575	5.9725	
-1.8425	-10.125	8.455	
-2.4775	-6.2175	10.825	
-3.115	-2.69	14.31	
-3.875	1.3825	15.4025	
-4.675	6.98	13.4075	
-5.4325	11.2725	11.4925	
-6.1075	14.3	7.49	
-5.9325	14.5925	2.7225	
-5.905	12.12	-0.5925	
-5.715	8.9025	-2.7475	
***************TEMPLATE***************
Template: 5
ClassLabel: 6
TimeSeriesLength: 75
TemplateThreshold: 197.986
TrainingMu: 90.9518
TrainingSigma: 35.6782
AverageTemplateLength: 69
TimeSeries: 
-0.46	0.355	0.215	
-0.556667	0.793333	0.323333	
-0.4975	0.7525	1.0675	
-0.5175	3.2925	0.6725	
-0.79	5.095	0.4525	
-0.855	5.65	-0.6225	
-0.8925	5.7725	-2.615	
-0.9275	2.88	-4.3075	
-0.925	0.685	-5.1975	
-0.94	-0.99	-4.9725	
-1.0175	-1.985	-5.0625	
-1.0675	-2.3025	-4.245	
-1	-3.4375	-2.865	
-0.815	-3.7475	-2.98	
-0.8275	-4.1	-2.0675	
-0.62	-5.35	-0.12	
-0.6725	-5.77	0.7675	
-0.7525	-7.305	3.3775	
-0.5825	-7.8175	4.14	
-0.8375	-6.9275	2.785	
-0.745	-6.5825	1.9925	
-0.7775	-4.9175	0.0075	
-1.4625	-3.245	-0.8175	
-2.025	-1.895	-0.5975	
-2.6175	0.0575	-1.5	
-3.21	1.9225	-1.9225	
-3.1375	2.47	-2.645	
-2.5425	3.7375	-3.48	
-2.0075	3.615	-3.89	
-1.495	3.7325	-4.6375	
-1.7725	4.8675	-2.9075	
-1.67	4.7925	-2.5425	
-2.1025	6.0375	-1.36	
-2.73	6.6125	1.83	
-1.885	6.7025	1.8225	
-1.9325	6.8575	4.1075	
-1.2775	5.8625	5.3025	
-0.46	5.13	4.5725	
-1.26	4.0225	6.265	
-1.67	2.93	5.365	
-2.285	2.225	5.0975	
-2.885	0.525	5.835	
-2.75	-0.575	3.9825	
-2.825	-2.135	3.5475	
-2.995	-3.2925	3.7475	
-3.1475	-3.6675	2.35	
-3.055	-4.775	2.07	
-3.1175	-4.9525	1.525	
-2.505	-6.25	-0.635	
-2.465	-7.1725	-0.8975	
-2.5	-7.565	-1.43	
-1.8975	-7.63	-2.71	
-2.3425	-6.6	-2.6175	
-2.2025	-5.595	-4.11	
-1.73	-4.43	-5.27	
-1.7425	-4.015	-4.89	
-1.2775	-3.115	-4.43	
-0.6475	-2.605	-4.16	
-1.1625	-2.005	-2.2725	
-1.665	-0.885	-0.485	
-1.7125	0.18	0.27	
-2.4325	1.6275	2.2	
-2.4825	3.0375	2.8975	
-2.425	5.525	3.055	
-2.935	7.31	3.8375	
-2.4475	8.5075	3.6625	
-1.75	9.1	2.155	
-1.1875	7.8175	0.9825	
-0.5925	6.3025	-0.345	
-0.62	5.2875	-2.2675	
-0.725	4.28	-3.025	
-0.79	3.3475	-3.5225	
-0.8275	1.6325	-3.815	
-0.6	-0.8775	-3.4	
-0.4325	-3.47	-3.2225	
***************TEMPLATE***************
Template: 6
ClassLabel: 5
TimeSeriesLength: 45
TemplateThreshold: 94.0665
TrainingMu: 52.6294
TrainingSigma: 13.8124
AverageTemplateLength: 49
TimeSeries: 
-0.64	1.995	-0.335	
-0.826667	2.21	-0.0166667	
-1.2925	2.1775	-0.2475	
-1.2975	2.1425	-1.335	
-2.0025	2.215	-0.945	
-2.4475	2.2325	-2.0625	
-2.6675	1.5275	-2.385	
-3.1275	1.19	-2.34	
-2.6	-1.345	-2.84	
-1.94	-3.93	-2.49	
-0.665	-5.6575	-2.675	
-0.175	-9.0975	-2.06	
-0.0875	-8.9275	-0.5775	
-0.14	-8.56	-0.0775	
-1.2625	-8.1775	1.5275	
-1.9325	-5.72	2.2925	
-2.5975	-4.7975	1.265	
-3.1675	-2.9225	1.4325	
-3.165	-1.525	1.06	
-3	0.4975	-0.5175	
-2.925	3.0325	-0.68	
-3.01	4.38	-0.63	
-2.9425	6.375	-1.535	
-2.945	7.3525	-0.83	
-3.085	6.7675	0.445	
-2.9425	6.245	0.3775	
-2.93	4.74	1.1175	
-3.165	1.9825	2.62	
-3.0275	0.0075	2.8525	
-3.165	-2.1925	4.1425	
-3.2075	-4.0075	6.1725	
-2.47	-5.5575	5.7375	
-1.9625	-6.7925	5.4225	
-1.32	-8.0675	4.72	
-0.92	-8.9225	2.48	
-0.93	-8.0575	0.9425	
-0.765	-7.365	-0.1675	
-1.2975	-5.8225	-1.02	
-1.725	-3.74	-1.6025	
-2.2325	-2.4475	-1.375	
-3.0725	-0.495	-1.025	
-3.2275	1.645	-0.9075	
-3.3775	3.9275	-1.305	
-3.505	6.3275	-2.61	
-3.3875	7.2575	-4.0425	
***************TEMPLATE***************
Template: 7
ClassLabel: 7
TimeSeriesLength: 47
TemplateThreshold: 409.953
TrainingMu: 102.203
TrainingSigma: 102.583
AverageTemplateLength: 47
TimeSeries: 
-0.295	0.195	0.735	
0.256667	0.49	1.38	
0.16	1.4075	3.445	
-0.5775	3.86	5.515	
-1.3575	6.4875	4.9475	
-2.5375	7.465	3.9525	
-3.325	7.5625	1.155	
-3.32	6.2475	-2.475	
-3.4375	4.1775	-4.23	
-3.5475	3.085	-5.9725	
-3.5625	1.78	-7.69	
-3.35	-0.95	-8.6425	
-2.7325	-3.575	-8.7675	
-2.5025	-5.3	-7.61	
-1.9225	-7.56	-6.2775	
-1.515	-8.2425	-4.1275	
-1.525	-8.9125	-1.4925	
-1.12	-9.4375	0.38	
-1.685	-8.565	3.725	
-1.62	-7.6225	5.5925	
-1.51	-5.5475	7.7275	
-1.51	-4.3425	9.5725	
-0.705	-3.7	9.7825	
-1.1925	-1.7725	10.5325	
-1.785	0.12	9.9175	
-2.3875	2.7475	9.1875	
-3.295	5.195	7.9225	
-3.3825	6.5275	5.365	
-3.335	5.465	3.8125	
-3.0875	4.2975	1.8025	
-2.3325	3.115	-0.8975	
-1.6725	1.175	-1.4175	
-1.1975	0.67	-2.0175	
-0.7075	0.7375	-5.4125	
-0.7175	1.1325	-8.2425	
-0.8375	1.445	-10.555	
-0.62	1.7975	-12.46	
-0.69	1.3775	-11.8775	
-1.1825	0.7125	-10.2425	
-1.72	0.8825	-8.4825	
-2.615	0.285	-6.98	
-3.02	0.0725	-5.09	
-3.235	-0.1225	-2.355	
-3.2175	-1.1725	0.5	
-2.5325	-0.1325	2.87	
-1.9325	-0.305	7.165	
-1.085	-0.65	10.135	
***************TEMPLATE***************
Template: 8
ClassLabel: 9
TimeSeriesLength: 50
TemplateThreshold: 0
TrainingMu: 0
TrainingSigma: 0
AverageTemplateLength: 0
TimeSeries: 
1.67	-0.385	-0.25	
0.85	-1.93333	2.79667	
0.065	-0.8925	3.29	
-0.98	0.8775	5.76	
-2.2175	2.6775	6.4225	
-2.145	6.0625	3.0125	
-1.77	6.85	0.42	
-1.175	6.1525	-3.8225	
-0.01	4.61	-6.8575	
0.0675	2.3525	-8.2175	
0.0175	0.8475	-9.025	
-0.125	-0.635	-9.4575	
-0.795	-1.85	-9.4325	
-0.8325	-3.025	-8.7825	
-0.745	-4.385	-8.6025	
-1.27	-5.1575	-6.7225	
-1.6925	-5.8925	-4.86	
-2.9725	-6.26	-1.2675	
-4.1475	-7.0825	2.975	
-4.8275	-7.955	6.28	
-5.5775	-8.3525	10.345	
-5.6175	-8.445	12.4175	
-5.815	-6.2475	13.8475	
-5.6775	-3.0675	14.135	
-5.6075	0.02	12.81	
-5.495	2.8875	10.2675	
-4.74	4.08	6.95	
-4.145	4.34	3.6425	
-3.585	3.91	0.825	
-3.07	3.905	-1.1375	
-2.4675	3.745	-3.1075	
-1.305	3.725	-5.9825	
-0.085	3.975	-8.8475	
1.16	3.7275	-10.88	
1.755	3.8875	-12.2725	
1.64	4.05	-12.58	
1.185	3.7925	-11.36	
0.5875	3.69	-11.055	
-0.0275	3.7325	-10.49	
-1.135	2.2075	-8.0225	
-1.9225	2.02	-7.0925	
-3.1775	1.6825	-5.2875	
-4.4225	-0.075	-1.925	
-4.6225	0.0075	-0.7	
-5.37	-1.53	5.05	
-4.7	-2.4575	8.4975	
-3.9175	-2.245	9.9075	
-3.16	-2.84	12.2625	
-1.81	-1.7875	10.0125	
-1.1375	-1.92	8.145	
***************TEMPLATE***************
Template: 9
ClassLabel: 4
TimeSeriesLength: 58
TemplateThreshold: 92.1098
TrainingMu: 58.675
TrainingSigma: 11.1449
AverageTemplateLength: 60
TimeSeries: 
0.535	-0.435	0.73	
0.0933333	0.55	0.81	
-0.215	1.62	1.5125	
-0.8275	3.0625	1.225	
-1.8375	4.125	0.82	
-1.9025	4.415	-0.5	
-1.92	3.81	-2.24	
-1.315	2.195	-3.64	
-0.7475	0.3375	-4.22	
-0.745	-2.165	-4.2175	
-0.51	-4.945	-4.3525	
-0.015	-6.5375	-4.1525	
0.46	-7.8175	-3.655	
1.16	-8.845	-2.035	
1.1375	-9.1075	0.4525	
0.6275	-9.635	3.075	
0.155	-9.84	4.7425	
-1.07	-8.4	4.855	
-1.93	-6.41	2.7725	
-2.6675	-3.69	0.64	
-3.475	0.1375	-1.0475	
-3.63	3.13	-2.4425	
-3.6025	6.155	-2.105	
-3.4075	8.4525	-2.035	
-3.3575	8.8225	-1.19	
-3.2625	9.1025	0.305	
-3.0925	7.965	1.4825	
-2.6725	6.4525	2.94	
-1.995	5.075	4.4425	
-1.3775	2.5275	5.075	
-0.92	0.23	5.75	
-0.995	-2.0825	6.3125	
-1.0775	-4.105	6.065	
-1.045	-5.5525	5.495	
-0.9375	-6.86	4.3825	
-0.7125	-8.215	2.91	
-0.6975	-8.8275	0.86	
-0.53	-9.315	-0.325	
-0.35	-9.175	-2.1775	
-0.3725	-8.225	-4.08	
-0.2825	-7.6775	-5.1975	
-0.4525	-6.465	-5.74	
-0.6475	-5.245	-5.3525	
-0.7325	-3.98	-4.0525	
-0.7075	-2.725	-2.33	
-0.5275	-1.985	-0.455	
-0.4375	-1.2575	1.365	
-0.4025	-0.2175	2.965	
-0.5275	1.78	3.84	
-1.2275	3.7375	3.715	
-2.02	6.4625	3.4075	
-2.58	7.82	2.05	
-3.025	8.0375	0.8675	
-2.5625	7.815	-0.905	
-1.9575	5.9475	-2.165	
-1.9075	3.59	-2.0225	
-1.9025	1.3825	-2.32	
-1.6625	-1.0625	-2.54	
