GRT_PIPELINE_FILE_V3.0
PipelineMode: CLASSIFICATION_MODE
NumPreprocessingModules: 1
NumFeatureExtractionModules: 0
NumPostprocessingModules: 0
Trained: 1
Info: 
PreProcessingModuleDatatypes:	MovingAverageFilter
FeatureExtractionModuleDatatypes:
ClassificationModuleDatatype:	DTW
PostProcessingModuleDatatypes:
PreProcessingModule_1
GRT_MOVING_AVERAGE_FILTER_FILE_V1.0
NumInputDimensions: 3
NumOutputDimensions: 3
FilterSize: 8
GRT_DTW_Model_File_V2.0
Trained: 1
UseScaling: 0
NumInputDimensions: 3
NumOutputDimensions: 0
NumTrainingIterationsToConverge: 3
MinNumEpochs: 0
MaxNumEpochs: 100
ValidationSetSize: 20
LearningRate: 0.1
MinChange: 1e-05
UseValidationSet: 0
RandomiseTrainingOrder: 1
UseNullRejection: 0
ClassifierMode: 1
NullRejectionCoeff: 3
NumClasses: 9
NullRejectionThresholds:  0 0 0 0 0 0 0 0 0
ClassLabels:  3 6 4 1 5 2 7 9 8
DistanceMethod: 1
UseSmoothing: 0
SmoothingFactor: 5
UseZNormalisation: 0
OffsetUsingFirstSample: 0
ConstrainWarpingPath: 1
Radius: 0.2
RejectionMode: 0
NumberOfTemplates: 9
OverallAverageTemplateLength: 49
***************TEMPLATE***************
Template: 1
ClassLabel: 3
TimeSeriesLength: 53
TemplateThreshold: 135.553
TrainingMu: 45.2874
TrainingSigma: 30.0884
AverageTemplateLength: 51
TimeSeries: 
0.565	-0.99	1	
1.17333	-0.76	-0.146667	
0.665	-1.16	0.9075	
0.902	-0.864	0.528	
1.17167	-0.24	-0.015	
0.822857	0.158571	0.672857	
0.8925	0.33	0.5925	
1.09	1.015	0.22	
0.82	1.4225	0.235	
0.69125	1.5725	0.015	
0.75	2.05	-1.01	
0.42375	1.99625	-1.3575	
0.28375	1.335	-1.86375	
0.42	1.225	-3.175	
0.17125	0.76875	-3.31	
-0.11875	-0.09125	-3.765	
-0.05125	-0.47625	-4.18	
-0.26	-0.93375	-4.07875	
-0.35125	-1.74625	-4.22875	
-0.58125	-2.3825	-3.90625	
-0.81875	-2.62125	-3.29875	
-0.9125	-3.41875	-2.5625	
-1.18	-3.89875	-2.065	
-1.4375	-3.83	-1.1575	
-1.7725	-4.17125	-0.61875	
-1.87375	-4.34625	0.41	
-1.85875	-4.16375	1.50625	
-1.6225	-4.285	2.02375	
-1.93875	-4.25125	3.1425	
-1.86125	-4.25	3.37625	
-1.73625	-3.95125	3.33875	
-1.74	-3.8925	3.8225	
-1.48875	-3.5825	4.1925	
-1.3525	-3.0775	3.9775	
-1.33	-2.5175	4.23375	
-1.31125	-1.4425	4.47375	
-1.01	-0.57375	4.095	
-1.02125	0.265	4.34	
-0.9375	1.1725	4.49625	
-0.63375	1.8775	4.02875	
-0.655	2.31	4.0025	
-1.05125	2.7925	4.00875	
-1.28875	3.34375	3.24875	
-1.345	3.50875	2.4475	
-1.305	3.3875	1.4475	
-1.3475	3.43	0.185	
-1.30375	3.275	-0.9975	
-1.0525	2.7575	-2.21125	
-0.64875	2.58375	-3.4025	
-0.04875	2.155	-4.425	
0.555	1.19875	-5.00875	
0.8675	0.4375	-5.3225	
1.09125	-0.3625	-5.13	
***************TEMPLATE***************
Template: 2
ClassLabel: 6
TimeSeriesLength: 75
TemplateThreshold: 131.446
TrainingMu: 60.929
TrainingSigma: 23.5058
AverageTemplateLength: 70
TimeSeries: 
-0.46	0.355	0.215	
-0.556667	0.793333	0.323333	
-0.4975	0.7525	1.0675	
-0.57	2.522	0.858	
-0.68	3.515	0.373333	
-0.727143	3.56857	-0.217143	
-0.695	3.2625	-0.77375	
-0.7225	3.08625	-1.8175	
-0.8575	2.89	-2.3725	
-0.8975	2.33	-2.7975	
-0.955	1.89375	-3.83875	
-0.9975	0.28875	-4.27625	
-0.9625	-1.37625	-4.03125	
-0.8775	-2.36875	-3.97625	
-0.9225	-3.0425	-3.565	
-0.84375	-3.82625	-2.1825	
-0.83625	-4.60375	-1.04875	
-0.78375	-5.52625	0.19875	
-0.705	-5.95875	1.03625	
-0.72875	-6.13875	1.3325	
-0.70875	-6.17625	1.38	
-0.765	-6.11125	1.6925	
-1.0225	-5.53125	1.66125	
-1.43125	-4.41125	1.09375	
-1.68125	-3.2625	0.24625	
-1.99375	-1.4975	-0.9575	
-2.3	-0.3875	-1.73125	
-2.28375	0.92125	-2.03875	
-2.3125	1.83625	-2.695	
-2.3525	2.8275	-3.28	
-2.455	3.66875	-2.77625	
-2.10625	4.265	-3.01125	
-2.055	4.82625	-2.625	
-2.1125	5.1725	-1.40375	
-1.82875	5.785	-0.5425	
-1.80125	5.825	0.7825	
-1.69	5.95	1.97125	
-1.595	5.87125	3.20125	
-1.5725	5.3625	4.04375	
-1.80125	4.89375	4.73625	
-1.78125	4.04375	5.2	
-1.6725	2.8275	5.20375	
-2.005	1.72375	5.12375	
-2.2475	0.3975	4.45625	
-2.64	-0.53375	4.4225	
-3.01625	-1.57125	4.0925	
-2.9025	-2.675	3.02625	
-2.97125	-3.54375	2.53625	
-2.75	-4.77125	1.55625	
-2.80625	-5.42	0.72625	
-2.7775	-6.17	0.32	
-2.5075	-6.29125	-0.5925	
-2.42375	-6.425	-1.62625	
-2.33375	-6.38375	-2.50375	
-2.115	-5.9975	-3.35	
-1.82	-5.8225	-3.8	
-1.81	-4.8575	-3.52375	
-1.425	-4.1	-4.135	
-1.44625	-3.2175	-3.77125	
-1.70375	-2.45	-2.6875	
-1.495	-1.4675	-2.08	
-1.54	-0.48875	-0.98	
-1.8225	0.51625	0.3125	
-2.045	2.32	1.285	
-2.32375	3.745	2.05375	
-2.44	5.0675	2.93125	
-2.11625	6.06875	2.52625	
-1.80625	6.67125	2.01875	
-1.76375	6.80625	1.74625	
-1.53375	6.8975	0.6975	
-1.2375	6.69	-0.435	
-0.98875	5.5825	-1.27	
-0.71	3.9675	-2.08	
-0.61	2.205	-2.83375	
-0.57875	0.405	-3.12375	
***************TEMPLATE***************
Template: 3
ClassLabel: 4
TimeSeriesLength: 58
TemplateThreshold: 102.43
TrainingMu: 43.2961
TrainingSigma: 19.7112
AverageTemplateLength: 59
TimeSeries: 
-0.745	0.25	1.13	
-0.71	1.51	1.44333	
-0.8025	2.4	1.7325	
-1.302	2.628	2.012	
-1.70167	2.81667	1.735	
-1.85286	2.98857	0.701429	
-1.98375	2.915	-0.10625	
-2.37125	3.03875	-0.83625	
-2.3825	2.265	-1.63	
-2.385	1.175	-2.56	
-2.27875	-0.26375	-3.39625	
-1.94375	-1.9425	-4.0125	
-1.485	-3.65625	-4.445	
-0.845	-5.80125	-3.755	
-0.25125	-7.875	-2.51625	
0.15625	-9.07375	-1.795	
0.17	-9.21375	-1.1725	
-0.195	-9.01625	-0.30375	
-0.58	-8.2625	-0.125	
-0.85625	-6.81125	8.32667e-17	
-1.275	-5.0775	0.415	
-1.92125	-2.89375	0.0775	
-2.515	-0.3875	-0.50125	
-2.83	1.60625	-0.435	
-3.16375	3.355	-0.36	
-3.1325	4.58375	0.1925	
-3.08125	5.4325	0.96875	
-3.13125	5.81	1.63625	
-3.04125	5.815	1.93125	
-2.825	5.3775	2.67	
-2.60625	4.52625	3.6375	
-2.37	3.42125	4.3475	
-1.91	1.62875	4.97875	
-1.64625	0.16375	4.62375	
-1.3675	-1.495	4.92125	
-1.03125	-3.02125	4.8075	
-0.76625	-4.56625	4.52875	
-0.7	-5.69125	3.74375	
-0.57875	-6.66625	1.88125	
-0.61875	-7.745	0.14375	
-0.7025	-8.04625	-1.25625	
-0.64125	-8.4	-2.4075	
-0.9475	-8.43	-3.525	
-1.27875	-8.08875	-4.6125	
-1.54375	-7.24125	-5.03625	
-1.89125	-6.5875	-4.80375	
-2.2025	-5.62375	-4.005	
-2.45125	-4.1725	-2.53125	
-2.78	-2.8075	-1.05	
-3.0825	-1.13625	0.3075	
-3.02625	-0.125	1.45125	
-2.99375	1.0075	2.95125	
-3.04875	2.1175	3.75875	
-3.05875	3.10375	4.46125	
-3.06375	4.0275	4.81875	
-3.03	4.7775	4.02	
-2.94375	5.14875	2.7575	
-2.9025	4.63375	1.4675	
***************TEMPLATE***************
Template: 4
ClassLabel: 1
TimeSeriesLength: 30
TemplateThreshold: 567.269
TrainingMu: 100.871
TrainingSigma: 155.466
AverageTemplateLength: 33
TimeSeries: 
-0.475	2.25	4.43	
-0.703333	3.74333	2.52	
-0.6125	4.275	1.25	
-0.726	4.526	0.224	
-0.751667	4.46833	-1.09167	
-0.777143	4.03714	-1.95143	
-0.695	3.36625	-2.535	
-0.7	2.3475	-3.81	
-0.7425	1.1625	-5.19125	
-0.7275	-0.23875	-6.015	
-0.74375	-1.7025	-6.46625	
-0.57125	-3.98875	-5.8625	
-0.25	-5.71375	-4.59125	
-0.1425	-6.9225	-2.65125	
0.10375	-7.83875	-1.1275	
0.1325	-8.25875	0.61	
0.16875	-8.035	2.32625	
0.23125	-7.8675	4.405	
0.1775	-6.955	6.39125	
0.0275	-4.90625	7.235	
-0.62375	-2.87375	8.31125	
-0.96875	-0.84875	8.375	
-1.66875	1.4525	7.9975	
-2.04625	3.585	7.5725	
-2.3475	5.155	6.40125	
-2.745	6.44375	4.64625	
-2.99375	6.58875	2.935	
-3.005	6.45125	1.345	
-2.65	5.52125	-1.16	
-2.13625	4.1325	-3.24125	
***************TEMPLATE***************
Template: 5
ClassLabel: 5
TimeSeriesLength: 50
TemplateThreshold: 277.149
TrainingMu: 67.8375
TrainingSigma: 69.7704
AverageTemplateLength: 49
TimeSeries: 
-1.755	1.965	0.955	
-1.46667	3.35667	-0.123333	
-1.1375	3.1925	-1.4275	
-1.4	2.87	-1.788	
-1.725	2.575	-1.77667	
-1.88	1.94714	-2.31143	
-1.99	1.33375	-2.58625	
-1.79375	0.45375	-3.62375	
-1.78625	-0.87375	-3.86125	
-1.77375	-2.47625	-3.75625	
-1.855	-4.16625	-2.82625	
-1.57	-5.2225	-1.86375	
-1.24	-6.6475	-1.1475	
-1.25625	-7.085	0.05	
-1.3325	-7.08625	0.78125	
-1.55875	-6.4675	1.51125	
-1.93375	-5.03625	1.3975	
-2.17375	-3.8575	0.86125	
-2.4425	-2.04375	0.4825	
-2.75375	-0.65	-0.21	
-2.805	1.42875	-1.4225	
-2.82	2.8575	-2.1175	
-2.845	3.85875	-2.16875	
-2.82625	4.9125	-1.87625	
-2.725	5.1575	-0.93	
-2.7175	5.47375	0.2675	
-2.7525	5.2775	1.27125	
-2.74875	4.27375	2.39625	
-3.025	2.9575	3.79	
-3.1225	1.32125	4.9775	
-3.03625	-0.5175	5.7025	
-2.78375	-2.59375	5.76875	
-2.4525	-4.48625	5.54375	
-2.19625	-6.065	5.23125	
-1.855	-7.20375	4.38875	
-1.62125	-7.37375	3.31625	
-1.325	-7.46875	2.585	
-1.195	-6.80125	1.47625	
-1.24	-5.56375	0.715	
-1.62125	-4.51	0.5975	
-1.91	-2.93	0.56125	
-2.285	-1.25875	0.6825	
-2.62125	0.39125	0.72625	
-2.89125	2.19625	0.87	
-3.1375	3.4825	0.895	
-3.2175	4.3175	0.5975	
-3.22625	4.96625	-0.145	
-2.7975	5.24875	-1.73875	
-2.5075	4.36625	-3.225	
-2.19625	3.24375	-3.80625	
***************TEMPLATE***************
Template: 6
ClassLabel: 2
TimeSeriesLength: 30
TemplateThreshold: 519.686
TrainingMu: 70.6641
TrainingSigma: 149.674
AverageTemplateLength: 34
TimeSeries: 
1.38	2.01	-2.545	
0.776667	1.88	-2.37	
0.525	2.22	-2.895	
0.728	2.48	-4.04	
0.496667	2.62833	-4.71833	
0.321429	2.26	-5.00571	
0.12375	1.95125	-5.245	
-0.075	1.15875	-5.54	
-0.265	-0.07625	-5.6375	
-0.2175	-1.015	-6.11125	
-0.26875	-2.495	-5.935	
-0.91125	-3.98625	-4.89375	
-1.28625	-5.10875	-3.62625	
-1.8775	-6.0625	-1.0625	
-2.1275	-6.285	1.0225	
-2.53	-6.14375	3.1025	
-3.18875	-5.7225	5.50875	
-3.65375	-4.90375	7.25375	
-3.9625	-3.86	8.4775	
-3.83875	-2.84375	9.25875	
-4.10125	-1.16875	10.015	
-4.16625	1.20125	9.25	
-4.52375	3.06875	8.38125	
-4.7425	4.79625	6.5525	
-4.495	6.07875	4.2	
-4.475	6.29875	2.925	
-4.5075	6.405	1.11125	
-4.305	6.5725	-0.89	
-3.645	4.89875	-3.10125	
-2.68625	3.2525	-5.4925	
***************TEMPLATE***************
Template: 7
ClassLabel: 7
TimeSeriesLength: 51
TemplateThreshold: 294.547
TrainingMu: 64.2731
TrainingSigma: 76.758
AverageTemplateLength: 50
TimeSeries: 
-0.69	0.74	0.955	
-0.553333	0.536667	0.466667	
-0.465	0.26	0.9	
-0.036	0.092	1.018	
0.375	-0.166667	1.34167	
0.6	-0.1	1.82571	
0.39125	0.4325	2.57875	
0.365	1.1575	3.46375	
-0.035	1.94375	4.19	
-0.36375	2.855	4.6525	
-0.78875	3.7575	3.96	
-1.47375	4.47125	3.35	
-2.1225	5.2025	2.52375	
-2.705	5.41875	1.17625	
-2.96	4.935	-0.91875	
-3.1725	3.90875	-3.05	
-2.77375	2.8175	-4.91	
-2.46875	1.3675	-6.1525	
-2.0975	-0.08125	-6.29625	
-1.735	-1.39875	-5.96375	
-1.3925	-2.56875	-6.08125	
-1.14375	-3.75	-5.43125	
-0.88625	-4.3625	-4.485	
-0.5775	-5.05875	-3.17125	
-0.60875	-5.425	-1.69	
-0.64625	-5.26625	-0.4725	
-0.6925	-5.3225	0.83875	
-0.5975	-5.175	2.095	
-0.63375	-4.56	3.65375	
-0.63	-3.71625	5.105	
-0.83875	-2.74	6.605	
-0.94375	-1.26375	7.565	
-1.21875	-0.32875	8.25	
-1.455	0.65875	8.69	
-1.78625	1.98375	8.25625	
-2.09	2.76625	7.26625	
-2.4775	3.0425	6.0575	
-2.54	3.48625	3.6975	
-2.2525	3.3225	1.335	
-2.1425	3.0125	-0.97625	
-1.90875	2.95625	-3.36625	
-1.7175	2.42125	-5.33625	
-1.385	1.79375	-6.86625	
-1.11625	1.75125	-8.2675	
-1.02	1.63125	-8.86375	
-1.26125	1.31875	-8.54375	
-1.60125	1.275	-8.35125	
-1.9575	1.11375	-7.66	
-2.285	0.8475	-6.46625	
-2.5825	0.81	-5.3425	
-2.8575	0.91125	-3.68	
***************TEMPLATE***************
Template: 8
ClassLabel: 9
TimeSeriesLength: 47
TemplateThreshold: 291.69
TrainingMu: 83.2161
TrainingSigma: 69.4913
AverageTemplateLength: 49
TimeSeries: 
0.495	0.635	4.775	
0.283333	2.21667	3.87333	
0.1575	3.71	3.685	
0.098	4.54	2.798	
0.0416667	5.33333	1.13667	
0	5.57571	0.04	
-0.14375	5.0425	-1.25	
-0.45875	5.38625	-3.40125	
-0.49625	4.84625	-5.75375	
-0.51875	3.82125	-7.35625	
-0.60625	2.22375	-8.9775	
-0.66	0.24375	-9.74625	
-0.77375	-1.85	-9.58	
-1.0675	-3.67	-9.49875	
-1.61875	-4.7175	-7.8975	
-2.28375	-6.22375	-5.5175	
-2.8975	-6.9125	-2.87	
-3.62125	-8.1175	0.3	
-4.185	-9.13	3.365	
-4.8575	-8.57375	6.29125	
-5.39875	-7.77	8.955	
-5.46375	-6.44875	11.04	
-5.1325	-4.86125	11.32	
-4.72625	-3.07	11.2862	
-4.4125	-1.1375	10.725	
-3.44375	1.10375	7.95875	
-2.80875	3.0675	5.58625	
-2.08	3.97	3.2125	
-1.11875	4.40375	0.07125	
-0.46625	4.39	-2.70625	
0.48	3.7775	-4.84	
1.38375	3.375	-7.23125	
2.06375	2.87375	-9.44125	
2.0325	2.5975	-9.67625	
2.30375	2.46375	-10.4713	
2.26875	2.3725	-11.855	
1.63375	2.40875	-11.2412	
1.03125	2.49125	-10.5025	
-0.26875	2.38125	-8.9425	
-1.615	2.3875	-6.32125	
-2.58	1.8	-4.045	
-3.43875	1.28	-2.4625	
-4.345	0.4675	0.64	
-4.6325	-0.0925	3.8125	
-4.40875	-0.94375	5.895	
-4.09125	-1.9775	7.61625	
-3.50375	-2.18625	8.5525	
***************TEMPLATE***************
Template: 9
ClassLabel: 8
TimeSeriesLength: 43
TemplateThreshold: 127.05
TrainingMu: 46.0447
TrainingSigma: 27.0017
AverageTemplateLength: 46
TimeSeries: 
-0.625	3.17	3.18	
-0.536667	3.47	2.78333	
-0.47	3.8025	2.01	
-0.554	3.502	0.686	
-0.656667	3.25	0.03	
-0.64	2.99286	-0.888571	
-0.605	2.57	-1.65	
-0.37	2.00375	-2.9575	
-0.08	1.12125	-4.36	
-0.0675	0.31875	-5.47625	
0.175	-0.87	-6.14125	
0.5025	-1.9825	-5.94125	
0.58875	-2.7175	-5.71875	
0.61375	-3.945	-4.81375	
0.55875	-4.4825	-3.18125	
0.235	-4.69125	-1.18625	
-0.30375	-4.615	0.9775	
-0.62375	-4.26125	3.6075	
-1.22875	-3.1725	5.865	
-1.83375	-1.7875	7.5975	
-2.2425	-0.59125	9.1225	
-2.5675	1.2175	9.745	
-2.84125	2.2	9.1325	
-3.07125	3.04125	8.18125	
-2.835	3.7275	6.565	
-2.59625	3.61375	4.3175	
-2.21	2.96125	1.71625	
-1.65	2.31375	-1.10875	
-0.69	1.33	-4.10875	
-0.11625	0.41	-6.01625	
0.4375	-0.18	-7.36625	
1	-0.71875	-8.7975	
1.07125	-1.07125	-9.25	
1.04875	-1.30375	-9.415	
0.91125	-1.2	-9.37	
0.605	-1.03	-8.50125	
-0.215	-0.775	-7.445	
-0.88125	-0.5625	-6.4975	
-1.43	-0.33875	-5.405	
-1.67375	-0.33625	-4.24625	
-2.07625	-0.43	-2.89625	
-2.3025	-0.90625	-2.065	
-2.5975	-0.79875	0.35375	
