GRT_PIPELINE_FILE_V3.0
PipelineMode: CLASSIFICATION_MODE
NumPreprocessingModules: 1
NumFeatureExtractionModules: 0
NumPostprocessingModules: 0
Trained: 1
Info: 
PreProcessingModuleDatatypes:	MovingAverageFilter
FeatureExtractionModuleDatatypes:
ClassificationModuleDatatype:	DTW
PostProcessingModuleDatatypes:
PreProcessingModule_1
GRT_MOVING_AVERAGE_FILTER_FILE_V1.0
NumInputDimensions: 3
NumOutputDimensions: 3
FilterSize: 4
GRT_DTW_Model_File_V2.0
Trained: 1
UseScaling: 0
NumInputDimensions: 3
NumOutputDimensions: 0
NumTrainingIterationsToConverge: 3
MinNumEpochs: 0
MaxNumEpochs: 100
ValidationSetSize: 20
LearningRate: 0.1
MinChange: 1e-05
UseValidationSet: 0
RandomiseTrainingOrder: 1
UseNullRejection: 0
ClassifierMode: 1
NullRejectionCoeff: 3
NumClasses: 9
NullRejectionThresholds:  0 0 0 0 0 0 0 0 0
ClassLabels:  5 2 8 7 3 1 9 6 4
DistanceMethod: 1
UseSmoothing: 0
SmoothingFactor: 5
UseZNormalisation: 0
OffsetUsingFirstSample: 0
ConstrainWarpingPath: 1
Radius: 0.2
RejectionMode: 0
NumberOfTemplates: 9
OverallAverageTemplateLength: 51
***************TEMPLATE***************
Template: 1
ClassLabel: 5
TimeSeriesLength: 48
TemplateThreshold: 308.473
TrainingMu: 86.2797
TrainingSigma: 74.0643
AverageTemplateLength: 50
TimeSeries: 
-0.07	0.26	-1.27	
-0.49	1.345	-0.29	
-0.57	1.20667	-0.633333	
-1.14	1.1575	-0.365	
-1.7675	1.8925	-0.8425	
-1.8	2.5325	-2.9475	
-2.295	2.475	-3.7125	
-2.5425	1.695	-4.125	
-2.095	-0.4775	-4.255	
-1.4975	-4.965	-2.78	
-0.385	-9.025	-1.755	
0.5575	-11.075	-1.5175	
0.6375	-12.1	0.225	
-0.3625	-11.125	0.91	
-1.4475	-7.435	1.0375	
-2.15	-4.8925	0.535	
-2.8075	-3.405	-0.38	
-2.9075	-0.0125	-1.695	
-3.175	1.325	-2.7075	
-3.32	3.175	-2.645	
-3.3125	6.09	-2.88	
-3.38	7.5975	-1.8575	
-3.795	8.9025	-0.2425	
-3.805	8.69	1.36	
-3.825	7.78	2.3725	
-3.89	5.055	4.3425	
-3.3275	1.9425	5.43	
-3.295	-2.36	6.0875	
-3.3175	-5.0275	7.1075	
-3.125	-8.245	7.0075	
-2.3625	-10.615	5.925	
-1.7	-10.72	3.9775	
-0.9275	-10.5	2.11	
-0.2825	-8.75	-0.0375	
-0.9525	-6.8625	-0.4525	
-1.415	-3.985	0.03	
-2.2975	-1.9925	-0.1375	
-2.9075	0.7375	-0.21	
-2.9025	3.71	-0.8475	
-3.0625	5.19	-1.8425	
-3.05	5.8	-1.985	
-3.295	6.28	-2.1675	
-3.3	5.3575	-2.825	
-3.1625	4.1	-3.1775	
-2.95	2.965	-3.3625	
-2.285	1.0675	-3.8475	
-1.615	-1.335	-3.9775	
-0.9925	-3.63	-3.43	
***************TEMPLATE***************
Template: 2
ClassLabel: 2
TimeSeriesLength: 33
TemplateThreshold: 339.949
TrainingMu: 62.3188
TrainingSigma: 92.5434
AverageTemplateLength: 34
TimeSeries: 
-0.99	1.32	-0.48	
-0.5	1.08	-3.195	
-0.543333	1.41	-3.70667	
-0.565	1.4275	-4.4125	
-0.465	0.465	-5.7425	
-0.7025	-0.34	-5.8425	
-0.8075	-1.2775	-6.325	
-0.8375	-2.8525	-5.9125	
-0.8725	-3.4675	-5.5975	
-0.8725	-5.2975	-3.6625	
-0.93	-6.8	-1.3325	
-1.4775	-6.68	1.0325	
-2.0625	-8.015	3.9875	
-2.5125	-6.9925	5.65	
-2.865	-5.9775	7.0675	
-2.845	-5.9	8.1925	
-2.94	-3.3775	9.0925	
-3.5475	-2.47	10.4825	
-3.535	-0.12	10.9075	
-3.615	2.635	11.3575	
-3.7075	4.1625	10.8375	
-3.1125	6.44	7.6275	
-3.38	6.2975	5.0925	
-3.25	5.085	2.0525	
-2.3425	4.1625	-0.9025	
-2.315	2.965	-0.95	
-2.31	1.2125	-1.3925	
-2.37	1.6225	-2.9075	
-3.2525	2.285	-4.015	
-3.255	2.0525	-7.03	
-2.5775	1.81	-9.345	
-1.48	-1.265	-9.5575	
-0.0725	-4.315	-8.6075	
***************TEMPLATE***************
Template: 3
ClassLabel: 8
TimeSeriesLength: 45
TemplateThreshold: 154.557
TrainingMu: 63.3663
TrainingSigma: 30.3969
AverageTemplateLength: 50
TimeSeries: 
-0.29	3.02	2.39	
-0.625	3.17	3.18	
-0.536667	3.47	2.78333	
-0.47	3.8025	2.01	
-0.62	3.6225	0.26	
-0.6725	3.29	-1.545	
-0.7175	2.635	-3.6425	
-0.74	1.3375	-5.31	
-0.12	0.385	-6.175	
0.5125	-1.0475	-7.175	
0.5825	-1.9975	-7.31	
1.09	-3.0775	-6.9725	
1.125	-4.35	-5.7075	
0.665	-4.3875	-4.2625	
0.645	-5.8925	-2.3175	
0.0275	-5.8875	0.61	
-0.655	-5.0325	3.335	
-1.2725	-4.8425	6.2175	
-1.8925	-2.63	9.5325	
-2.485	-0.4575	11.12	
-3.0125	1.4575	11.86	
-3.2125	3.66	12.0275	
-3.2425	5.065	9.9575	
-3.1975	4.8575	7.145	
-3.13	4.625	4.5025	
-2.4575	3.795	1.1025	
-1.95	2.1625	-1.3225	
-1.2225	1.065	-3.7125	
-0.17	0.0025	-6.72	
1.0775	-1.135	-9.32	
1.7175	-1.3425	-10.71	
2.0975	-1.425	-11.02	
2.17	-1.44	-10.875	
1.065	-1.0075	-9.18	
0.38	-1.265	-8.12	
-0.275	-0.975	-7.72	
-0.96	-0.62	-6.1275	
-1.495	-0.5425	-5.71	
-2.1425	0.14	-4.875	
-2.585	0.2975	-3.09	
-2.3875	-0.0525	-2.365	
-2.6575	-0.3175	-0.0825	
-2.4625	-1.9525	0.745	
-2.61	-1.895	3.7975	
-3.2775	-0.86	7.8375	
***************TEMPLATE***************
Template: 4
ClassLabel: 7
TimeSeriesLength: 45
TemplateThreshold: 291.337
TrainingMu: 72.7301
TrainingSigma: 72.869
AverageTemplateLength: 52
TimeSeries: 
-0.56	0.88	0.44	
-0.42	-0.13	1.7	
-0.393333	0.0633333	1.75	
0.0575	0.5225	2.3075	
0.0275	0.9925	3.85	
0.08	2.6175	4.6725	
-0.3275	4.0025	5.28	
-0.9475	4.9825	4.7875	
-1.0975	5.78	2.775	
-1.7725	5.605	0.805	
-2.125	5.33	-1.07	
-2.535	4.7375	-2.8075	
-3.125	4.2525	-4.5525	
-3.2775	2.92	-6.07	
-2.7075	0.935	-7.2275	
-2.6925	-1.2275	-7.71	
-1.905	-3.2125	-7.545	
-1.2725	-4.85	-6.4625	
-1.09	-5.355	-5.51	
-0.445	-5.5925	-4.64	
-0.42	-6.855	-1.7975	
-0.4425	-7.02	-0.6875	
-0.5175	-7.1325	1.995	
-0.54	-6.8	4.4025	
-0.6075	-5.1375	5.6975	
-0.53	-3.4525	7.8075	
-0.6425	-1.7875	9.2075	
-1.37	0.4825	10.805	
-1.4875	2.165	10.7475	
-2.0875	3.335	10.28	
-2.5625	4.12	8.015	
-2.6425	3.78	5.4725	
-3.12	3.3225	3.0675	
-3.0775	2.9625	0.4425	
-2.585	2.1225	-1.9075	
-1.85	1.4475	-4.655	
-1.3675	0.915	-7.45	
-0.965	0.795	-9.82	
-1.0225	0.7	-11.75	
-1.085	1.0025	-12.5325	
-1.525	1.54	-11.8425	
-1.955	1.075	-9.3525	
-2.33	1.05	-6.6625	
-2.8425	1.21	-4.63	
-2.84	0.5975	-1.77	
***************TEMPLATE***************
Template: 5
ClassLabel: 3
TimeSeriesLength: 54
TemplateThreshold: 406.946
TrainingMu: 98.7746
TrainingSigma: 102.724
AverageTemplateLength: 53
TimeSeries: 
1.52	0.01	-0.29	
1.52	-0.935	-0.055	
1.79667	-0.44	-1.04333	
1.2225	0.0125	-0.2425	
0.7975	0.14	-0.005	
0.785	1.6375	-0.655	
0.0075	2.28	0.23	
-0.03	1.705	-0.89	
-0.2525	2.0825	-2.405	
-0.7325	0.8425	-2.7525	
-0.545	-0.28	-4.3975	
-0.0625	-0.1325	-5.46	
-0.0425	-1.0525	-5.0125	
0.0575	-1.2675	-5.3225	
0.0175	-1.6475	-4.3175	
-0.52	-2.3975	-2.8075	
-0.55	-2.745	-1.845	
-0.62	-3.1875	-0.2225	
-0.705	-3.0325	0.2775	
-0.5675	-3.425	0.41	
-0.4275	-3.68	1.17	
-0.4575	-3.5475	1.0425	
-0.4	-4.4775	1.01	
-1.0875	-4.56	3.21	
-1.1775	-4.015	2.425	
-1.0775	-4.2575	2.8325	
-1.13	-4.02	4.2325	
-0.465	-3.0025	2.4075	
-0.505	-3.2325	4.0775	
-0.6925	-3.0025	5.2225	
-0.7425	-1.605	4.86	
-0.9175	-1.18	5.7725	
-0.8175	-0.4725	5.915	
-0.8825	1.055	4.7925	
-0.7175	1.0875	4.6725	
-0.515	1.1225	4.295	
-0.4025	1.78	2.9525	
-0.165	1.45	2.5625	
-0.41	2.0175	2.395	
-0.5975	2.785	1.49	
-0.7525	2.505	0.575	
-0.86	2.855	0.6275	
-0.89	2.97	-0.8025	
-0.685	2.895	-0.795	
-0.745	2.795	-0.905	
-0.6275	2.35	-2.49	
-0.59	2.0325	-2.0425	
-0.59	1.3775	-3.035	
0.165	1.325	-3.75	
-0.04	1.155	-2.8625	
0.57	0.3975	-3.46	
1.0975	-0.2325	-3.6	
1.09	-1.4125	-3.265	
1.2975	-2.73	-3.3425	
***************TEMPLATE***************
Template: 6
ClassLabel: 1
TimeSeriesLength: 37
TemplateThreshold: 367.734
TrainingMu: 92.4009
TrainingSigma: 91.7777
AverageTemplateLength: 36
TimeSeries: 
1.84	-1.22	1.35	
1.75	-0.475	0.595	
0.823333	0.41	2.26	
-0.035	1.6775	3.2975	
-0.72	3.875	2.79	
-1.33	5.0175	2.645	
-1.285	4.8125	1.04	
-1.4475	4.04	-0.745	
-1.865	1.92	-2.49	
-1.9225	0.32	-4.45	
-1.975	-1.19	-5.9275	
-1.8225	-1.62	-7.9325	
-1.485	-2.7725	-7.575	
-1.4475	-4.445	-7.0475	
-1.3575	-4.9475	-6.5875	
-0.85	-7.325	-4.42	
-0.7775	-8.45	-2.39	
-0.8325	-8.655	-0.085	
-0.95	-8.6475	2.7075	
-0.8225	-7.4875	4.555	
-0.5975	-6.89	5.415	
-0.465	-6.265	6.58	
-0.38	-4.6825	7.11	
-0.38	-4.1325	8.365	
-0.6175	-0.805	9.575	
-1.155	1.9525	10.15	
-1.72	3.9575	9.3425	
-2.5575	6.83	7.1	
-3.1825	6.5225	5.235	
-3.235	6.9525	2.2175	
-2.7175	6.545	-0.4925	
-2.14	5.045	-2.5025	
-2.0375	4.9325	-4.17	
-1.5075	3.65	-5.435	
-1.325	1.87	-5.645	
-1.235	-0.0425	-5.6625	
-0.5175	-2.5375	-5.745	
***************TEMPLATE***************
Template: 7
ClassLabel: 9
TimeSeriesLength: 52
TemplateThreshold: 324.978
TrainingMu: 105.728
TrainingSigma: 73.0831
AverageTemplateLength: 52
TimeSeries: 
1.47	-1.13	-0.57	
1.67	-0.385	-0.25	
0.85	-1.93333	2.79667	
0.065	-0.8925	3.29	
-0.98	0.8775	5.76	
-2.2175	2.6775	6.4225	
-2.145	6.0625	3.0125	
-1.77	6.85	0.42	
-1.175	6.1525	-3.8225	
-0.01	4.61	-6.8575	
0.0675	2.3525	-8.2175	
0.0175	0.8475	-9.025	
-0.125	-0.635	-9.4575	
-0.795	-1.85	-9.4325	
-0.8325	-3.025	-8.7825	
-0.745	-4.385	-8.6025	
-1.27	-5.1575	-6.7225	
-1.6925	-5.8925	-4.86	
-2.9725	-6.26	-1.2675	
-4.1475	-7.0825	2.975	
-4.8275	-7.955	6.28	
-5.5775	-8.3525	10.345	
-5.6175	-8.445	12.4175	
-5.815	-6.2475	13.8475	
-5.6775	-3.0675	14.135	
-5.6075	0.02	12.81	
-5.495	2.8875	10.2675	
-4.74	4.08	6.95	
-4.145	4.34	3.6425	
-3.585	3.91	0.825	
-3.07	3.905	-1.1375	
-2.4675	3.745	-3.1075	
-1.305	3.725	-5.9825	
-0.085	3.975	-8.8475	
1.16	3.7275	-10.88	
1.755	3.8875	-12.2725	
1.64	4.05	-12.58	
1.185	3.7925	-11.36	
0.5875	3.69	-11.055	
-0.0275	3.7325	-10.49	
-1.135	2.2075	-8.0225	
-1.9225	2.02	-7.0925	
-3.1775	1.6825	-5.2875	
-4.4225	-0.075	-1.925	
-4.6225	0.0075	-0.7	
-5.37	-1.53	5.05	
-4.7	-2.4575	8.4975	
-3.9175	-2.245	9.9075	
-3.16	-2.84	12.2625	
-1.81	-1.7875	10.0125	
-1.1375	-1.92	8.145	
-0.4825	-2.025	6.345	
***************TEMPLATE***************
Template: 8
ClassLabel: 6
TimeSeriesLength: 74
TemplateThreshold: 167.566
TrainingMu: 86.1181
TrainingSigma: 27.1491
AverageTemplateLength: 72
TimeSeries: 
-0.53	0.95	3.44	
-0.41	1.365	1.725	
-0.466667	2.42	1.04333	
-0.65	2.9375	1.4425	
-0.7825	4.095	0.16	
-0.76	5.0025	-0.38	
-0.6175	4.755	-0.97	
-0.395	4.14	-2.7	
-0.3	2.4475	-3.6425	
-0.2575	0.13	-3.6225	
-0.2675	-2.1375	-3.6875	
-0.23	-4.28	-3.8475	
-0.17	-6.0625	-3.0625	
-0.235	-6.7175	-2.5325	
0.1075	-6.835	-2.4375	
-0.12	-6.815	-1.1225	
-0.385	-6.02	-0.0175	
-0.4025	-4.9325	-0.0525	
-0.9325	-3.9825	0.51	
-0.95	-2.885	0.51	
-1.2625	-1.615	0.115	
-1.935	-0.9625	0.085	
-2.3925	-0.11	-0.5725	
-2.8475	1.145	-1.29	
-2.82	2.21	-2.0625	
-2.2	3.755	-3.4875	
-1.8275	4.84	-2.9925	
-1.25	5.68	-3.2975	
-0.8575	6.805	-3.505	
-1.035	6.965	-0.7875	
-0.83	7.84	0.0275	
-0.95	8.3675	2.2	
-1.385	7.9625	5.0725	
-1.265	7.64	4.7825	
-1.39	6.245	5.3925	
-1.96	4.61	6.445	
-1.995	3.325	5.6325	
-2.6025	1.6075	6.0275	
-3.095	0.27	6.885	
-3.11	-1.0775	5.5525	
-3.315	-2.6825	5.3425	
-3.2075	-4.1275	4.7575	
-3.3225	-5.555	2.74	
-2.465	-6.4825	0.3025	
-1.8325	-6.695	-1.0625	
-1.82	-6.385	-2.7925	
-1.4825	-5.325	-4.57	
-1.735	-4.67	-4.395	
-2.0725	-4.4125	-4.8875	
-1.52	-3.915	-5.4075	
-1.115	-4.0825	-5.0525	
-0.9875	-3.53	-4.945	
-0.4325	-3.18	-5.025	
-0.5625	-2.78	-3.4075	
-0.665	-1.8325	-1.8425	
-0.7625	-1.005	-0.35	
-0.9425	0.885	1.1075	
-0.96	2.3675	1.8475	
-1.5775	4.13	3.2525	
-1.6075	6.0875	3.8725	
-1.625	7.04	4.525	
-2.0325	8.515	4.7575	
-1.3825	9.5825	3.3875	
-1.29	9.5225	2.5775	
-1.205	8.7825	1.195	
-0.6925	7.675	-0.7175	
-0.7875	5.79	-1.87	
-0.875	4.145	-2.805	
-0.87	2.6825	-4.1375	
-0.9675	0.87	-4.4375	
-1.015	-1.1725	-3.8125	
-0.7675	-3.7425	-3.6475	
-0.755	-5.2825	-2.2875	
-0.5175	-6.48	-0.74	
***************TEMPLATE***************
Template: 9
ClassLabel: 4
TimeSeriesLength: 56
TemplateThreshold: 117.834
TrainingMu: 59.9437
TrainingSigma: 19.2969
AverageTemplateLength: 60
TimeSeries: 
-0.82	1.28	0.56	
-0.77	1.755	1.88	
-0.783333	2.91333	1.27333	
-0.81	3.0675	0.36	
-0.8725	3.1575	-0.135	
-1.1875	2.85	-1.825	
-1.1075	1.3075	-2.58	
-0.8975	-0.195	-3.2625	
-0.92	-1.4275	-4.27	
0.0525	-3.7575	-4.525	
0.495	-6.2425	-4.0725	
0.8625	-8.8375	-2.135	
1.13	-10.9875	-0.75	
0.43	-11.1175	0.39	
-0.595	-9.655	0.885	
-1.7925	-6.92	0.41	
-2.605	-4.2275	0.4675	
-3.3325	-1.5225	0.1525	
-3.57	0.81	-0.58	
-3.425	2.7575	-0.8575	
-3.345	4.7225	-1.2	
-3.065	6.3575	-0.73	
-2.9	6.96	0.5975	
-2.8725	7.1175	1.11	
-2.8375	6.7325	2.5975	
-2.475	5.895	2.945	
-1.8325	4.5925	3.5975	
-1.3375	3.1175	4.7825	
-0.75	1.165	4.7225	
-0.6475	-0.7375	5.7975	
-0.62	-2.28	5.9275	
-0.0725	-3.8775	6.13	
0.4325	-5.565	6.5525	
0.55	-6.465	4.8675	
0.615	-7.2825	2.9575	
-0.015	-7.86	-0.4125	
-0.535	-7.28	-3.375	
-0.7025	-7.775	-4.385	
-1.3225	-7.2075	-5.815	
-1.37	-6.6425	-5.8975	
-1.4225	-5.9325	-6.1125	
-1.4025	-4.66	-4.68	
-1.2225	-3.685	-2.4625	
-1.1	-2.435	-0.4175	
-1.08	-1.2875	2.625	
-1.0075	0.4225	3.98	
-1.2025	2.0575	4.735	
-1.98	4.235	6.1	
-2.56	6.725	5.2075	
-3.25	7.635	3.81	
-3.43	7.995	2.97	
-3.4025	7.625	-0.66	
-3.3525	5.1675	-2.66	
-2.715	2.01	-4.26	
-1.5375	-1.145	-5.8975	
-0.79	-4.4	-3.1825	
