%0
12 -3.5625 4.6875 -0.29 0.18 0.22
12.0625 -3.5625 4.6875 -0.08 0.23 -0.67
12.125 -3.625 4.8125 -0.15 -0.07 0.14
12.1875 -3.4375 4.8125 -0.15 -0.18 -0.45
12.25 -3.375 4.8125 -0.15 0.26 -0.22
12.25 -3.375 4.8125 -0.11 0.16 -0.42
12.25 -3.375 4.875 -0.25 -0.07 0.07
12.25 -3.4375 4.875 -0.09 0.11 -0.5
12.3125 -3.5625 4.9375 -0.13 0 0.24
12.4375 -3.5 5.25 1.49 -1.18 1.11
13.3125 -3.5 6.375 0.41 1.26 4.73
15.1875 -2.4375 8.3125 -2.77 6.95 7.09
14.5 0.6875 7.5 -1.1 8.8 -2.33
10.0625 3.9375 8.6875 -0.14 1.08 -5.66
365.562 5.4375 8.1875 -0.73 1.35 -7.38
361.125 5.0625 6.8125 326.65 -1.47 -5.77
348.125 3.625 3.6875 -0.02 -2.04 -9.04
344.5 0.9375 2.375 -1.07 -5.98 -6
350.188 -4 1.5625 -0.66 -10.42 -0.3
350.25 -8.6875 1.3125 -0.79 -10.52 2.12
345.125 -13.4375 1.6875 -3 -6.41 9.8
350.875 -17.1875 4 -2.71 -3.34 10.95
364.875 -17.9375 6.125 -3.42 2.92 11.81
10.625 -15.75 9.1875 -3.07 6.48 8.24
13.125 -11.5 10.875 -0.97 4.1 5.54
-2033.38 -6.8125 11.5625 -0.58 4.93 0.25
15.3125 -1.9375 11.8125 -0.85 5.66 -1.74
14.125 1.1875 10.4375 -1.26 4.94 -6.25
11.4375 3.3125 9 -0.46 3.14 -8.22
8.0625 3.0625 7.1875 -0.09 -1.66 -6.2
365 0.8125 5.5 1.43 -3.69 -2.93
364 -0.75 5.75 -0.17 -3.74 0.68
363.812 -1.4375 6.1875 -0.14 -1.69 -0.21
364.375 -2.375 6.8125 -0.37 -0.08 0.57

%0
361.938 -0.3125 6.75 -0.1 -0.2 -0.52
361.938 -0.5 6.6875 -0.25 -0.18 -0.4
361.938 -0.5 6.75 -0.19 -0.08 -0.37
362.125 -0.75 6.875 -0.41 0.09 0.12
362.188 -0.8125 6.9375 -0.38 -0.16 0.36
362.25 -0.75 7.0625 -0.27 -0.15 0.05
362.25 -0.75 7.125 1.47 0.7 0.73
362.312 -0.4375 8.0625 -0.2 -1.1 7.3
363.5 0.4375 9.125 -0.96 7.13 5.66
362.812 3.0625 8.6875 -2.87 7.07 -0.98
350.625 6.1875 8.75 -0.41 2.76 -4.53
346.5 7.9375 8.9375 -1.15 0.07 -7.03
350.188 7.6875 7.25 -0.37 -0.88 -7.1
346.25 5.5 5.375 -0.68 -2.54 -7.7
334.875 2.0625 3.5625 -0.93 -6.42 -3.67
332 -2.8125 2 -0.91 -6.92 -2.22
332.125 -8 1.625 -0.43 -9.27 4.44
334.875 -11.625 1.375 -1.06 -8.6 7.18
347.312 -14.0625 2.6875 -0.29 -3.66 6.51
44.0625 -15.25 6.75 -2.78 -0.28 9.59
57.9375 -14.4375 9.625 -3.1 4.57 8.93
63.25 -11.3125 12.375 -2.68 4.49 6.73
58 -7.5 14 -2.77 7.97 4.39
59.125 -3.25 14.5625 -2.97 7.44 1.07
58.0625 0 13.6875 -2.72 4.79 -3.26
63.125 2.75 11.5 -0.5 4.09 -6.53
59.75 3.1875 9.875 -1.15 -0.02 -5.49
47.4375 2.1875 8.125 -0.24 -3.19 -3.98
44.875 1.3125 7.875 1.28 -4.76 -2.15
43.5625 0.625 8.5 -0.13 -2.42 -0.53

%0
56 -3.125 11.25 -0.38 -0.09 0.38
56.125 -3.125 11.3125 -0.21 0.03 -0.23
56.1875 -3.25 11.3125 -0.27 -0.03 0.03
56.3125 -3.3125 11.25 -0.28 0.28 0
56.3125 -3.375 11.1875 -0.23 0.08 -0.04
56.3125 -3.3125 11.3125 -0.01 0.47 0.13
56.5 -3.3125 11.8125 -0.61 2.18 3.1
56.375 -2.6875 11.875 -0.45 7.41 1.56
45.4375 -0.5625 11.75 -0.43 4.56 -2.09
41.875 0.9375 11.25 -0.6 3.47 -5.17
45.4375 1.3125 12.3125 -0.46 3.14 -7.08
40.5625 -0.875 11.125 -0.23 -5.18 -5.63
27.25 -2.9375 8.5 1.47 -8.81 -8.62
25.3125 -6.8125 6.8125 -0.68 -7.26 -4.07
25.6875 -13.25 5 -2.75 -6.87 3.88
28 -17.4375 5 -0.97 -5.55 6.39
41.125 -21.25 6.5625 -2.84 323.03 9.37
46.625 -22.4375 8.875 -2.71 0.66 9.24
44.625 -21.625 12.375 -3.24 2.33 10.79
57 -18.5 14.75 -3.14 6.2 7.62
60.25 -13.125 16.5625 -2.59 6.54 5.95
61.1875 -7.5 16.875 -3.59 7.4 0.16
59.75 -1.625 16.1875 -1.19 4.43 -5.49
57.125 1.625 14.25 -0.91 4 -8.23
45.25 2.625 12.75 -0.61 0.39 -5.23
42.125 2.5 11.875 -0.17 -1.78 -4.51
47.1875 1.6875 11.0625 1.54 -4.35 -2.93
46.1875 0.6875 11.0625 -0.43 -3 -0.08
45.6875 0.3125 10.8125 -0.22 -1.7 0.23

%0
41 -2.625 13.3125 -0.2 0.33 -0.57
41 -2.8125 13.25 -0.22 -0.1 0.06
41 -2.8125 13.3125 -0.22 -0.17 0.06
41.0625 -2.9375 13.25 -0.32 0.16 0.56
41 -2.875 13.125 -0.22 -0.05 0.02
41 -2.75 13.125 -0.15 0.11 0.12
41.0625 -2.5 13.3125 1.53 0.4 0.48
41.75 -2.125 13.875 -1.16 3.87 3.87
41.375 -0.6875 13.25 -0.86 5.62 -3
47 0.5625 13.4375 -0.82 1.66 -4.08
44.75 1 12.75 -0.78 2.14 -6.34
41.6875 -0.125 12.125 -0.48 -2.34 -5.93
31.0625 -2.375 10.25 -0.65 -5.58 -5.08
29.75 -6.625 8.625 -0.89 -7.92 0.33
30.9375 -10.25 7.5 -0.56 -5.71 4.04
42 -13.3125 7.4375 -0.79 -5.55 5.65
45.75 -14.625 8.4375 -0.71 -4.09 6.52
43.5 -15 11.0625 -1.27 0 8.89
56 -13.5625 12.625 -0.84 1.55 6.7
60.1875 -11.0625 14.125 -2.69 5.85 5.45
56.0625 -6.5 15.5625 -0.99 7.2 1.77
57.5625 -2.75 15.5625 -2.57 6.46 0.17
57.125 0.5 14.75 -0.61 5.61 -3.11
62.875 3.125 13.4375 -0.1 2.84 -3.52
60.1875 4.4375 11.75 -0.49 2.62 -5.28
56.4375 4.5625 11.125 -1.16 -1.35 -2.42
45.4375 4.625 10.9375 -0.17 -1.9 -3.76
42.5 4 10.5625 1.47 -4.93 -1.81
41.125 3.5 11.4375 1.45 -3.31 -1.12

%0
43.8125 -2.8125 6.4375 -0.18 0.1 -0.66
43.8125 -2.875 6.5625 -0.2 -0.5 0
43.9375 -2.9375 6.4375 -0.21 0.18 -0.16
44 -3 6.375 -0.32 0.2 0.19
44 -3 6.4375 -0.2 0 -0.24
44 -3 6.5625 1.55 -0.05 0.9
44.3125 -3 6.5 -0.36 1.24 4.83
44.625 -2.5 5.1875 -0.94 4.55 2.79
43.875 -0.4375 4.25 -1.07 5.14 -2.2
42.0625 1.125 3.375 -1.08 3.78 -5.11
47 2.1875 2.875 -0.55 1.35 -4.38
44.4375 2.75 2.9375 -0.27 0.44 -7.52
40.6875 1.625 2.3125 -0.01 -5.59 -5.25
30.0625 -0.4375 1.4375 -0.7 -8.06 -5.4
29.5625 -5.375 1.125 -0.32 -6.86 1.74
30.5625 -9.5625 0.8125 -0.5 -8.12 6.63
41.9375 -13.125 2.125 -0.9 -5.77 6.51
46.875 -15.6875 3.75 -2.61 -1.66 11.54
44.6875 -15.5 5.4375 -1.26 3.24 9.51
56.75 -13.625 6.0625 -1.13 4.58 7.08
59.875 -10.4375 6.4375 -2.58 6.08 2.63
61.9375 -6.25 6.9375 -2.6 5.9 0.45
54.125 -3 6.9375 -0.99 4.85 -1.76
60.625 0.3125 5.25 -0.52 4.96 -3.8
57.375 3.0625 4.25 -0.18 1.2 -4.22
46.5 5 4.625 -0.94 -0.17 -5.28
43.125 5.9375 5.875 -1.1 -1.67 -3.7
40.625 6.25 6.4375 2.12 -4.38 -5.39
47.25 5.125 7.125 1.28 -4.43 -0.24
47.3125 4.3125 7.1875 -0.47 -1.78 0.9

%0
42.8125 -0.625 6.625 -0.35 0.08 -0.12
42.875 -0.5625 6.5625 -0.24 0.32 -0.59
42.875 -0.6875 6.625 -0.54 -0.04 0.34
42.8125 -0.625 6.6875 -0.18 0.26 -0.43
42.75 -0.6875 6.625 -0.26 -0.48 -0.12
42.8125 -0.75 6.625 -0.2 0.05 0.21
43 -0.75 6.75 2.35 -0.15 0.78
43.75 -0.875 7.375 -0.66 3.2 4.7
44.5 0.3125 6.5 -1.11 7.33 0.74
43.0625 1.8125 5.8125 -0.32 5.69 -3.83
47.4375 3.1875 5.1875 -0.43 2.73 -6.05
43.25 3.5625 4.75 -0.8 1.07 -7.12
31.5625 2.5 3.6875 -2.57 -1.63 -7.36
26.75 -0.3125 3.25 -0.81 -7.71 -5.77
31.9375 -4.1875 3.4375 -0.91 -12.93 0.26
24 -8.4375 3.8125 -0.67 -8.35 6.86
26.8125 -12.125 3.125 -0.74 -7.49 4.78
31.3125 -14.25 3.8125 -1.28 -3.8 7.48
46 -16.0625 6.4375 -2.66 1.56 10.23
43.3125 -15.0625 7.6875 -1.28 5.04 8.85
47.6875 -11.5 9.75 -2.85 5.84 4.87
57.875 -7.25 10 -2.7 -320.04 0.85
57.6875 -2.5625 8.9375 -1.18 5.93 -1.61
47.9375 0.5 7.4375 -0.66 3.08 -3.68
45.0625 3.75 6.4375 -0.96 2.74 -6.8
41.875 5 5.875 -0.32 -1.67 -5.8
47.0625 5.0625 7.5 1.47 -3.43 -3.48
45.875 4.6875 8.25 1.67 -3.94 -1.7

%0
43.6875 -2.625 7.5625 -0.25 -0.04 -0.12
43.625 -2.6875 7.625 -0.19 -0.2 -0.3
43.6875 -2.875 7.6875 -0.22 -0.16 -0.1
43.75 -3 7.6875 -0.2 -0.02 -0.02
43.8125 -3.0625 7.6875 -0.16 0.16 0.07
43.875 -3.125 7.6875 -0.1 -0.16 -0.01
44 -3 7.75 1.81 -0.43 1.2
44.5 -2.75 8.3125 -0.86 1.76 5.6
45.125 -1 7.5 -1.01 5.53 1.41
44.1875 0.75 6.625 -1.01 5.83 -3.76
41.1875 2.375 6.3125 -1.18 3.81 -5.71
45.3125 2.5 6.625 -0.15 2.53 -5.52
41.5 1.625 6.3125 -0.24 0.13 -8.84
28.6875 -1.25 5.75 -0.13 -4.8 -7.66
25.3125 -5.375 4.8125 -0.18 -8.3 -2.28
24.0625 -11.0625 4.5 -0.67 -10.58 3.03
25.875 -15.5625 3.1875 -1.15 -8.27 4.18
29.375 -19.125 3 -2.78 -7.12 9.42
43.1875 -20.9375 6.6875 -0.94 -2.96 8.75
41.75 -21.5625 9.25 -2.81 4.67 10.94
56.3125 -18.5 10 -3.09 7.88 5.45
59.0625 -15.125 10.4375 -1.07 7.46 2.46
60.1875 -10.5625 10.625 -0.79 7.23 -0.36
59.3125 -6.3125 10.4375 -1.27 4.33 -3.25
57.375 -3.5625 10.3125 -0.89 3.02 -5.15
46.8125 -1.6875 9.6875 -0.6 0.46 -5.68
43.5 -0.875 9.6875 -0.11 -2.19 -4.14
41.4375 -1.125 10.25 -0.05 -2.78 -2.55
47.875 -2.125 10.625 -0.32 -5.01 0.4

%0
44.9375 -3.875 10 -0.16 0.25 -0.28
45 -3.875 9.9375 -0.26 0.16 0
45 -3.875 10 -0.14 -0.04 -0.37
45 -3.875 10 -0.09 -0.07 -0.15
45.125 -3.9375 10 -0.19 0.16 0
45.125 -4 9.9375 -0.21 0 -0.02
45.125 -4.0625 10 1.48 -0.26 0.32
45.375 -3.9375 10.4375 1.4 -0.34 3.87
46.25 -2.9375 10.4375 -0.04 4.95 4.34
45.5 -0.9375 10 -0.12 6.02 -0.01
42.5 1.625 10.125 -0.76 4.44 -4.45
46.75 3 9.6875 -0.52 1.05 -6.99
41.625 2.75 8.25 -0.64 -2.46 -7.14
30.125 1.0625 7.1875 -0.79 -4.16 -7.04
27.5 -2.625 5.375 -0.39 -3.88 -3.48
26.0625 -6.4375 4.0625 -0.99 -6.15 -0.92
25.875 -10.5 3.375 -1.06 -7.25 0.63
28.125 -15.375 2.8125 -1.25 -6.94 6.22
40.3125 -18.5625 4.3125 -0.89 -4.04 6.65
44.75 -20.0625 8.125 -0.52 -1.54 7.45
42.4375 -19.875 12.4375 -1.21 0.77 9.28
47.0625 -17.8125 13.75 -1.21 4.33 6.61
58.875 -13.9375 14.6875 -0.68 5.37 3.39
60.6875 -10.4375 15.0625 -0.88 6.96 1.76
60.875 -6.625 15.3125 -0.09 4.78 -2.49
59.5625 -2.6875 14.875 -0.02 3.8 -3.05
57.625 -0.0625 13.5 -0.79 2.38 -5.13
46.4375 1.6875 11.3125 -0.22 -0.03 -5.61
44.1875 2.0625 11.8125 1.52 -2.68 -2.89
42.625 1.875 12.1875 -0.15 -3.1 -0.92

%0
57.125 3.0625 7.9375 1.28 0.23 -0.66
57.0625 3.0625 7.9375 -0.18 0.17 -0.24
56.875 3 8.0625 -0.1 -0.35 -0.19
56.9375 3 8 1.3 0.14 -0.7
56.9375 2.875 8.0625 -0.16 -0.12 0.09
57 2.9375 8.1875 1.51 0.09 0.04
57.3125 2.875 8.6875 2.19 1.11 2.84
57.875 3.1875 9.1875 -0.15 6 4.26
56.5625 5.375 8.8125 -0.65 5.45 1.3
60.9375 7.875 8.8125 -0.47 2.19 -2.36
57.5625 9.8125 8.6875 -0.73 1.96 -4.74
44.8125 10.5625 8.1875 -2.72 1.28 -6.55
40.3125 10 6.875 -2.62 -0.63 -8.49
43.875 7.625 5.5625 -0.67 -4.17 -7.41
31.6875 2.5 4.1875 -0.92 -6.41 -3.02
29.875 -2.375 3.125 -1.02 -7.87 0.69
29.5625 -8.6875 4.0625 -1.18 -10.9 6.87
40.1875 -12.875 4.3125 -0.67 -8.19 10.86
45.5625 -15.4375 6.6875 -0.39 -3.63 8.12
42.875 -15.6875 9.625 -0.54 0.8 9.23
56.625 -13.6875 12.9375 -0.61 4.08 7.63
60.6875 -10.375 14.125 -0.75 7.09 5.55
62.9375 -5.3125 14.9375 -2.7 6.18 3.26
63.5625 -0.5625 14.3125 -0.98 4.91 -2.12
62.25 3.625 12.0625 -0.79 4.17 -5.75
60.1875 5.6875 10.25 -1.2 1.82 -7.14
57 6.125 8 -0.45 -1.87 -4.84
47.1875 6.125 8.6875 1.51 -3.32 -2.24

%0
57.6875 -0.9375 12.375 -0.17 -0.08 0.05
57.75 -0.8125 12.4375 -0.06 0.08 -0.22
49.8125 -0.8125 12.5 -0.08 0.11 -0.2
57.875 -0.9375 12.5 -0.25 -0.02 0.06
57.9375 -1 12.5 1.28 0.05 -0.38
57.9375 -0.9375 12.6875 1.28 -0.15 -0.35
58.125 -0.9375 13.0625 1.55 0.06 0.31
58.8125 -0.875 13.625 -0.36 2.44 3.35
58.9375 -0.375 13 -0.02 5.94 2.24
57.0625 1.1875 12.75 -1.22 3.7 -1.01
46.375 2.4375 11.8125 -0.31 3.6 -3.91
42.625 3.5 10.75 -0.6 2.81 -6.56
45.75 3.3125 9.125 -0.56 -4.23 -8.59
40.6875 1.25 6.6875 326.77 -6.25 -8.3
29.6875 -2.8125 5.125 -0.21 -8.93 -3.46
29.1875 -8.6875 4 -0.76 -6.13 2.28
30.375 -13.8125 4.25 -0.53 -7.59 6.99
42.1875 -17.875 6.375 -0.47 -7.78 10.29
47.5625 -19.125 8.4375 -0.95 -0.89 9.62
45.75 -17.9375 11.875 -2.68 1.31 9.11
58.375 -14.875 13.9375 -2.86 6.21 6.8
61.5625 -9.125 15.9375 -3.24 6.18 4.27
62.8125 -4.125 17.125 -2.71 7.72 1.02
60.875 1.4375 16 -2.71 3.2 -4.62
58.125 5.25 13.125 -0.15 2.13 -7.86
46.5 6.6875 9.375 -0.53 -1.02 -6.6
44.1875 6.9375 8.125 1.5 -4 -4.66

%0
59.4375 0.375 9.25 -0.45 -0.15 0.38
59.375 0.375 9.125 -0.19 0.01 -0.4
59.375 0.375 9.125 -0.24 0.07 -0.2
59.375 0.375 9.125 -0.3 -0.01 0
59.25 0.4375 9.125 -0.19 0.06 -0.52
59.1875 0.3125 9.1875 -0.22 -0.52 0.17
59.1875 0.375 9.3125 1.62 -0.99 1.23
59.875 0.5 10.3125 -0.73 0.6 4.85
61 1.625 10.1875 -0.58 6.75 2.43
59.5 3.5 9.5 -0.32 5.33 -1.49
56.1875 4.8125 9.9375 -1.2 0.77 -3.36
44.5625 5.75 9.9375 -0.16 1.3 -6.87
40.6875 4.9375 8.25 -0.44 -2.16 -5.26
44.75 2.9375 7.125 -0.1 -2.38 -9.18
41.6875 -0.125 5.625 -0.84 -6.78 -0.62
31.125 -3.25 2.125 -0.34 -5.11 -2.42
31 -7.1875 1.875 -0.33 -8.31 5.36
41.375 -11.8125 3.5 -0.82 -8.34 8.19
45.75 -14.25 5.1875 -1.56 -3.84 8.64
44.5 -15 7.875 -1 0.3 9.86
58.1875 -13.5 9.6875 -1.21 5.56 6.52
63.25 -10.3125 10.75 -2.72 7.98 6.53
57.375 -5.9375 9.5625 -2.66 7.8 -1.17
56.625 -1.1875 8.1875 -0.74 4.68 -3.55
62.75 1.9375 7.9375 -1.15 2.18 -4.45
60.0625 4.125 7.25 -0.97 1.43 -5.51
57.4375 5.125 6.5 -0.09 -0.42 -6.18
46.75 4.9375 7.5625 -0.15 -3.54 -2.11

%0
61.0625 0.3125 8.0625 -0.27 -0.06 -0.03
61.125 0.1875 8 -0.23 0.05 0.16
61.3125 0.25 8.0625 -0.21 0.06 -0.48
61.375 0.25 8 -0.3 0.44 -0.11
61.375 0.375 7.875 -0.38 0 -0.1
61.25 0.4375 7.9375 -0.17 -0.17 0.07
61.25 0.6875 8.25 1.95 -0.95 1.09
62.0625 0.875 9.1875 -0.94 2.1 6.29
62.9375 2.6875 7.6875 -3.25 8.84 1.08
60.625 5.25 6.625 -2.94 4.76 -3.94
47.8125 7.75 7.0625 -0.06 -0.92 -6.36
44.375 8.625 6.9375 -0.81 -1.16 -8.77
40.75 6.75 5.5625 -0.17 -2.94 -5.74
46.25 3.9375 4.625 -0.25 -3.77 -3.73
43.6875 -0.375 4.6875 -0.44 -4.71 -3.15
42.6875 -4.9375 5.5625 -0.64 -9 5.04
44.0625 -9.3125 4.625 -1.22 -4.82 5.37
46.4375 -12.6875 4.5625 -0.84 -5.67 5.42
43 -14.4375 6.1875 -1.09 -3.49 6.67
47.6875 -14.625 9.25 -0.3 -1.29 9.85
60.75 -12.8125 10.75 -3.03 4.32 8.36
56.625 -8.4375 11.5 -3.4 5.98 4.84
57.75 -3.625 11.9375 -2.99 5.66 0.04
57.25 1.375 11.25 -0.97 5.14 -3.83
63.375 4.5625 10.375 -0.29 2.83 -4.88
60.6875 6.1875 8.875 -0.92 3.12 -6.03
57.4375 5.75 8.125 -0.03 -0.59 -3.36
46.125 5.6875 8.625 1.28 -1.62 -4.2

%0
47.5 -1.3125 9.625 -0.25 1.38 -0.32
47.5 -1.375 9.5 -0.17 0.25 0.11
47.375 -1.4375 9.5625 -0.08 -0.07 -0.34
47.25 -1.5625 9.5625 -0.28 -0.05 0.31
47.1875 -1.5 9.5625 -0.17 0.13 -0.46
47.0625 -1.625 9.5625 -0.09 -0.04 0.19
47.125 -1.5 9.8125 -0.23 0.85 2.38
47.3125 -0.9375 9.4375 -1.11 5.82 1.34
45.6875 0.625 8.1875 -1.2 3.67 -2.11
43.25 1.75 8.375 -1.04 2.59 -4.62
47.5 1.9375 8.625 -0.78 -1.23 -4.73
45.0625 1.25 8.1875 -0.41 -2.17 -7.8
43.25 -1.5625 6.3125 -0.76 -3.98 -5.52
33.9375 -5.1875 6 -0.37 -5.8 -2.54
42.125 -10.5 7.3125 -0.16 -5.53 5.57
43.375 -13.6875 8.25 -1.37 -5.38 8.82
46.25 -14.875 10.8125 -1 -6.27 7.43
42.5625 -14.5 11.9375 -0.16 -2.14 6.29
56.75 -12.875 13.6875 -1.03 1.96 7.21
61.4375 -10.0625 13.3125 -2.74 7.13 4.01
56.5 -5.8125 12.125 -3.2 8.42 2.64
56.5625 -1.625 11.5625 326.58 7.32 -1.23
62.625 1.625 11 -0.76 2.99 -3.2
59.4375 4.4375 9.8125 -1 2.12 -6.43
47.8125 5.375 8.5 -0.44 -0.08 -5.41
45 5.0625 8.625 1.41 -2.08 -4.24

%0
56.0625 0.4375 10.125 -0.19 0.11 0.07
56.0625 0.625 10.25 -0.22 0.3 -0.09
56 0.625 10.25 -0.38 0.19 0.17
47.875 0.75 10.3125 -0.27 -0.06 -0.49
47.75 0.9375 10.375 1.28 -0.29 -0.68
47.75 0.875 10.4375 1.48 0.39 0.92
47.875 1 10.75 -0.91 1.51 3.84
47.75 2.0625 10.625 -1.27 4.62 1.07
46.5 3.6875 10 -0.63 6.41 -2.25
42.8125 4.8125 9.875 -1.12 1.5 -6.52
47.5625 4.625 9.9375 -0.84 -0.18 -7.74
44.125 2.5 9.625 -1.03 -4.45 -6.87
41.0625 -1.5625 8.0625 -0.63 -4.97 -6.41
31.9375 -6.375 6.625 -0.51 -8.25 1.85
40.9375 -11.5 7.25 -0.13 -6.58 5.02
43.4375 -14.75 8.0625 -0.32 -5.28 8.84
47.9375 -16.1875 9.125 -1.17 -3.68 7.97
44.6875 -15.8125 10.75 -0.93 0.46 8.37
58.6875 -13 11.5 -2.88 5.8 6.15
61.9375 -9.4375 11.6875 -3.07 6.23 2.94
63.75 -4.3125 10.8125 -1.22 7 -0.27
63.125 -0.4375 10.125 -0.94 4.75 -3.14
60.6875 3.375 9.0625 -0.46 2.76 -5.51
58.0625 4.875 7.75 -0.06 1.38 -5.69
46.875 5.75 7.5625 -0.77 -0.68 -4.27
44.25 5.5625 8.125 -0.41 -3.48 -1.85

%0
46.75 2.1875 8.8125 -0.21 0.1 -0.38
46.6875 2.125 8.8125 -0.28 0.05 -0.24
46.6875 2.0625 8.875 -0.16 0.2 -0.76
46.6875 1.9375 8.9375 -0.38 -0.2 0.08
46.75 1.875 9 -0.19 -0.07 0
46.8125 1.9375 9.125 1.57 -0.01 0.52
47.1875 2.125 9.5 -0.37 0.41 4.08
47.75 3.0625 9.125 -1.28 5.52 1.36
46.5625 4.8125 8 -0.41 5.83 -1.11
44.3125 6.3125 8.375 -0.9 4.12 -4.73
40.75 6.875 8.6875 -0.96 5.47 -7.59
43 5.5 8.5625 -1.28 -7.02 -6.23
29.5 3.125 9.0625 -0.07 -8.02 -7.51
27.4375 -0.625 8.5 -0.56 -7.54 -4.07
27.4375 -6.25 7.375 -0.96 -7.1 0.74
29.25 -10.8125 7.125 -0.57 -5.59 6.19
41.0625 -14.5625 8.5 -0.37 -4.25 9.24
45.3125 -15.8125 10.125 -0.84 -1.32 9.78
43.125 -14.6875 11.4375 -2.65 2.16 8.77
47.375 -11.9375 12.0625 -2.94 5.92 5.15
58.1875 -7.3125 11.625 -2.95 5.71 2.39
58.75 -2.875 10.9375 -0.74 5.07 -1.92
57.625 1.75 10.125 -0.11 3.33 -3.49
47.9375 4.4375 9.1875 -0.24 3.41 -4.44
44.8125 6.125 8.3125 -0.86 0.78 -5.94
41.8125 6.4375 8.9375 1.63 -2.16 -5.58

%0
63.1875 3.9375 6.25 -0.11 -0.35 -0.25
63.3125 3.8125 6.5625 -0.18 -0.33 0.31
63.4375 3.625 6.6875 -0.34 -0.26 0.45
63.6875 3.6875 6.625 -0.14 0.21 -0.19
63.875 3.625 6.6875 -0.34 0.38 -0.03
63.875 3.75 6.6875 1.31 0.11 -0.93
63.875 3.75 6.875 1.58 0.43 0.19
56.125 4.0625 6.875 -1.11 2.55 4.47
56.125 5.4375 6.375 -0.55 6.34 0.67
62 7.25 5.5625 -0.59 3.72 -5.27
59.0625 7.4375 5.8125 -1.01 1.44 -3.79
46.3125 7.3125 6.125 -0.69 -3.05 -8.62
43.125 5 5.25 -0.76 -3.48 -7.19
40.8125 0.75 3.75 -0.05 -4.25 -3.06
47.4375 -5 3.0625 -1.22 -6.22 0.49
39.0625 -9.4375 4.75 1.28 -7.52 5.28
40.625 -13.625 6.5625 -0.56 -6.62 9.6
44.8125 -15.0625 7.25 -0.98 -4.37 7.58
57.25 -14.6875 8.875 -1.07 -1.13 7.76
62.875 -12.3125 10 -0.81 2.31 5.88
59.3125 -8.9375 10.5625 -3.75 5.08 5.86
62.0625 -4.5625 9.5 -3.62 8.03 1.53
61.9375 0.5625 8.5 -3.19 6.08 -2.03
59.9375 4.25 7.3125 -2.58 3.64 -4.44
56 7.0625 5.9375 -1.91 1.03 -4.39
60.6875 8.875 5.5 -0.73 -0.85 -7.2
57.375 9.0625 5.75 -0.7 -0.95 -4.11
46.5 8.1875 6 1.43 -4.39 -1.61

%0
61 1.75 4.375 -0.23 -0.06 -0.04
61.0625 1.75 4.4375 -0.22 0.19 -0.19
53.125 1.625 4.375 -0.3 -0.06 0.24
61.25 1.75 4.375 -0.17 0.18 -0.43
61.25 1.8125 4.375 -0.23 0.11 -0.21
61.25 1.9375 4.3125 -0.12 0.01 -0.45
61.3125 2.0625 4.375 -0.04 -0.01 -0.06
61.375 2.0625 4.3125 -0.19 0.17 -0.22
61.4375 2.125 4.5 1.62 0.67 1.06
61.625 2.1875 5.3125 -0.68 1.19 6.38
62.0625 3.625 5.3125 -0.43 5.89 1.73
60.3125 6.25 4.25 -0.93 5.62 -3.7
57.1875 7.75 4.0625 -2.6 3.2 -4.43
44.875 8.75 5.5 -0.88 2.29 -6.97
40.1875 8.0625 5.0625 -0.11 -1.66 -9.7
43 4.5625 4.1875 -1.12 -6.64 -6.72
40.6875 0.6875 3.5625 -0.2 -7.56 -2.17
31.5625 -4.75 5 -0.66 -8.7 -0.41
40.9375 -9.3125 7.5625 -0.06 -6.04 5.07
44 -13.8125 8.8125 -0.11 -4.8 9.92
47.3125 -15.25 10.0625 -0.41 -3.96 6.35
44 -15.0625 12.0625 -0.9 -1.22 7.64
56.125 -13.3125 13.6875 -1.26 0.66 6.03
61.5 -10.25 14.9375 -0.87 3.63 4.69
57.125 -6.8125 15 -3.37 6.66 4.36
58.5625 -2.0625 12.8125 -3.54 6.59 -1.03
57.3125 1.5 10.75 -2.7 4.59 -3.48
62.25 4.4375 8.375 -0.37 2.15 -5.05
59.3125 5.6875 6.6875 -0.87 0.28 -6
47.8125 5.5625 5.25 1.59 -1.43 -5.85
45.5625 4.375 5.4375 -0.01 -1.95 -1.57
43.6875 3.625 6.4375 1.61 -3.34 -0.74

%0
58.5 0.375 7.1875 -0.19 0.24 -0.23
58.4375 0.3125 7.1875 -0.18 0.15 -0.2
58.375 0.3125 7.0625 -0.14 -0.04 -0.35
58.3125 0.3125 7.1875 -0.23 -0.21 0.12
58.3125 0.25 7.25 -0.13 -0.07 -0.02
58.3125 0.25 7.25 1.28 -0.22 -0.29
58.4375 0.375 7.4375 1.6 0.16 0.81
58.75 0.5 7.6875 -0.69 1.21 3.49
59.625 1.75 6.625 -0.32 7.95 -1.6
58.0625 2.875 5.1875 -0.44 6.73 -2.39
45.625 4.0625 6.0625 -0.07 -0.35 -3.62
42.125 4.375 6.625 -1.12 -0.64 -6.45
46.125 2.5 4.5 -1.25 -2.85 -5.56
43.5 -0.0625 3.5 -0.57 -4.55 -7.21
42.375 -4.5625 3 -0.72 -6.78 -2.78
43 -8.9375 4.375 -0.48 -7.04 1.24
45.25 -13.6875 5.75 -0.5 -7.52 5.45
40.875 -16.8125 6.9375 -0.15 -5.38 7.83
45.4375 -18.4375 8.5625 -1.04 -1.38 10.92
59.125 -17.4375 10.1875 -1.11 1.59 8.17
63.5 -14.625 10.6875 -3.15 4.17 5.86
59.5 -9.6875 10.875 -3.15 6.1 3.86
61 -4.875 9.875 -3.26 5.78 -1.88
60.875 0.25 7.4375 -2.71 5.62 -4.78
59 3.125 6 -0.3 2.35 -5.15
56.25 4.6875 5.1875 -0.53 3.2 -4.75
53.0625 4.9375 4.75 -1.25 -0.15 -3.29
57.125 4.6875 4.5625 -0.19 -3.16 -3.28
46.625 4.0625 4.75 1.63 -4.3 -1.53
45.3125 2.6875 4.875 1.28 -3.55 0.22

%0
47.9375 0.75 7.375 -0.32 -0.17 -0.21
56 0.6875 7.375 -0.32 0.02 -0.2
56.0625 0.5625 7.375 -0.19 0.12 -0.38
56.0625 0.4375 7.375 -0.22 0.24 -0.2
56.0625 0.4375 7.4375 -0.25 0.14 -0.28
47.9375 0.375 7.4375 -0.32 0 0.31
47.75 0.4375 7.5 -0.1 -0.36 -0.3
47.75 0.4375 7.5625 1.29 0.13 0.72
56 0.4375 7.1875 -1.16 3.09 4.16
47.875 1.6875 6.875 -0.71 7.82 -0.89
45.8125 3 7.0625 -0.93 4.56 -4.6
41.0625 3.375 6.5625 -0.65 -0.48 -4.91
44.1875 2.75 6.25 -0.57 -4.27 -7.44
41.1875 0.375 5.5625 -0.83 -5.16 -4.36
31.1875 -3.5 4.375 -0.91 -6.3 -3.05
31.125 -7.5625 5.125 -1.03 -6.17 0.77
40.375 -11.5 6 -0.69 -5.92 2.78
43.3125 -15.375 7.375 -0.98 -6.03 7.92
47.4375 -17.3125 10.25 -0.24 -3.46 11.15
44.9375 -16.8125 12.4375 -1.18 0.79 10.33
56.8125 -14.0625 13.4375 -1.24 2.54 6.41
59.6875 -9.3125 13.625 -3.1 3.87 4.05
53.1875 -4.8125 11.5625 -3.76 6.49 0.69
60.6875 0.625 9.4375 -2.81 5.48 -4.37
50.8125 4.125 7.125 -0.87 3.67 -6.49
47.125 6.3125 3.75 -1.22 -0.13 -6.71
44 6.8125 3.1875 -0.37 -1.53 -5.05
41.125 6.5 3.8125 -0.3 -2.72 -2.6
47.4375 5.9375 4.125 0.11 -4.44 -0.88

%0
45.5625 -0.25 9 -0.13 -0.08 -0.69
45.625 -0.3125 9 -0.34 0.1 -0.21
45.625 -0.4375 9 -0.29 0.13 -0.23
45.625 -0.625 8.9375 -0.26 0.27 -0.05
45.5625 -0.75 9 -0.42 -0.22 0.65
45.5625 -0.5625 8.9375 -0.15 0.11 0.29
45.75 -0.4375 8.9375 -0.57 1.96 2.27
45.8125 -0.125 7.8125 -0.16 4.54 2.26
44.6875 1 5.8125 -1.13 4.15 -3.36
41.875 2.0625 5.625 -1.16 2.7 -4.03
47.0625 2.5 5.5625 -0.21 -0.26 -6.99
43.75 1.375 4.8125 -1.07 -2.14 -7.7
31.9375 -2.1875 3.4375 -0.21 -5.71 -6.34
30.1875 -6.375 3.9375 -0.78 -9.41 -0.19
31.25 -11.8125 3.875 -0.63 -5.36 4.29
40.9375 -15.875 3.5 -0.21 -6.19 6.48
43.75 -18.1875 5.125 -0.61 -7.2 4.83
42.1875 -20.75 8.9375 -3.24 -1.12 14.29
47.875 -19.6875 9.6875 -2.79 4.84 9.28
60.0625 -16.125 10.0625 -1.06 2.76 4.46
62.8125 -11.875 11.5625 -2.59 6.47 1.84
56.3125 -6.875 11.5625 -2.64 5.35 0.25
56.5625 -2.5625 11.6875 -2.68 5.02 -1.42
63.3125 1.9375 9.875 -1.13 5.7 -5.45
60.875 4.3125 8.75 -0.44 2.71 -4.88
56.4375 5.9375 8.25 -1.18 -0.18 -5.14
44.8125 6.625 8.25 -0.29 -2.8 -4.39
41.125 6.125 8.25 1.3 -4.25 -2.5
47.0625 5.625 8.25 1.71 -5.07 -2

%8
56.1875 0.3125 8.6875 -0.31 0.26 0.11
56.1875 0.25 8.625 -0.09 0.05 -0.34
48.125 0.25 8.6875 -0.21 -0.27 0
56.125 0.25 8.625 -0.21 0.16 -0.12
56.125 0.25 8.6875 -0.24 0.06 -0.12
56.0625 0.25 8.6875 -0.29 -0.09 -0.22
56 0.25 8.5625 -0.16 -0.23 -0.68
47.9375 0.0625 8.3125 -0.34 -1.1 -1.85
47.8125 -0.3125 7.625 1.95 -2.61 -3.95
56.0625 -1.25 8.4375 1.79 -6.06 0.05
58.4375 -2.1875 9.25 -0.16 -3.62 3.11
61.6875 -2.625 10.1875 -0.28 -1.73 5.93
58.1875 -0.875 11.875 -0.43 1.22 4.77
62.4375 1.6875 12.8125 -0.96 4.9 2.5
73.125 4.125 13 -1.09 8.4 0.51
73.625 6.75 13.3125 -2.6 10.05 -1.46
63.1875 8.3125 13.375 -1 8.26 -3.05
58.8125 8.6875 13.4375 -1.08 4.83 -1.72
60.25 8.125 13.375 -2.87 2.05 0.86
45.875 7.25 13.75 -2.91 -3.36 2.91
46.625 7.5 14.5 -0.58 -6.29 1.35
41.9375 8.3125 15.1875 -1.06 -9.72 0.67
30.75 10.4375 14.5625 1.83 -10.81 -3.93
31.0625 11.875 13.75 -0.07 -8.02 -2.5
42.125 13.25 12.4375 -0.69 -6.9 -3.29
38.375 14.4375 10.5 -0.07 -3.57 -3.55
44.625 15.5 7.9375 -0.24 -1.51 -4.56
58.75 15.8125 6.0625 -0.59 3.32 -5.59
57.1875 14.625 4.3125 -0.87 6.19 -4.69
61.1875 12.3125 3.3125 -1.11 9.4 -1.64
62.75 9.25 3.0625 -0.84 7.8 0.79
62.3125 6.6875 3.25 -1.12 7.83 3.99
59.75 5.0625 4 -3.18 4.69 3.12
56.25 4.625 5.0625 -3.58 4.44 1.37
58.1875 4.5 6.0625 -2.85 0.08 -1.78
44.1875 4.25 6.625 -0.47 -4.76 -2.38
46.3125 3.0625 6.1875 -0.3 -5.6 -4.88
42.9375 1.125 6.0625 2.1 -5.31 -4.44
41 -2.375 7.125 1.34 -6.91 0.8
40.875 -5.125 7.8125 -0.04 -7.51 2.07
43.25 -8.1875 8.6875 -0.93 -3.9 3.45
46.5625 -10.1875 9.3125 -1.54 -2.22 4.99
43.1875 -10.625 11.6875 -1.99 -1.08 6.68

%8
56.4375 -3.5 10.9375 -0.07 -0.02 -0.09
56.5 -3.625 11 -0.11 0.08 0
56.5625 -3.6875 10.9375 -0.12 0.15 0.11
56.5625 -3.6875 10.9375 -0.28 0.04 0.3
56.5625 -3.5625 10.9375 -0.17 0.16 0
56.4375 -3.5625 10.9375 -0.1 -0.36 0
56.4375 -3.375 10.5 -0.02 -0.29 -2.08
56.5 -3.5 10.5625 1.3 -3.02 -0.18
57 -3.4375 11.125 1.95 -4.53 -1.74
59.3125 -3.875 11.6875 1.65 -4.83 -0.55
62.5 -4.25 12.5 -0.49 -1.31 2.9
58.5625 -3.9375 14.25 -1.28 0.59 5.28
61.75 -2.5 15.5 -0.08 3.14 4.68
72.4375 0.1875 17.125 -0.11 4.06 2.13
65.75 2.6875 18.125 -1.24 7.56 0.11
73.1875 4.9375 17.8125 -2.86 10.75 -4.29
62.0625 4.875 17.1875 -2.95 8.65 -2.95
63.625 3.25 15.6875 -0.77 3.16 -0.04
57.5 1.3125 14.3125 -2.86 -1.56 4.57
42.6875 0.5 13.6875 -0.81 -5.19 4.17
45.9375 0.625 12.875 -0.52 -6.48 2.6
42.1875 1.25 11.625 -1.07 -8.77 1.2
31.875 3.4375 10.4375 -0.14 -10.49 -0.74
40.0625 6.1875 8.625 1.28 -9.69 -3.79
42.625 8.75 4.75 -0.56 -8.6 -5.61
41.375 10.8125 3.75 -0.03 -3.58 -6.74
47.9375 11.6875 2.6875 -0.43 0.01 -7.21
56.125 11.125 2.1875 -2.92 4.99 -5.08
61.875 9.6875 1.8125 -3.4 9.52 -2.97
73.125 7.25 1.4375 -2.77 10.5 0.13
73.5 4.75 1.5 -3.04 9.92 1.96
63.25 2.875 1.9375 -3.23 7.18 2.93
58.625 1.5 3.1875 -3.28 2.55 6.98
61.6875 2 4.3125 -3.81 2.41 -0.78
46.1875 2.5 4.8125 -2.71 -3.98 -1.96
40.3125 2.875 4.625 -1.07 -5.19 -6.51
42.5625 0.875 5.25 -0.43 -7.14 -3.02
31.125 -1.4375 4.5 2.18 -8.96 -1.19
29.5 -4.6875 4.75 2.43 -9.72 0.04
30.6875 -7.1875 5.375 -0.02 -7.01 1.29
42.4375 -10 6.1875 -1.03 -2.82 4.1
46.6875 -11.5625 7.25 -0.15 -1.67 4.39
44.5625 -12 8.5625 -0.86 2.3 5.92

%8
78.25 -0.625 13.125 -0.43 -0.09 0.05
78.1875 -0.6875 13.1875 -0.28 -0.26 -0.02
78.125 -0.6875 13.0625 -0.28 0.09 -0.08
78.125 -0.8125 13.0625 -0.29 0 -0.3
78.125 -0.9375 13.125 -0.24 -0.28 -0.05
78.1875 -0.9375 13.25 -0.51 0.33 -0.65
78.4375 -1.0625 13.6875 -0.9 2.1 -0.15
78.5625 -1.25 15.0625 -0.33 4.55 -0.57
77.6875 -1.9375 15.3125 -2.66 6.87 1.5
73.9375 -2.625 15.4375 -1.07 4.73 1.81
77.1875 -3.4375 14.5 -0.65 0.51 5.25
62.5625 -3.4375 12.5625 -0.61 -4.8 6.22
57.375 -2.5 10 -0.13 -7.51 4.66
61.375 -0.3125 5.9375 1.53 -7.69 -2.33
57.9375 2.0625 1.875 1.56 -12.39 -4.82
58.6875 2.75 -1.0625 1.99 -7.75 -7.33
60.875 1.625 -2.5625 0.07 -10.21 -4.26
60.6875 -0.5625 -0.0625 -2.92 -3.56 1.46
75.75 -1.8125 3.5625 -2.89 -1.45 5.42
75.5625 -1.75 6.25 -5.14 1.83 5.52
90.125 -0.6875 7.5 -5.97 10.69 5.84
94.0625 1.625 6.9375 -5.17 10.97 2.64
93.9375 5 6.4375 -2.93 9.19 -0.06
91.75 9.0625 6.375 -3.59 7.87 -3.43
78 12.75 5.5625 -2.72 4.41 -2.97
79.8125 15.25 5.125 -3.82 1.99 -6.43
62.9375 17 7.3125 -0.88 -2.9 -8.82
56 16.6875 8.8125 1.36 -5.1 -9.53
57.625 13.1875 10.3125 2.51 -8.62 -7.14
47 8.1875 11.375 -0.62 -9.95 1.63
47.1875 5.1875 11.6875 1.33 -10.82 0.11
58 3.5 12.25 -0.18 -8.45 3.37
56.5625 2.3125 12.3125 -2.9 -3.84 2.68
62.625 2.375 12 -3.41 -0.89 0.53
78.625 3.1875 12.3125 -2.6 6.19 -0.14
75.5625 3.3125 12.5 -3.29 6.44 0.67
79.4375 3.125 13.0625 -1.22 6.53 0.57
88.1875 1.9375 12.8125 -0.68 7.91 0.96
78.625 0.1875 12.6875 -1.27 4.81 1.2
75.25 -2.25 11.875 -0.79 1.96 1.81
72.125 -4.1875 11.5625 -1.19 0.89 2.79
76.5625 -5.5 10.5625 -0.66 -2.22 1.72

%8
77.8125 -6.9375 10.8125 -0.17 -0.07 -0.26
77.8125 -6.9375 10.875 -0.08 -0.19 -0.01
77.8125 -7 10.9375 -0.13 0.26 -0.51
77.875 -7 11 -0.15 0.15 -0.13
77.8125 -7.0625 11 -0.18 0.06 -0.12
77.8125 -7.125 11 -0.16 -0.02 -0.08
77.8125 -7.125 11.0625 -0.22 -0.2 0.01
78 -7.0625 11.3125 -0.44 1.82 -0.69
78.25 -7.25 12.125 -0.05 4.88 0.82
77.125 -7.375 12.875 -0.4 5.61 -0.38
74.875 -7.8125 13.5625 -0.58 2.9 2.11
62.8125 -9 12.625 -0.71 2.77 5.55
58.375 -9.25 11.9375 -0.2 -1.86 4.57
61.125 -9 9.375 -0.16 -5.31 4.06
57.3125 -7.875 5.625 -0.77 -7.18 2.09
46.5625 -5.3125 2 1.44 -6.84 -1.37
45.8125 -3.1875 -0.75 2.5 -7.92 -5.27
47.4375 -1.6875 -2.25 1.47 -10.21 -4.74
59.6875 -1.375 -1.9375 -0.3 -8.71 -1.95
60.3125 -1.625 1.4375 -3.37 -2.07 1.4
76 -1.6875 3.375 -3.33 1.99 4.78
76.25 -0.5 4.875 -5.51 6.05 6.86
88.8125 1.3125 5.0625 -5.27 6.68 5.27
91.875 5.125 2.125 -3.35 10.68 -0.87
91.125 7.75 -1.125 -3.01 10.16 -5.94
88.0625 9.875 -1.3125 -2.66 8.96 -5.52
74.9375 11.6875 -0.875 -2.66 3.28 -5.47
76.125 12.8125 0.3125 -1.06 -0.68 -3.08
62.0625 13.0625 1.4375 -1.25 -1.42 -6.69
63 11.125 2.5625 1.29 -4.33 -5.6
58.9375 8.75 3.1875 1.71 -5.01 -3.53
47.6875 5.75 3.4375 2.19 -6.75 -1.39
45.6875 2.25 4.5 1.79 -9.98 0.9
47.3125 -0.625 4.875 -0.47 -10.5 0.8
60.0625 -2.875 5.25 -2.62 -6.51 5.37
59.4375 -3.75 6.8125 -2.84 -1.51 1.55
73.9375 -3.5625 7.9375 -3.57 1.97 0.1
72.875 -2.5625 8.375 -2.7 5.15 -1.84
77.25 -2.0625 8.25 -3.68 8.47 -0.23
79 -1.3125 14.75 -0.65 6.73 -1.82
79.625 -1.875 6.5 -0.63 6.24 0.74
78.3125 -2.8125 6.1875 -0.25 4.29 0.25
74.9375 -5 5.75 -0.13 2.91 2.07
71.4375 -6.3125 5.125 -0.84 0.8 1.49
75 -7.9375 5 -0.55 -1.92 2.53
63.5 -8.9375 4.25 -0.47 -3 2.32

%8
73.75 -2.125 7.9375 -0.16 -0.19 -0.17
73.875 -2.1875 8.0625 -0.19 0.05 -0.38
73.875 -2.125 8.0625 -0.1 0.14 -0.51
74 -2.4375 8.3125 -0.27 -0.01 0.36
74.0625 -2.4375 8.1875 -0.23 0.52 -0.22
73.9375 -2.4375 8.375 -0.37 0.06 -0.2
74.3125 -2.0625 9.6875 -0.29 4.99 -1.22
73.75 -2.5625 10.25 -0.75 6.07 1.03
62.5 -3.375 10.125 -0.32 4.39 3.87
58.4375 -3.75 10.125 -0.44 1.98 5.95
60.625 -2.8125 9.6875 -1.02 -2.91 3.23
56.0625 -2.25 7.375 -1.24 -6.29 2.81
44.8125 -0.8125 5.0625 1.34 -6.98 -1.51
42.25 -0.0625 3.3125 2.07 -9.76 -3.32
43.625 0.5 3.5 2.18 -7.99 -5.98
46.875 -0.0625 5 -0.05 -7.97 -2.73
61.5625 -1.4375 7.0625 -0.92 -3.85 0.35
60 -2 8.375 -2.96 -0.19 4.12
75.9375 -9.75 10 -5.38 3.75 7.12
74.5625 0.125 10.4375 -6.24 14.34 6.24
76.25 3.75 7.8125 -3.32 11.33 1.9
74.5 7.375 7.1875 -2.85 11.12 -1.71
78.3125 11.25 7.5 -3.45 6.04 -5.9
62.5625 14.1875 7.75 -3.33 3.38 -7.32
61.25 15.125 8.6875 -1.18 -3.11 -11.28
46.0625 12.625 9.875 -0.26 -6.94 -7.47
40.5 8.25 11.5 -0.41 -11.4 -2.05
46.25 5.0625 11.4375 1.5 -11.51 -4.06
47.375 0.9375 11.4375 -0.86 -8.97 1.52
42.5 -1.375 11.3125 -0.3 -7.04 1.31
57.375 -3.5 12 -3.1 -2.14 4.63
62.9375 -3.3125 12.4375 -1.24 -2.18 -0.15
61.0625 -2.4375 12.0625 -3 4.96 0.22
74.4375 -2.125 11.9375 -1.08 6.31 -0.31
77.5 -2.1875 12.3125 -1.07 8.22 -2.54
79.25 -3.3125 13.125 -0.4 5.6 1.67
78.6875 -4.9375 13.0625 -0.54 5.51 2.75
75.3125 -6.875 12.6875 -0.25 2.51 2.65
63.25 -8.25 11.8125 -1.01 0.02 2.37
59.8125 -9.4375 11.0625 -0.91 -2.31 2.88
63.75 -9.9375 10 -0.38 -4.38 2

%8
62.75 -8.0625 12.25 -0.18 0.38 -0.22
62.75 -8 12.3125 -0.14 -0.14 -0.26
62.75 -8.125 12.375 -0.13 0.03 -0.08
62.75 -8 12.3125 -0.11 -0.15 -0.31
54.875 -8.0625 12.4375 -0.26 0.11 -0.16
63.0625 -7.9375 12.625 1.31 1.11 -0.95
63.5 -7.9375 13.5 -0.59 5.6 -1.95
62.9375 -9.0625 13.8125 -1.28 6.07 0.66
60.75 -9.9375 14.3125 -0.36 5.57 1.04
47.9375 -11.4375 14.75 -0.3 -1.55 6.25
43.75 -11.6875 14.25 -0.97 -4.75 3.91
47.6875 -10.875 13.375 -0.07 -5.75 3.57
45.6875 -9 12.875 -0.81 -5.52 -0.63
45 -5.5 12.25 1.71 -6.05 -5.53
46.1875 -3 11.625 2.07 -4.67 -5.95
40.8125 -1.9375 10.75 -0.11 -6.99 -3.56
46.125 -1.25 10.125 -0.11 -4.37 -3.8
59.625 -1.5625 9.8125 -0.49 -4.08 -1.24
60.0625 -1.875 12.375 -3.73 0.16 6.75
75.375 -1.4375 14.5 -5.42 3.96 11.52
73.9375 1.875 14.6875 -5.6 8.96 7.95
77 6 13.125 -6.19 15.16 1.93
74.8125 9.9375 10.375 -3.29 12.23 -4.21
77.0625 13 9.625 -2.83 4.77 -8.11
60.625 14.6875 9.625 -0.27 -0.19 -8.95
62.375 13.3125 10.0625 -0.74 -1.44 -6.52
56.5 11 10.125 -0.38 -1.23 -7.38
41.5 6.375 10.75 1.34 -10.98 -0.48
46.75 3.25 11.875 1.88 -15.45 -0.79
40.6875 0.4375 12.125 -0.61 -11.01 -1.25
45.375 -1.5 12.875 -1.2 -5.51 1.76
61.125 -3.5 13.5625 -3.68 -1.99 2.7
59.6875 -3.9375 13.5 -3.52 4.52 1.28
74 -3.3125 14.75 -3.7 5.64 2.32
78.1875 -2.125 15.375 -2.82 8.82 1.12
79.0625 -2.25 15.6875 -0.88 6.88 0.16
78.0625 -2.9375 15.8125 -0.24 6.75 0.7
74.6875 -3.5625 16.3125 -0.45 4.26 2.46
62.5625 -4.4375 16.25 -1.79 0.47 3.48
56.1875 -6.4375 15.0625 -0.81 -4.8 2.66
59.625 -7.3125 13.75 1.65 -9.68 0.98

%8
61.3125 -5.3125 12.5625 -0.39 -0.19 0.58
61.3125 2034.81 12.5625 -0.17 0.08 -0.45
61.375 -5.25 12.625 -0.16 0.18 -0.62
61.375 -5.375 12.6875 -0.36 0.25 -0.01
61.375 -5.5 12.625 -0.23 0.46 0.09
61.375 -5.5625 12.75 -0.44 0.49 -0.27
61.625 -5.5625 13.5 -1.13 4.72 1.3
60.1875 -6.125 12.5 -0.39 6.76 3.34
56.6875 -5.75 11.75 -1.08 0.99 3.27
44.0625 -5.375 10 -0.52 -2.18 3.33
40.9375 -5.125 9.625 -0.1 -5.1 4
45.8125 -3.875 7.375 -0.56 -7.8 -1.52
44.6875 -1.5 7.0625 2.54 -8.54 -7.17
46.375 -1.3125 6.625 1.29 -7.23 -5.06
41.6875 -1.6875 7.375 -0.58 -7.06 -4.41
47 -3.25 9.3125 -3.09 -4.24 5.89
63.25 -3.3125 11.1875 -2.71 2.91 6.34
62.5625 -1.875 12.0625 -3.65 7.16 5.36
74.5 -0.0625 11.625 -3.56 11.19 3.66
74.75 2.6875 2.625 -3.56 10.4 0.38
72.0625 5.3125 10 -0.72 6.33 -2.92
59.5 8.375 9.75 -1.25 4.07 -7.96
62.375 8.9375 9.6875 -0.88 0.58 -7.7
56.75 8.375 9.25 1.65 -2.94 -8.1
43.875 6.0625 9.875 2.13 -5.36 -6.63
41 3.1875 9.5625 1.37 -9.09 -2.82
40.625 -0.4375 10.0625 -0.57 -8.77 0.7
42.25 -3.0625 10.625 -0.08 -10.29 3.44
47.5 -4.6875 11 -0.8 -5.58 2.74
61.3125 -5.0625 11.625 -1.01 -0.31 -1.07
60.5 -4.6875 11.375 -3.06 2.08 -1.08
74.3125 -3.625 12.0625 -3.03 11.02 -4.9
78.6875 -3.125 12.75 -3.55 10.48 2.27
78.6875 -3.4375 12.0625 -1.21 7.39 -1.56
77.0625 -6.0625 12.3125 -0.43 4.71 3.24
74.75 -8.25 11.9375 -0.7 3.86 5.86
62.5 -10.0625 10.4375 -1.21 1.7 1.67
58.625 -11.5625 8.875 -1.28 -1.87 3.6
61.875 -11.8125 6.875 1.28 -6.47 1

%8
59.25 -4.1875 6.6875 -0.13 0.07 -0.54
59.25 -4.3125 6.625 -0.08 0.23 -0.51
59.25 -4.25 6.6875 -0.14 -0.04 -0.03
59.3125 -4.3125 6.6875 -0.11 0.15 -0.67
59.3125 -4.5 6.6875 -0.27 -0.08 -0.03
59.4375 -4.5 6.875 -0.6 1.7 -0.43
59.75 -4.75 7.9375 -0.32 5.63 -0.61
58.375 -5.375 8.375 -0.32 4.62 0.41
63.1875 -6.25 8.1875 -0.08 3.49 1.71
59.875 -7.25 7.8125 -0.13 2.46 3.89
47.0625 -8.0625 7.75 -0.66 -2.38 7.15
43.125 -7.5625 6.8125 -0.85 -4.52 4.97
46.6875 -5.75 3.5 1.51 -8.57 -1.3
43.875 -4.0625 -0.375 1.84 -12.81 -5.18
45.1875 -3 -2.625 1.78 -8.28 -5.73
41.0625 -3.6875 -1.9375 -0.25 -6.47 -0.06
57.1875 -3.4375 2.5 -2.9 -2.06 2.28
56.25 -2.8125 5.25 -3.78 2.13 2.67
72 -1.75 6.5 -5.4 5.9 6
77.3125 0.375 6.75 -5.36 12.71 2.46
78.625 2.3125 5.375 -3.73 9.95 1.06
76.4375 5.1875 4.375 -1.27 7.93 -3.44
63.1875 7.5 4.1875 -1.12 2.76 -6.56
58.25 7.75 4.3125 -1.25 1.37 -6.59
59.375 7.25 5.125 -0.63 -3.3 -5.04
46.875 6.8125 6.5 1.92 -4.19 -8.45
42.25 3.8125 7.0625 2.18 -8.67 -4.92
40.375 0.5 6.5 2.24 -10.29 -1.29
41.4375 -2 7.4375 -1.17 -10.39 4.57
46.25 -3.125 8.8125 -0.71 -6.55 2.57
60 -3.5625 8.5625 -2.89 0.63 0.87
58.8125 -3.9375 7.3125 -1.1 5.34 -2.37
63.5 -4.8125 6.1875 -3.21 4.05 -0.79
75.6875 -6 5.9375 -2.95 8.43 0.41
76.4375 -6.9375 5.8125 -0.49 6.18 0.63
67.125 -8.0625 6 -0.13 5.04 1.26
72.5625 -9.0625 5.875 -1 1.76 3.55
60.625 -9.4375 5.9375 -0.36 -0.67 1.61
56.875 -9.6875 5.1875 -0.11 -3.31 1.48
62.125 -9.75 4.6875 1.99 -4.1 -0.64

%8
61.5 -3.8125 7.4375 -0.31 0.17 -0.22
61.375 -3.75 7.5 -0.16 0.01 -1.05
61.5625 -4 7.8125 -0.49 0.82 0.07
61.5 -4.1875 7.75 -0.26 0.63 -0.05
61.3125 -4.25 7.75 -0.51 0.61 -0.27
61.1875 -4.1875 8.6875 -0.91 2.68 -1.38
60.875 -4.6875 9.5 -1.51 4.83 0.74
58.8125 -5.4375 10.4375 -0.26 4.97 2.87
63.375 -5.8125 10.3125 -0.29 1.82 3.63
58.375 -5.625 9.8125 -1.21 -1.33 4.6
46.1875 -5.125 9.375 -0.15 -4.26 3.91
42.4375 -3.6875 6.9375 -0.73 -4.76 -1.01
46.8125 -1.8125 4.6875 2.09 -8.94 -4.59
45.9375 -1.3125 4 1.9 -6.81 -4.5
47.0625 -1.5625 3.5625 1.58 -9.51 -4.11
44.5625 -2.6875 4.75 -0.37 -6.13 -0.33
59.125 -2.4375 5.875 -2.9 -2.75 1.37
59.625 -2.1875 7.625 -2.97 1.31 3.93
74.375 -1.25 8.3125 -6.2 11.45 7.99
78.75 2.125 8.3125 -5.88 14.12 4.81
78.0625 5.875 6.875 -3.24 11.61 -0.97
74.4375 9.25 6.5625 -3.37 8.21 -4.33
59.5625 12.5 6.9375 -1.23 3.58 -7.36
61.3125 13.75 8.8125 -0.33 0.49 -8.65
45.4375 12.8125 10.9375 -0.31 -5.7 -8.28
47.4375 9.9375 12.5 1.56 -10.14 -5.43
44.5625 7.25 12.8125 2.2 -11.92 -6.66
44.8125 3.125 12.8125 -0.85 -10.82 -0.89
40.4375 0.75 13.1875 -0.36 -7.62 1.87
46.4375 -0.25 15.3125 -3.06 -2.33 2.82
62.6875 0 16.75 -3.08 0.64 1.15
61.3125 0.3125 15.8125 -3.42 5.02 0.34
75.8125 0.1875 15.1875 -2.69 10.43 1.52
78.125 -0.1875 15 -2.73 8.07 3.12
77.5625 -1 14.4375 -0.68 7.45 1.59
75.125 -2.0625 13.75 -0.3 2.47 2.62
62.9375 -4 12.8125 -0.17 0.98 2.24
58.125 -5.1875 12 -0.96 -0.84 1.73
62.0625 -5.9375 11.1875 -0.89 -4.49 3.58
58.3125 -5.625 9.9375 2.13 -5.12 -1.87

%8
62.3125 -5.4375 8.625 -0.25 -0.12 -0.19
62.4375 -5.4375 8.75 -0.2 0.24 -0.29
62.4375 -5.5 8.75 -0.3 -0.03 -0.09
62.4375 -5.5625 8.625 -0.16 0.23 -0.5
62.4375 -5.6875 8.625 -0.11 -0.12 -0.17
62.625 -5.75 8.5 -0.24 0.3 -0.14
62.625 -5.8125 8.5625 -0.21 0.39 -0.74
62.625 -6.0625 8.8125 -0.33 1.31 -0.1
62.75 -6.25 9.1875 -0.95 5.94 -1.5
61.4375 -7.5625 9.4375 -0.87 7.19 4.38
58.25 -8.125 9.1875 -0.83 1.59 7.5
45.3125 -7.4375 7.5 -0.68 -1.11 5.48
40.625 -6.5 4.625 -0.68 -5.41 2.2
43.9375 -3.8125 0.375 -0.09 -8.84 -2.01
42.125 -1.5625 -0.875 2.38 -11.52 -5.08
43.8125 -0.75 -2.0625 1.28 -9.92 -5.48
47.625 -1.0625 -1.875 -0.32 -10.18 -4.35
56.0625 -2.4375 1.6875 -3.62 -4.91 2.67
57 -2.375 5.375 -5.67 5.13 8.13
73.125 -0.8125 7.4375 -5.22 9.76 6.41
77.625 1.4375 8.0625 -5.18 12.94 4.51
78.4375 4.3125 6.625 -3.47 12.74 1.66
75.3125 7.375 5.3125 -3.6 7.74 -1.36
61.625 11.375 5.75 -2.79 2.26 -3.62
56.375 14.1875 5.8125 -2.76 1.74 -6.56
57.5625 16.3125 7.5625 -0.04 -0.93 -8.27
43.75 16.3125 8.9375 -0.46 -3.9 -8.95
45.625 13.75 10.5 1.94 -10.13 -5.72
43.0625 10.75 11.375 1.58 -10.24 -2.51
35.5 8 11.9375 -0.08 -11.65 -0.71
47.75 5.0625 11.875 -0.58 -9.2 1.13
47.5625 3.1875 12.3125 -3.72 -2.59 2.59
62.375 2.625 12.8125 -3.07 1.33 1.78
62.1875 2.75 12.9375 -2.73 9.71 -0.74
73.625 1.9375 13.0625 -3.54 8.61 2.22
74.0625 0.75 13.1875 -0.61 6.81 0.85
72.9375 -0.4375 13.4375 -0.42 7.16 1.03
61.625 -2.5625 13.5625 -0.49 3.13 2.73
57.8125 -4.375 12.875 -0.3 1.65 3.03
61.75 -5.9375 12.6875 -1.27 -1.87 3.87
56.8125 -6.5625 11.625 1.29 -5.93 0.42

%8
63.8125 -2 3.6875 -0.17 -0.01 -0.37
63.8125 -2.0625 3.75 -0.3 0.09 0.3
63.875 -2.0625 3.625 -0.23 0.29 -0.45
63.8125 -2.0625 3.625 -0.29 -0.26 -0.08
63.9375 -2 3.625 -0.24 0.41 -0.48
63.9375 -2.0625 3.6875 -0.39 0.05 -0.38
56.1875 -2.0625 4.125 -0.82 2.82 -1.26
56.5 -2.3125 5.6875 -0.42 7.51 1.06
61.6875 -3.0625 5.375 -0.74 6.53 1.38
57.1875 -3.1875 6.3125 -0.85 2.34 2.96
43.375 -3.25 7 -0.88 1.04 4.9
45.75 -3.3125 6.25 -2.98 -2.78 6.22
30.375 -1.875 4.375 1.59 -13.64 -1.87
28.4375 -1.5625 3.8125 2.16 -9.56 -5.03
29.25 -2.4375 1.5 1.39 -7.41 -3.17
40.125 -2.9375 0.75 -0.26 -6.13 -4.15
45.6875 -4 1.8125 -0.03 -4.21 -0.49
43.375 -5.125 3.125 -1.11 -1.42 2.41
58.4375 -5.6875 5.8125 -3.48 -1.11 5.27
56.25 -5.4375 7.125 -5.64 2.78 9.66
61.5625 -3.125 7.5 -5.9 10.52 4.59
63.8125 1.125 5.9375 -2.92 10.98 0.13
62.5625 4.9375 4.5625 -2.79 10.44 -2.59
58.5625 9.0625 4.5625 -0.07 5.69 -6.18
60.5 11.5625 5.4375 -1.26 2.32 -6.17
47.6875 12.8125 7.25 -1.52 -0.43 -5.36
41.4375 13.4375 8.5625 1.94 -4.19 -8.11
44.875 11.9375 8.5625 2.44 -8.08 -5.43
42.3125 9.375 8.875 -0.35 -9.4 -2.19
42.75 6.9375 9.0625 -0.61 -7.22 -2.31
44.8125 4.8125 9.25 -0.02 -7.69 -0.38
41.4375 2.3125 9.1875 -1.06 -3.94 1.2
45.9375 0.6875 9.75 -1.21 -3.45 1.79
60.625 -0.25 9.4375 -3.13 0.85 1.56
58.625 -0.125 10.125 -3.73 5.61 2.32
72.875 1.375 14.1875 -2.85 9.85 4.53
73.5 2.125 15.375 -0.37 5.15 0.62
63.375 2.3125 14.875 -0.46 6.12 -1.6
59.875 1 14.9375 -0.95 2.45 0.66
56.4375 -1 14.125 -1.24 0.79 1.9
59.875 -2.875 13.125 -0.92 -1.77 0.91
47.9375 -4.375 12.375 -0.62 -5.03 2.75
44.75 -4.8125 11.5625 -0.06 -3.91 -0.45

%8
56.125 -3.875 5.75 -0.48 0.11 -0.01
56.125 -3.9375 5.875 -0.46 0.15 -0.11
56.0625 -4.1875 5.875 -0.38 -0.26 0.06
56.0625 -4.25 5.6875 -0.48 0.37 -0.28
56 -4.25 5.75 -0.39 -0.39 -0.02
56 -4.125 5.625 -0.38 0.05 -0.5
56.0625 -4.125 5.625 -0.58 -0.1 0.48
56.625 -3.6875 7.0625 -0.09 5.71 -2.48
56.25 -4.3125 8.25 -2.93 7.69 1.14
60.6875 -5.625 7.875 -0.71 4.26 2.43
48.375 -6.6875 7.5625 -1.16 0.52 6.93
42.5 -6.0625 6.5625 -0.01 -3.14 2.46
45.625 -6 5.75 -1.05 -8.14 3.76
41.875 -4.6875 3.625 -0.34 -7.07 0.03
40.9375 -2.75 2.4375 -0.78 -6.24 -2.48
41.1875 -1.125 -0.0625 -0.47 -7.81 -4.64
43.125 0 -1.6875 1.3 -7.52 -6.71
40.75 -0.875 -2.5 -0.74 -5.41 -4.78
46.875 -2.5625 -2 -1.2 -1.29 1.88
62.3125 -4.3125 -0.6875 -3.25 4.07 8.38
60.6875 -3.25 2.0625 -5.9 8.04 8.67
73.375 -0.0625 1.8125 -5.59 13.25 3.77
73.3125 3.75 0.9375 -5.71 11.94 1.85
60.875 10.0625 0.4375 -1.21 6.04 -7.76
63.875 13.625 1.9375 -1.22 3.36 -6.14
56.625 16.625 4 -0.69 0.85 -7.97
42.625 17.125 6.375 -1.23 -0.99 -8.45
45.25 16.375 8.875 -0.63 -1.84 -8.67
29.9375 13.8125 11.75 -0.85 -10.02 -3.98
26.625 11.375 13.0625 -0.87 -10.44 -1.35
26.4375 8.6875 13.3125 -0.54 -10.91 -1.71
30.0625 5.3125 12.375 -0.61 -8.59 1.37
43.4375 3.125 11.25 -3.45 -3.38 3.46
42.8125 1 10.8125 -2.63 -1.06 1.6
57.4375 0 10.9375 -2.89 2.24 1.86
56.1875 -0.4375 9.9375 -3.18 4.51 -0.46
61 -0.625 9.5 -3.47 7.73 0.71
72.25 -0.6875 9.1875 -2.8 6.52 0.7
73 -1.0625 8.625 -0.58 6.48 -1.39
63.875 -2.4375 8.4375 -0.33 5.79 0.43
61.125 -3.9375 8.25 -0.88 2.98 2.55
56.75 -5.25 8.0625 -0.61 -0.31 2.62
61 -5.9375 7.875 -0.97 -0.96 0.54
56.8125 -6.625 7.875 -0.02 -4.44 1.65
46.3125 -6.9375 8.25 1.67 -5.12 0.57
45.3125 -7.375 8.5625 -0.11 -2.92 0.95

%8
46.125 -7.8125 10.8125 -0.19 -0.02 -0.02
46.125 -7.75 10.8125 -0.29 -0.07 0.09
46.25 -7.8125 10.8125 -0.16 0.38 -0.42
46.1875 -7.9375 10.8125 -0.2 -0.1 0.02
46.1875 -7.9375 10.8125 -0.19 0.18 -0.09
46.3125 -7.9375 10.75 -0.14 0.22 -0.27
46.3125 -8.0625 10.6875 -0.04 1.41 -0.52
46.5 -8.1875 11.3125 -0.9 4.58 0.9
45.5 -8.8125 11.25 -0.52 6.02 3.14
42.1875 -9 10.75 -1.13 2.82 4.21
46.375 -9 9.25 -0.62 -2.31 5.91
41.9375 -8.3125 4.8125 -0.52 -2.51 4.79
30.4375 -6.4375 1.5 -0.72 -7.71 1.31
28.5625 -1.8125 0.375 -0.02 -9.74 -6.12
29.25 0.4375 -1 1.64 -9.39 -7.63
41.625 0.875 -0.3125 -0.11 -8.71 -5.03
47.8125 -0.125 1.8125 -1.21 -3.66 1.47
56.75 -0.625 5.75 -5.2 -326.64 7.56
56 0.3125 7.5625 -5.68 6.91 6.9
62.3125 3.125 7.4375 -5.15 11.49 6.57
72.1875 6.5625 5.875 -3.76 12.31 3.45
62.625 10.8125 4 -3.29 9.75 -4.01
58 15.5 3.125 -3.44 6.59 -4.89
60.3125 18.75 3.9375 -0.96 2.73 -8.69
44.5625 20.75 6.1875 -0.4 -1.38 -11.34
45.8125 19.5 8.75 1.85 321.51 -10.34
34.3125 16.75 9.75 -0.63 -4.57 -6.26
30.75 12.5 9.375 -0.04 -9.08 -5.49
30.5 8.3125 9.25 -0.66 -6.53 1.94
40.5 4.8125 9.375 -0.88 -6.6 1.14
44 2.3125 9.125 -0.74 -4.26 2.83
41 0.25 9.375 -1.19 -0.58 2.78
47.5 -1.3125 10.375 -3.17 2.47 1.93
60.4375 -1.3125 10.0625 -0.65 5.12 -2.58
57.75 -2.25 11.1875 -2.87 8.81 1.03
59.0625 -3.75 10.125 -0.69 6.93 -1.34
58.4375 -6.125 10.125 -0.64 7.75 1.25
63.125 -8.6875 10.0625 -0.36 2.77 3.59
59.8125 -10.1875 10 -0.35 0.25 4.06
56.3125 -11.125 9.5 -1.09 -2.62 3.46
44.625 -11.25 9.5 -0.25 -3.38 0.6
42.3125 -11.4375 9.125 2 -5.16 -0.75

%8
63.75 -2.25 5.125 -0.35 -0.05 -0.13
63.875 -2.375 5.1875 -0.37 0.36 -0.05
63.875 -2.3125 5.375 -0.31 -0.1 -0.05
63.9375 -2.25 5.3125 -0.39 0.21 -0.19
63.875 -2.3125 5.25 -0.36 0.02 -0.14
63.8125 -2.375 5.25 -0.37 0.23 -0.44
63.9375 -2.3125 5.625 -0.18 1.26 -1.59
72.5 -2.75 8.0625 -0.24 7.31 -1.79
62.8125 -4.125 8.5 -0.27 7.08 0.35
58.1875 -5.6875 8.875 -0.34 1.93 5.05
61.3125 -6.5 8.125 -1.21 -0.53 5.2
47.5 -6.5 7.8125 -0.04 -4.24 4.53
43.625 -6 7.125 -0.31 -5.14 2.71
40.5 -4.3125 6.75 -0.27 -7.07 -0.86
47.875 -2.25 7.125 -0.69 -6.6 -5.35
41.375 -0.125 8.8125 -0.24 -6.56 -7.08
44 0.3125 8.375 1.28 -5.59 -6.01
57.125 -1.0625 8.4375 -2.67 -5.37 4.77
63.5625 -1.1875 9.5625 -2.85 0.51 4.06
61.9375 -0.375 11.125 -2.63 1.83 7.2
77.1875 2 11.3125 -2.92 8.02 5.59
73.5 5.125 9.875 -2.95 10.56 4.19
73.8125 8.6875 7.875 -3.13 11.52 -0.61
77.6875 12.5 6.625 -1 4.76 -3.59
73.8125 15.3125 7.4375 -0.64 4.92 -6.62
58.875 16.75 7.875 -0.55 0.06 -7.56
61.4375 17 9.5 -0.07 -1.47 -8.84
47.125 14.5625 9.875 -1.23 -4.49 -6.23
43.5 11.625 10.1875 -1.19 -5.48 -3.01
40.9375 7.9375 10.8125 -1.27 -9.04 0.72
40.9375 4.5 10.6875 -1.06 -8.77 0.5
43.625 1.9375 10.4375 -0.07 -7.29 0.31
56.0625 -0.0625 10.1875 -3.21 -5.13 4.53
63 -0.875 9.5 -3.23 -0.88 1
61 -0.875 9.0625 -3.47 2.43 0.57
74.875 -0.1875 8.1875 -2.62 6.4 -2.8
78.625 -0.125 7.3125 -1 9.77 -2.43
72.25 -1.3125 7.5 -0.88 8.91 -0.48
79 -2.875 7.8125 -0.35 4.7 2.89
76.0625 -4.1875 7.5 -0.9 4.09 -0.29
72.375 -5.9375 7.375 -0.88 0.2 2.32
60 -7.5 5.9375 -0.34 -1.27 3.35
63.9375 -7.875 5.8125 -0.68 -5.31 1.68
60.5 -8.125 5.375 -0.18 -4.26 0.72

%8
56.75 -10.875 7.125 -0.35 -0.15 0.36
56.875 -10.875 7.25 -0.23 0.59 -0.43
56.9375 -10.9375 7.4375 -0.34 -0.08 0.2
57 -10.875 7.375 -0.31 0.48 -0.43
56.9375 -11.0625 7.375 -0.26 -0.22 -0.13
57 -11 7.5 -0.41 -0.03 -0.2
57.1875 -11 7.6875 1.47 0.94 -1.59
57.6875 -11.6875 8.75 -0.78 6.15 2.69
56.125 -11.5625 9.3125 -1.14 6.12 -0.94
59.9375 -11.9375 9.125 -0.54 3.65 1.45
47.25 -12.3125 9.875 -0.05 -2.5 4.47
42 -12.4375 9.5625 -0.54 -3.48 4.53
46.4375 -11.5625 9.9375 -1.86 -6.54 4.23
43.9375 -9.3125 9.0625 -0.4 -6.99 0.73
42.875 -6.3125 7.8125 1.52 -8.11 -7.58
44.3125 -2.625 8.25 2.2 -8.09 -9.33
47.875 -1.625 9.75 -0.1 -6.48 -6.39
45.8125 -2.75 9.9375 -0.39 -3.75 -1.14
60 -3.375 12 -3.15 -2.59 3.26
60.75 -3.8125 13.875 -3.08 1.48 5.74
75.8125 -2.9375 14.875 -5.94 4.71 8.97
74.5625 -0.0625 14.375 -5.26 9.62 4.99
77.125 3.3125 12.1875 -3.34 13.13 3.5
75.9375 8.625 12.875 -2.76 10.58 -2.71
79.1875 12.5625 13.25 -2.85 5.13 -6.64
63.625 15.3125 13.5 -1.95 1.22 -8.54
57.3125 16.4375 14.6875 -0.81 -0.38 -7.4
58.3125 16.3125 15.5 -0.65 -3.85 -8.37
45.75 14.1875 15.1875 1.28 -6.83 -5.89
42.625 9.9375 15.125 1.73 -10.17 -2.23
42.125 6.625 14.375 -0.07 -10.75 0.03
45.625 3.1875 5.75 -0.3 -6.46 1.86
58.1875 1.1875 13.125 -2.64 -3.94 2.47
56.5625 -0.0625 12.5625 -3.64 0.68 0.87
61.6875 -0.625 12 -3.17 2.82 -0.46
75.0625 -1.1875 12.6875 -1.21 5.91 -1.39
79.375 -2.5 13.4375 -2.96 10.18 1.23
72.9375 -4.1875 14.75 -0.56 6.65 1.13
72.125 -5.4375 16.4375 -0.76 4.58 3.71
76.5 -7.6875 16.25 -0.07 3.23 4.06
72.0625 -8.5 16.25 -1 -1.49 4.33
59.5 -9.25 15.0625 -1.11 -3.57 4.42
56.5 -8.75 13.5625 -0.07 -2.65 -0.02
62.0625 -7.875 12.3125 1.32 -3.72 -1.28
61.0625 -7.375 11.625 1.41 -3.16 -1.11

%8
59.5 -5.75 10.6875 -0.2 -0.08 -0.2
59.5625 -5.8125 10.6875 -0.27 0.15 -0.27
59.625 -5.875 10.5625 -0.09 -0.01 -0.38
59.75 -6 10.6875 -0.09 0.11 -0.43
59.8125 -6.125 10.625 -0.2 0.24 -0.49
60 -6.25 10.8125 -0.24 0.22 0.28
60.5 -6.125 11.625 -1.12 5.15 0.64
59.875 -6.25 13.3125 -0.48 6.32 2.39
57.375 -6.5625 13.0625 -0.48 4.62 3.95
60.5 -7.3125 11.375 -0.63 0.73 5.33
56 -6.9375 9.5 -0.1 -3.3 4.34
43.25 -6.0625 7 -0.41 -6.33 2.56
40.5 -3.4375 4.625 1.4 -7.85 -3.37
46.125 -2.125 0.875 -325.19 -10.74 -5.89
47.0625 -1.5 -0.9375 1.71 -11.54 -4.84
44.1875 -0.875 -0.4375 -0.64 -8.65 -6.33
59 -2.5625 -1.1875 -3.72 -3.51 1.06
61.375 -3.4375 2.6875 -5.7 0.98 5.6
78.0625 -2.875 5.4375 -7.77 7.79 9.82
76.9375 0.0625 4.9375 -6.19 12.18 5.07
79.3125 3.875 3.3125 -4.87 11.03 0.4
78.1875 8.6875 1.4375 -3.82 10.71 -3.22
73.75 12.75 0.4375 -0.08 4.12 -8.81
74.75 14.9375 1.5 -0.55 0.76 -8.55
61.4375 14.875 3.5 -0.83 -0.85 -7.47
63 12.5625 4.1875 -1.15 -1.94 -5.43
58.625 10 5.6875 -0.84 -4.07 -3.84
47.3125 7.5 7.1875 1.77 -8.46 -4.16
46.3125 3.75 9.4375 1.28 -11.78 1.9
57.0625 1.125 11.6875 -0.21 -10.71 5.19
61.6875 0.625 11.125 -0.32 -6.29 -0.55
61.0625 0.375 11.5625 -3.06 -2.35 -1.3
75.8125 0.5625 11.3125 -2.82 3.58 -1.03
74.5 0.5 11.4375 -3.77 6.59 -1
78.4375 0.1875 12.375 -3.01 6.34 -0.14
89.125 -0.4375 13.875 -0.41 6.9 0.13
89.25 -2.5 14.125 -0.99 5.61 -0.07
88.3125 -5.0625 15.0625 -0.74 5.37 4.96
77.125 -7.75 14.6875 -0.92 2.93 4.48
73.3125 -9.3125 13.625 -0.28 1.19 2.85
75.9375 -10.5625 12.25 -0.26 -0.96 3.08
63.375 -10.6875 10.6875 -1.24 -1.82 1
58.625 -10.0625 9.8125 -0.49 -4.13 -1.11
63.625 -9.5625 9.625 1.59 -5.18 -1.93
62.25 -9.375 9.5 1.58 -2.59 -1.54

%8
61.5 -10.125 8.3125 -0.18 0.13 -0.03
61.5 -10.25 8.375 -0.17 0.2 0
61.4375 -10.25 8.3125 -0.25 0.31 0.46
61.4375 -10.125 8.3125 -0.04 0.06 -0.48
61.4375 -10.125 8.3125 -0.14 -0.01 -0.14
61.5 -10 8.3125 -0.03 0.34 -0.96
61.6875 -10.125 8.5625 -0.17 3.51 -1.01
61.875 -10.75 9.125 -0.32 6.66 2.32
59.875 -11.125 9 -0.23 4.89 2.81
63.3125 -10.875 8.875 -0.19 0.82 4.91
59.375 -10.375 7.875 -0.9 0.1 5.95
47 -8.8125 6.875 -0.64 -2.15 2.42
42.125 -6.1875 5.0625 -1.11 -7.49 -1.49
47.25 -4 2.875 -0.05 -9.73 -3.56
46.8125 -2.75 0.0625 2.01 -12.41 -6.58
42.6875 -2.75 -1.8125 -0.39 -7.9 -3.55
56.5 -3.8125 -0.875 -3.43 -4.4 4.25
57.6875 -3.5 1.8125 -3.74 3.4 5.16
73.0625 -1.8125 2.5 -3.66 9.63 4.01
77.6875 0.5 2.1875 -2.7 10.06 2.42
72.6875 4.75 1.75 -2.74 13.3 0.36
79.625 8.75 2.125 -2.78 9.15 -3.81
75.25 13.4375 4.6875 -0.87 5.1 -6.67
61.875 16 6.3125 -1.07 2.48 -9.71
62.375 15.75 7.5 -0.94 -1.73 -8.03
56.4375 14 7.6875 -1.13 -2.69 -4.15
42.5 10.5625 7.8125 -0.74 -6.49 -4.67
47.875 7.375 8.1875 -0.09 -8.89 -1.7
-2000.62 3.9375 8.375 -1.1 -9.89 1.95
41.8125 2.0625 8.5625 -1.12 -8.7 1.26
47 0.6875 8.6875 -1.24 -7.32 3.1
61.1875 0.6875 8.9375 -3.05 -2.51 0.3
61.25 0.8125 9.6875 -3.77 1.91 -0.08
75.375 0.9375 9.3125 -3.19 5.8 -2.39
72.6875 -0.0625 8.1875 -2.99 8.68 -0.29
74.8125 -1.1875 7.25 -0.55 9.82 -0.42
74.3125 -3.3125 7.75 -0.26 6.5 1.99
72.125 -4.75 7.9375 -1.71 5.89 2.15
75.625 -6.375 8.375 -0.09 1.66 2.43
63.25 -7.1875 8.75 -0.21 -0.9 2.23
58.125 -7.6875 8.5625 -0.18 -2.57 1.55
62.375 -7.5625 8.1875 -0.08 -4.7 -0.86
51.8125 -7.5625 8.25 1.79 -6.65 -0.15

%8
58.875 -6.6875 7.6875 -0.03 0.08 -0.55
58.9375 -6.75 7.625 -0.17 0.07 -0.02
58.9375 -6.6875 7.625 -0.22 -0.18 -0.05
59 -6.75 7.625 -0.14 0 -0.15
59.0625 -6.75 7.625 -0.21 0.2 -0.12
59.0625 -6.875 7.5625 -0.12 -0.19 -0.09
59.25 -6.8125 7.75 -0.28 2.67 -0.73
59.4375 -7.3125 8.0625 -0.4 6.52 1.85
58.1875 -7.625 7.9375 -0.58 7.62 -0.81
62.25 -8.5625 8.1875 -0.02 1.71 5.1
58.375 -8.875 7.0625 -1.02 1.13 5.19
44.5625 -8.0625 6.3125 -0.7 -4.74 4.12
40.0625 -6.5625 5.875 -0.27 -10.46 0.53
44.875 -4.75 0.875 1.82 -10.95 -3.77
45.5 -4.125 -3.25 -0.84 -8.81 -1.53
41.5625 -3 -4.375 -1.08 -8.36 -4.09
47.5625 -3 -3.875 -0.39 322.63 -2.57
56.5 -3.625 -1.4375 -2.57 0.32 2.56
63.8125 -3.5 0.75 -5.56 5.21 6.92
77.8125 -1.4375 1.25 -5.23 9.66 5.37
72.5625 1.875 0.8125 -2.76 13.65 0.38
72 6.75 0 -1.2 11.71 -4.35
76.5625 10.5 0.8125 -1.16 9.36 -6.81
61.625 13.5625 3.0625 -1.01 2.54 -10.77
62.9375 13.625 4.5 -0.94 -2.73 -9.5
56.875 11.3125 6.5 -1.07 -1.13 -5.45
42.6875 8.125 7.125 -0.46 -10.05 -3.98
47.3125 4 8.6875 1.5 -10.69 -2.02
47.0625 0.625 9 -0.25 -8.8 1.91
41.5 -2.5 8.625 -0.04 -6.59 0.92
45.5 -4.625 9.125 -3.1 -6.66 4.67
60.3125 -5.0625 9.3125 -2.76 -1.69 0.42
58.4375 -5.125 8.375 -3.3 2.28 0.41
72.9375 -4.4375 7.5 -0.98 5.16 -2.88
77.625 -4.5 7.8125 -1.17 8.69 -1.2
72.125 -5.1875 8.125 -0.13 7.8 -0.57
72.125 -6.5 7.5625 -1.09 7.21 -0.21
77.875 -9.0625 5.75 -0.32 5.98 1.05
74.25 -11.125 5.3125 -0.75 1.86 3.36
62.125 -12.375 5.1875 -0.25 -1.77 3.68
57.5625 -12.5 4.875 -0.73 -4.44 1.86
54.8125 -12.25 4.8125 1.38 -5.42 0.08
61.125 -11.625 5.6875 2.21 -4.62 -2.68
60.875 -11.9375 6.1875 1.47 -3.32 0.09
61.9375 -11.75 6.8125 1.3 1.04 -0.99

%8
59.875 -11 4.5625 -0.14 -0.13 -0.18
59.875 -11 4.6875 -0.12 0.01 0.09
59.9375 -10.9375 4.6875 -0.1 0.17 -0.43
60 -10.9375 4.8125 -0.11 -0.2 -0.24
60.1875 -11.125 4.875 -0.19 0.4 -0.2
60.25 -11.1875 4.9375 -0.04 0.52 -0.41
60.5625 -11.3125 5.4375 1.35 1.55 -1.36
61.0625 -11.75 6.4375 -0.95 7.31 -0.25
59.1875 -12.625 7.25 -0.37 5.93 2.66
63.5625 -13 7.125 -0.35 3.52 4.85
58.625 -12.875 5.6875 -3.35 -1.16 8.15
44.125 -11.375 1 -1.26 -4.78 3.76
47.375 -9 -2.3125 -0.1 -8.61 -0.33
43.5 -5.375 -6.0625 1.54 -12.15 -7.05
43.6875 -4.8125 -8.0625 1.5 -10.01 -2.93
47.375 -5.625 -9.125 -0.13 -7.19 -0.73
46.3125 -7.375 -7.25 -3.58 -1.07 5.65
61.0625 -7.1875 -3.875 -3.24 2.45 4.67
59.875 -5.625 -1.125 -2.6 5.25 2.67
72.6875 -3.625 -0.0625 -3.38 10.79 3.64
74.6875 -0.8125 -0.5625 -2.87 9.46 2.2
73.875 3.4375 -0.75 -2.79 8.22 -2.31
62.9375 7.25 -0.6875 -0.06 5.27 -7.41
57.875 10.1875 0.375 -0.45 3.21 -9.09
61.25 11.5625 2.0625 -0.7 1.39 -10.58
45.5625 10.6875 2.9375 -1.11 -5.46 -6.37
40.1875 8.5 3.25 -1.03 -8.61 -2.3
45.6875 5.875 5 1.62 -9.45 -1.83
38.1875 3.375 6.5625 -0.96 -9.87 1.79
41.5 0.875 7.5 -0.62 -7.32 2.65
46 -0.5625 8 -1.05 -4.67 1.97
60.125 -2.1875 7.125 -2.9 -0.29 2.34
56 -3.75 2.25 -0.98 -0.46 1
62.3125 -3.4375 2.875 -2.62 2.88 -3.49
75.75 -4 3.375 -2.8 7.92 -3.75
72.25 -6.125 4.125 -2.62 9.73 -1.04
73.125 -7.9375 5.3125 -0.61 7.15 0.35
79.6875 -10 5.75 -0.78 6.1 2.25
76.875 -11.125 6.3125 -2.12 3.32 3.48
72.375 -10.875 7.125 -0.48 0.67 2.16
60.1875 -10.6875 7.75 -1.12 -2.46 1.46
63.6875 -9.9375 7.5 1.34 -5.8 -0.55
61.5625 -9.125 8.0625 2.06 -5.14 -2.46

%8
57.6875 -11.125 7.875 -0.14 -0.06 -0.07
57.75 -11.125 7.8125 -0.16 0.06 -0.41
57.8125 -11.1875 7.875 -0.14 0.09 -0.33
57.8125 -11.125 7.75 -0.13 0.17 -0.48
57.75 -11.1875 7.8125 -0.12 -0.02 -0.24
57.8125 -11.3125 7.9375 -0.17 0.19 -0.2
58.0625 -11.375 8.25 -0.64 4.07 -0.02
57.5 -11.25 9.5 -1.09 4.96 0.73
63.6875 -11.3125 9.9375 -1.13 4.83 1.97
59.75 -11.75 8.875 -0.86 1.65 6.45
47.875 -11.125 7.1875 -1.22 0.35 5.72
42.25 -10.0625 1.8125 -2.69 -4.07 4.8
46.125 -6.8125 0 -0.13 -9.67 -2.87
43.25 -3.625 -1.375 2.05 -13.8 -4.9
44.3125 -2.625 -3.8125 -0.06 -9.02 -6.98
40.1875 -3.6875 -5.9375 -0.91 -10.88 -2.56
47.0625 -5.875 -5.8125 -2.83 -0.05 2.78
56.5625 -7.1875 -2.8125 -6.01 3.74 7.64
63.25 -6 -1.1875 -5.13 9.2 3.67
76.3125 -3.0625 -0.375 -3.37 11.68 2.77
77.25 0.625 -1 -3.55 13.08 -2.13
73.375 5.0625 -1.4375 -0.2 5.88 -7.63
60.0625 7.125 -1.9375 -0.43 4.44 -9.63
60.375 6.9375 -1.6875 1.81 -2.17 -7.31
47.625 6.4375 0.3125 -0.18 -2.82 -6.2
42.625 5 1.6875 -0.29 -6.44 -5.59
47.8125 2.625 2.3125 -0.78 -7.11 -0.82
46.1875 -0.0625 2.875 -0.03 -8.57 -0.45
47.125 -2.75 4 -0.68 -8.64 2.76
42.125 -4.5625 5.3125 -0.02 -7.52 1.17
56.1875 -5.6875 6.125 -2.64 -3.17 1.19
61.9375 -6.125 6.6875 -3.66 1.05 0.07
61.3125 -5.125 7.75 -2.99 4.59 -0.34
75 -3.9375 8.375 -1 9.27 -1.88
77.0625 -3.625 8.25 -1.22 8.91 -2.14
76.75 -5.125 8.25 -0.79 7.53 3.51
73.8125 -6.9375 8.875 -0.69 3.84 5.54
61.625 -7.5 9.625 -0.21 -0.38 3.46
56.25 -7.125 9.5625 -0.95 -3.86 1.45
60.3125 -6.3125 8.6875 1.65 -7.01 -1.66
58.4375 -5.8125 8.875 1.34 -4.59 -2.22

%9
60.125 -6.9375 6.75 -0.3 0.06 -0.13
60.125 -7 6.6875 -0.18 0.28 -0.31
60.0625 -7.125 6.6875 -0.14 0.11 -0.06
60.0625 -7.3125 6.625 -0.4 0.05 0.27
60.0625 -7.3125 6.75 -0.33 -0.08 -0.02
60.0625 -7.25 6.625 -0.14 -0.3 -0.26
60.125 -7.375 6.625 -0.03 -0.27 0.91
60.25 -7.5625 7.25 -1.01 -1.89 6.02
61.375 -7 8.9375 -0.98 0.73 6.83
62 -5.3125 9.125 -1.04 3.44 3.92
62.1875 -1.8125 10.0625 -1.18 6.11 0.01
60.875 1.625 11.5 -0.92 6.38 -2.57
56.75 4.625 11.625 -0.17 4.14 -6.67
60 5.75 11.3125 1.47 -0.42 -9.64
46.75 5.0625 11.4375 2.1 -3.14 -9.87
43.0625 2.375 11.0625 1.61 -5.71 -6.41
40.9375 -0.8125 10.0625 -0.43 -4.56 -3.93
47.8125 -5.125 9.0625 -0.49 -8.47 -0.27
41.6875 -9.625 7.8125 -1.14 -5.78 5.97
44.75 -11.9375 8.625 -2.83 -6.48 9.11
58.1875 -12.0625 10 -3.78 -1.32 10.26
63.0625 -10 10.75 -2.98 2.94 8.48
59.4375 -5.875 11 -2.61 4.64 2.45
61.4375 -2.1875 11.1875 -0.46 3.14 -0.16
63.125 1.5625 11 -0.47 4.48 -5.51
72.125 4.625 10.25 1.7 3.06 -7.34
72.125 6 9.6875 1.95 1.66 -7.39
72.25 6.3125 9.9375 1.64 1.82 -10.52
72 4.5625 10.25 1.85 0.25 -10.55
72.5625 0.5625 10.75 -1.67 2.17 -5.1
63.875 -3.1875 10.0625 -0.65 -0.31 -5.48
72.25 -8 10.6875 -3.2 0.81 4.17
72.125 -9.25 11.75 -1.17 -1.8 8.24
72.1875 -9.375 12.875 -0.01 -2.01 9.38
72.1875 -9.5625 11.375 -0.09 0.44 4.32
63.75 -10.25 11.125 -0.18 -1.09 3.72
63.375 -10.25 11.125 -0.14 -0.9 0.47
63.3125 -10.5 10.5 -0.53 -0.73 0.47

%9
72.5 -10.0625 4.3125 -0.52 -0.13 0.4
72.5 -10.125 4.3125 -0.14 -0.1 -0.86
72.5 -10.3125 4.3125 -0.52 -0.44 0.61
72.625 -10.25 4.3125 -0.36 0.22 -0.29
72.625 -10.375 4.3125 -0.3 -0.3 0.32
72.6875 -10.3125 4.5 1.28 -0.46 0.88
73 -10.3125 5.0625 -0.94 326.52 8.18
74.5625 -8.75 6.5625 -3.06 3.77 5.27
74.5 -6.25 4.875 -2.9 8.08 1.48
63.1875 -2.875 3.75 -2.11 4.84 -1.57
59.75 0.125 5.25 -0.83 2.57 -3.47
63.0625 3.5 7.1875 -0.09 1.93 -8.36
58.375 4.625 7.875 1.56 -0.8 -10.99
43.875 2.75 7.25 1.95 -4.19 -9.88
47.5 -0.3125 6.625 -0.52 -7.62 -5.97
44.9375 -5.3125 6.125 -0.73 -8.32 -0.45
45 -9.3125 6.6875 -0.84 -8.45 3.08
47.875 -13.1875 8.0625 -3.09 -7.82 6.98
44.25 -15.1875 10.1875 -3.38 -4.43 13.05
58.6875 -14.25 12.625 -5.39 -0.44 12
63.6875 -10.625 12.9375 -4.6 5.91 6.54
59.625 -5.1875 13.5625 -3.81 4.46 3.05
61.875 -0.125 13.1875 -1.13 4.6 -6.91
62.25 3.375 10.25 1.92 5.36 -9.2
61.9375 4.5625 9.375 1.82 1.9 -5.19
60.625 5.375 9.9375 2.48 -1.65 -5.06
60.125 5.5625 9.75 2.48 -0.33 -8.63
60.25 3.875 9.875 -0.16 1.72 -7.97
59.6875 1.3125 8.5625 -0.78 1.39 -8.22
59.6875 -2.5625 9.125 -0.94 -0.72 -1.93
60.5 -5.5625 9.1875 -2.6 -2.02 2.87
62.1875 -7.375 8.625 -0.51 -0.13 1.64
63.5625 -9.3125 8.25 -1.07 -0.16 7
72.5625 -11.25 8.625 -0.58 0.64 5.57
72.625 -13.0625 9 -1.08 -2.57 7.52
73.125 -12.8125 9.5 1.32 -0.18 -0.32

%9
61.6875 -8.0625 2.5625 -0.4 0.13 0.3
61.625 -8.0625 2.5 -0.32 0.1 -0.24
61.625 -8.125 2.5 -0.2 -0.13 -0.55
61.625 -8.125 2.5625 -0.47 -0.11 0.56
61.5625 -8.0625 2.5625 -0.32 -0.04 -0.23
61.625 -8.0625 2.75 -0.35 -0.51 0.32
61.8125 -7.875 2.8125 1.29 -0.48 1.72
62.375 -7.625 4.125 -0.65 -1.04 8.06
63.75 -6 5 -1.03 4.23 4
63.6875 -2.875 3.75 -0.82 5.16 1
61.875 0.0625 3.875 -0.28 3.8 -0.7
59 3.625 4.8125 -0.13 4.26 -3.41
63.6875 5.8125 5.625 -0.31 3.72 -5.34
59.25 7.25 6.3125 -0.04 2.6 -8.93
44.5 6.8125 6.5625 -0.15 -2.93 -10.43
47.125 4 5.625 1.43 -7.8 -8.76
43.8125 -1 5 -0.86 -10.59 -3.42
44.125 -5.75 5.5625 -1.25 -10.27 0.45
47.5625 -11.1875 6.25 -3.42 -6.23 3.77
43.875 -14.4375 8.4375 -2.67 -5.89 9.25
49.4375 -16.0625 10 -3.23 0.29 11.89
56.0625 -15.625 10.8125 -3.54 3.24 10.94
60.4375 -12.5625 12.125 -3.66 4.05 5.79
72.0625 -8.3125 12.0625 -2.92 6.27 0.87
73.25 -4.5 10.75 -0.36 6.3 -3.79
72.5625 -1.3125 9.375 2.37 3.1 -10.87
63.9375 0.625 7.3125 1.69 2.21 -6.14
63.375 1 7.1875 2.33 -0.28 -6.37
63.5 1.375 7.5625 1.47 2.07 -7.49
63.375 0.5 8.8125 1.31 -0.58 -6.93
62.75 -1.5625 8.625 -1.21 0.21 -4.44
62.5625 -3.75 8.5 -0.37 0.54 -0.9
62.25 -4.8125 8.4375 -0.98 -0.38 -1.28
62.4375 -6.8125 9.5 -0.96 -1.75 6.67
62.5 -8.625 9.375 -0.96 -1.41 8.34
62 -9.0625 10.5 1.28 -1.09 3.65

%9
63.3125 -5.375 3.125 -0.13 0.41 -0.79
63.25 -5.5 3.1875 -0.17 0.04 -0.65
63.1875 -5.625 3.1875 -0.3 0.07 -0.25
63.1875 -5.8125 3.125 -0.37 0.34 -0.22
63.125 -6.0625 3.1875 -0.11 -0.13 -0.73
63.1875 -6.25 3.25 -0.33 -1.39 0.77
63.5625 -6.5625 3.8125 -0.01 -2.71 3.84
72.8125 -6.1875 6.1875 -0.82 -3.73 5.41
75.9375 -4.3125 7.375 -0.58 1.68 4.28
78.25 -2.0625 6.125 -2.94 9.03 3.74
78 1.625 5.9375 -3.59 7.97 1.23
75.25 5.6875 6.75 -1.1 3.26 -3.24
63.125 9.875 7.6875 -0.66 2.06 -6.26
58.125 12.375 7.8125 -0.93 1.69 -10.66
60.875 11.75 7.5625 -0.89 -0.5 -8.36
47.5 9.5 6.5625 -0.22 -4.51 -8.77
43.125 4.9375 5.75 -0.77 -5.48 -5.94
41.125 0.0625 5.0625 -2.36 -8.19 0.96
41.6875 -5.25 5.4375 -0.54 -8.67 4.58
44.5625 -8.4375 8.1875 -2.89 -7.44 9.42
58.0625 -9.9375 10.3125 -3.6 -3.02 10.41
62.9375 -9.4375 10.875 -3.48 2.22 7.92
60.0625 -6.25 12.625 -3.62 2.61 5.97
63.3125 -2.75 12.75 -1.2 4.98 0.11
73.125 1.125 10.9375 -0.06 1 -3.2
75 3.5 9.0625 -0.72 5.31 -6.33
76 5.625 8.9375 1.62 2.28 -7.17
76.25 5.8125 8.9375 -0.14 2.16 -4.93
75.9375 5.3125 8.875 1.64 -0.18 -7.7
76.125 3.875 8.6875 -0.99 0.89 -6.85
76.1875 2.0625 7.8125 -2.7 0.01 -2.53
76.125 1.75 7.125 -0.53 0.09 -3.03
76.625 0.625 7.8125 -0.39 1.64 -0.63
76.4375 -1.9375 8.0625 -2.21 0.1 7.64
75.25 -5.5625 8.5 1.69 0.46 4.46
74.6875 -7.8125 9.1875 -0.68 -2.12 9.96

%9
74.5625 -3 8.5625 -0.31 0.02 -0.33
74.5625 -3.1875 8.5625 -0.37 -0.1 0.03
74.625 -3.1875 8.5625 -0.34 0.49 -0.28
74.625 -3.1875 8.6875 -0.29 -0.01 -0.07
74.6875 -3.25 8.75 -0.25 0.43 -0.72
74.3125 -3.5625 9.125 -0.26 -0.4 0.93
73.625 -3.6875 9.875 -0.23 -2.68 7.96
74.125 -2.3125 10.5625 -0.53 1.02 7.6
74.375 1.125 9.4375 -1.11 3.37 3.41
73.8125 4.5625 8.6875 -2.88 5 0.34
72 8 7.625 -2.87 5.77 -4.1
59.6875 11.1875 7.1875 -0.99 3.26 -6.64
63.125 12.75 7.3125 -0.72 0.74 -8.04
57.6875 12.5 7.875 -0.12 -0.61 -9.44
45.25 10.125 7.5625 -0.77 -5.32 -8.86
40.9375 4.875 5.625 -1.18 -6.25 -4.03
47 -0.0625 5.6875 -0.37 -11.16 2.18
40.5 -5 7.3125 -0.2 -8.92 6.34
43.9375 -8.125 7.6875 -2.63 -6.05 8.86
57.8125 -9.3125 8.8125 -2.98 -0.78 7.84
62.6875 -8.3125 9.875 -2.72 3 6.35
60.5 -6.125 10.8125 -3.26 4.72 10.83
72.3125 -2.625 11.3125 -3.77 7.6 4.41
73.875 1.8125 10.5625 -2.68 5.41 -2.76
73.75 5 9.75 -1.27 2.86 -6
73.1875 7.8125 9.5 1.57 0.65 -8.93
73.125 9 8.8125 0.37 1.68 -11.37
73.1875 8.375 9 -0.24 0.34 -9.24
73.25 6.375 8.75 -0.6 0.62 -7.71
73.3125 3.1875 8.1875 -1.21 0.63 -2.92
73.125 2.1875 8.9375 -3.29 0.63 -0.36
72.9375 -0.25 9.75 -1.26 -2.62 8.74
72.625 -2.4375 9.9375 -0.19 -0.8 8.17
63.6875 -4.5 10.3125 -0.04 -2.6 9.86

%9
73.8125 -5.875 8.375 -0.42 -0.43 0.07
73.875 -5.75 8.375 -0.35 0.3 -0.49
73.8125 -5.875 8.375 -0.32 -0.22 0.11
73.9375 -5.75 8.375 -0.31 0.22 -0.3
74 -5.875 8.3125 -0.26 0.3 -0.33
74.125 -5.75 8.375 1.6 0.37 1.64
74.125 -5.5625 8.375 -0.52 -0.24 8.55
75.1875 -3.8125 9.4375 -1.14 4.95 5.23
74.6875 -0.6875 9.375 -0.61 3.33 0.03
72.1875 2.9375 7.625 -0.66 3.54 -2.18
61.5625 5.875 7.1875 -0.95 4.67 -6.29
56.6875 8.125 7.625 -0.05 2.15 -9.19
51.625 8.125 7.5625 -1.15 -0.94 -8.02
45.5625 6.5 6.4375 -0.07 -3.86 -9.46
41.5625 2.6875 5.5625 -1.12 -7.97 -2.72
47.0625 -2.125 4.875 -0.88 -10.09 -1.04
40.0625 -5.875 6.5625 -0.04 -9.89 3.38
44.4375 -10.375 7.4375 -3.01 -6.17 8.54
57.875 -12.375 9.3125 -3.64 -3.14 10.88
56.875 -12 10.8125 -2.7 3.21 10.24
61.4375 -9.6875 12.1875 -2.64 3.78 8.96
73.6875 -4.875 13.25 -2.59 5.5 4.61
75.5 -0.0625 13.0625 -1.28 4.27 0.38
76.75 5.375 12.6875 -2.66 4.26 -5.25
77.125 9.375 11.6875 1.5 3.74 -12.06
76.75 10.6875 2.875 1.54 3.73 -10.89
76.375 10.375 11 -0.05 1.39 -9.79
75.625 7.875 10.6875 -0.06 0.85 -8.7
74.9375 4.25 10.375 -0.96 -0.96 -6.51
74.875 -0.125 9.25 -2.63 0.59 0.04
73.75 -1.6875 9.25 -3.73 -1.34 1.37
73.5 -3.25 8.75 -0.14 1.92 3.7
72.5625 -7.5625 9.3125 -0.53 -1.34 11.21
64.1875 -9.9375 9.25 -0.23 -1.56 9.47

%9
76.625 -7.625 6.25 -0.27 0.28 -0.64
76.625 -7.75 6.3125 -0.47 -0.44 0.56
76.6875 -7.6875 6.3125 -0.37 0.22 -0.08
76.6875 -7.6875 6.3125 -0.27 0.07 -0.2
76.75 -7.625 6.375 -0.32 0.47 -0.06
76.75 -7.6875 6.5 1.73 0.51 0.95
76.9375 -7.625 7.1875 -1.5 -0.18 6.79
77.8125 -6 7.4375 -0.8 4.41 3.69
77.3125 -3.75 7.1875 -2.64 5.13 1.77
75.0625 -0.0625 7 -2.72 5.4 -1.91
63.4375 2.625 6.1875 -0.5 3.14 -6.43
57.6875 4.9375 6.0625 -0.58 0.5 -9.21
60.1875 4.625 5.5 -0.2 -2.49 -7.7
46.5625 2.9375 4.8125 1.55 -5.67 -6.33
43.875 0.4375 5.75 -0.47 -6.61 -4.42
42.75 -4.6875 6.5 -0.29 -7.57 0.51
43.5625 -8.5625 6.625 -1.08 -7.51 0.94
46.8125 -12.4375 7.625 -0.69 -6.84 5.76
58.8125 -14.125 8.5 -1.21 -3.54 8.12
57.0625 -14.3125 10.5 -2.6 0.85 10.26
61.75 -12.3125 11.5625 -3.45 2.77 6.57
74.375 -8.3125 12.75 -3.73 5.18 5.33
76.6875 -3.9375 12.375 -0.76 5.56 -1.24
77.4375 0.5625 10.625 -0.18 4.05 -3.84
77.25 3.9375 9.8125 -0.32 1.5 -8.63
77.3125 5.5625 9.125 -0.36 1.52 -7.96
77 5.1875 7.9375 1.46 1.8 -9.06
76.625 3.125 7.6875 -0.51 1.38 -8.52
76 0.1875 7.25 -0.06 0.37 -6.02
75.375 -2.8125 7.1875 -0.94 -0.08 -2.4
67.1875 -5.1875 6.9375 -0.66 1.3 -3.21
75.375 -9.6875 6.5 -2.98 -0.47 6.94
75.25 -12.3125 7.3125 -1.26 -2.06 10.16
75.4375 -13.875 7.75 -0.55 -0.99 10.18

%9
79 -2.25 7.375 -0.44 0.07 -0.2
79.0625 -2.4375 7.375 -0.57 -0.18 0.33
79.0625 -2.4375 7.4375 -0.41 0.16 -0.14
79 -2.5625 7.4375 -0.34 -0.21 -0.05
79.0625 -2.5 7.5 -0.42 0.12 0.14
79.125 -2.4375 7.5625 -0.53 -0.15 0.55
79.4375 -2.25 8.375 1.99 -1.06 3.52
72.4375 -1.75 9.3125 -0.91 0.55 9.47
73.3125 1.5 9.4375 -3.61 7.04 3.44
79.4375 5.3125 9.875 -3.18 4.38 -0.63
76 9.3125 10.1875 -1.23 3.88 -5.38
63.75 10.9375 9.125 -0.94 3.14 -7.57
58.5625 11.3125 8.5625 -0.04 -0.57 -8.82
60.25 9.5 7 -1.24 -3.52 -7.86
47.375 6.375 5.4375 -0.28 -7.63 -6.56
44.4375 1.8125 6.5625 -1.06 -7.87 -0.99
43.9375 -1.9375 6.875 -1.09 -8.5 1.14
46.4375 -6.75 8 -0.58 -6.14 4.45
58.25 -9.5625 9.3125 -0.97 -5.6 6.17
56.75 -11.4375 12.3125 -3.68 -1.53 11.82
62.5 -10.75 14.25 -2.9 2.93 11.33
76.0625 -6.9375 16.5625 -2.91 4.07 8.2
78.625 -2.0625 16.375 -3.48 4.74 2.92
79.6875 4.0625 15 -3.03 3.61 -2.74
79.5 8.6875 12.125 -1.19 2.56 -10.07
78.8125 11.25 9.25 -0.07 0.93 -11.78
78.875 11.625 9.0625 1.46 1.59 -13.03
78.25 9 8.0625 -0.61 -0.53 -11.17
77.9375 4.625 7.1875 -2.71 0.69 -6.29
77.375 -1.4375 6.5625 -1.12 -0.63 -5.5
77.5 -7.3125 6.625 -2.78 -0.69 2.75
77.5625 -13.6875 7.3125 -3.38 -0.18 9.85

%9
60.625 3.0625 7.5 1.4 -0.77 -1.45
61.0625 2.1875 7.5625 -0.48 -0.71 0.69
61.6875 1.875 7.3125 -0.3 0.59 -0.21
62.375 1 7.1875 -0.64 0.27 0.54
62.875 0.8125 7.125 -0.63 1.22 0.37
63.125 0.6875 7.1875 -0.48 0.53 2.11
63.375 1.5625 7.375 -0.51 4.15 2.97
62.9375 2.625 7.625 -2.66 5.26 7.59
61.4375 6 7.875 -1.27 6.57 0.98
57.4375 9.75 8.3125 -0.8 4.6 -6.84
60.6875 11.0625 8.875 -0.04 0.02 -8.76
46.8125 10.875 8.6875 1.44 -3.05 -10.6
42.875 8.3125 7.6875 -0.51 -3.82 -8.11
47.5625 3.4375 6.1875 -0.05 -5.43 -4.03
46.4375 -1.0625 4.75 -0.53 -6.42 -0.59
46.75 -5.8125 3.9375 -0.71 -6.78 3.82
41.375 -10.4375 4.25 -1.06 -6.36 7.17
44.875 -12.875 4.6875 -2.62 -5.72 8.15
59.1875 -14 6.1875 -3.45 -0.86 8.5
56.75 -13.25 7.375 -3.79 3.42 8.71
62 -10 9.3125 -3.82 5.59 6.5
73.4375 -6.0625 10.3125 -3.42 4.79 3.15
75.75 -1.125 10.3125 -3.25 3.52 0.39
77 2.9375 9.875 -1.13 4.46 -5.06
76.25 6.9375 6.6875 1.28 1.4 -10.01
75.75 8.8125 5.4375 2.06 1.43 -10
75.6875 9.125 5.375 1.63 0.54 -8.75
75.625 7.875 5.25 -0.8 0.11 -7.38
75.75 5.5625 5.4375 -0.4 -0.16 -6.23
75.875 2.6875 5.875 -2.89 -0.86 -3.23
76.375 -1.625 6.9375 -3.01 0.23 -0.79
76.8125 -5.8125 7.4375 -2.84 -0.98 1.99
77.375 -10.6875 7.875 -0.37 -1.71 6.77
77.8125 -13.8125 9.125 -1.15 -0.85 11.16

%9
73.5 -2.1875 2.8125 -0.26 0.19 -0.41
73.5 -2.25 2.875 -0.21 -0.11 -0.36
73.5625 -2.5 2.875 -0.26 0.18 0.16
73.625 -2.5 2.875 -0.24 0.13 -0.05
73.625 -2.625 2.75 -0.33 0.19 -0.01
73.5625 -2.6875 2.75 -0.21 -0.04 0.16
73.5625 -2.5 3 1.83 -0.44 2.69
73.875 -1.8125 3.8125 -0.77 0.7 6.81
74.4375 0.25 3.6875 -1.7 3.31 4.87
73.875 3.25 3.625 -0.91 5.4 1.12
63.5625 7.25 2.8125 -0.93 5 -2.41
59.9375 10.1875 2.375 -1.23 4.02 -3.11
62.5625 13.125 2.9375 -0.69 1.55 -8.04
57.625 13.75 3.1875 -1.19 0.33 -7.54
44.4375 13.125 3.625 -0.67 -5.5 -11.14
39.8125 9.4375 4.0625 -0.26 -7.01 -7.58
45.5 3.75 3.875 -0.44 -8.12 -2.59
37.8125 -1.5625 3.75 -0.39 -6.58 0.89
40.125 -7.8125 4.6875 -2.62 -7.67 11.13
43.75 -10.6875 5.4375 -0.73 -4.41 9.69
57.125 -12.1875 5.4375 -0.82 -2.37 10.28
62.3125 -11.1875 7.0625 -2.6 1.6 11.91
58.75 -8.3125 7.5625 -3.74 4.65 9.62
63.1875 -2 8.375 -2.79 6.98 0.24
72.5625 3.25 7.5 -2.66 3.59 -6.06
72.75 8.6875 6.625 -0.21 1.57 -11.23
73.0625 10.8125 6.5625 -0.51 0.2 -8.18
73.3125 12.125 5.125 2.07 1.13 -12.21
73.375 10.9375 4.9375 -0.52 0.38 -8.79
73.6875 8.125 4.875 -2.66 0.02 -6.99
73.9375 4.3125 3.8125 -2.78 -0.89 -5.69
73.9375 0.9375 4.125 -2.96 0.9 -0.4
74.125 -2.75 5.375 -3.43 0.81 3.2
75.4375 -8.1875 5.8125 -2.81 2.92 6.42
75.375 -12.0625 6 -1.69 -0.47 8.66
75 -14.875 7.875 2.36 -0.35 8.55

%9
75.375 -7.8125 2.875 -0.37 -0.27 0.15
75.375 -7.8125 2.8125 -0.1 0.2 -0.75
75.3125 -7.9375 2.8125 -0.3 -0.28 0.26
75.3125 -8 2.8125 -0.27 -0.1 0.12
75.3125 -7.9375 2.875 -0.04 -0.23 -0.56
75.375 -7.875 3 2.3 0.11 1.61
75.875 -7.625 4.375 -0.57 -3.55 10.13
77.6875 -5.3125 4.4375 -0.17 5.27 0.59
77.3125 -2.75 3.375 -1.79 4.18 0.02
76.1875 0 3.75 -1.2 5.2 -0.92
73.1875 3.25 3.375 -0.41 4.77 -4.6
61.125 4.9375 3.1875 -0.35 1.45 -6.75
63.6875 5.8125 3.0625 -0.33 1.31 -10.16
50.125 4.6875 2.5625 -0.03 -4.9 -8.88
44.1875 1.5625 1.25 -0.17 -7.94 -8.6
41.75 -2.3125 1 -0.64 -10.28 -0.18
42 -6.8125 1.6875 -2.58 -10.63 3.71
45.25 -10.4375 2.625 -2.05 -4.53 4.67
57.6875 -14.1875 4.75 -1.27 -4.43 10.19
54.9375 -15.4375 7.75 -1.16 -0.42 10.7
61 -14.6875 10.75 -3.96 2.44 11.61
73.25 -11.5625 12.375 -2.64 4.81 7.94
76.6875 -7 12.125 -2.87 5.75 3.36
69.6875 -2.1875 11.125 -3.31 4.44 -2.63
77.75 3.375 8.6875 -0.8 1.97 -9.76
77.1875 5.9375 6.6875 1.75 0.62 -11.2
76.5625 6.875 5.1875 2.31 -1.3 -9.77
77 6.1875 4.125 1.97 -0.08 -9.17
78 4.125 4.0625 -0.79 -0.96 -8.48
79.6875 1.75 3.5625 -1 0.35 -5.3
73.1875 0.375 2.3125 -2.7 -0.99 -6.08
74.8125 -1.5625 2.125 -3.36 2.31 -4.18
75.4375 -6.9375 3.125 -3.48 -0.03 6.03
75.5 -10.9375 4.375 -0.52 -0.64 11.3
75.125 -14.875 5.3125 1.53 2.06 8.28
73.8125 -16.625 5.6875 -0.1 -1.62 8.06

%9
79.25 -8.625 5.5625 -0.19 0.16 -0.34
79.3125 -8.8125 5.5 -0.24 0.25 -0.1
79.25 -8.9375 5.4375 -0.21 0.05 -0.41
79.25 -9 5.4375 -0.1 0.01 -0.3
79.1875 -9.0625 5.5 -0.3 -0.07 0.43
79.25 -9.0625 5.5 -0.07 -0.2 0.17
79.375 -8.8125 5.6875 2 0.2 2.3
72 -8.1875 6.375 -0.89 0.95 10.03
72.8125 -5.6875 6.0625 -0.58 4.81 2.68
72.875 -2.0625 5.625 -3.08 7.33 0.25
78.3125 1.4375 5.0625 -1.05 5.54 -6.63
73.125 4.5625 5.0625 -0.68 2.19 -7.38
60.625 6.3125 5.8125 -0.16 0.27 -9.3
62.6875 6 5.1875 -0.96 -4.55 -9.46
57.75 3.1875 3.375 -0.63 -6.45 -6.95
46 -1.25 3.1875 -0.71 -9.01 -0.91
45.4375 -4.8125 3.8125 -0.58 -9.01 1.28
47.875 -9.6875 4.1875 -1.92 -6.49 6.19
59.3125 -12.75 4.8125 -0.61 -4.98 7.98
56.875 -14.5625 6.75 -1.09 -1.72 9.08
61.9375 -14.1875 9.0625 -1.21 2.22 9.8
74.8125 -11.5 11.5625 -3.44 3.32 9.83
78 -7.25 12.75 -3.82 4.25 3.89
72.4375 -0.875 12.6875 -3 5.42 -0.5
72.5625 3.6875 11.375 -0.61 1.41 -5.34
72.9375 8.125 9.0625 -0.79 1.78 -8.56
72.5625 10.5 7.375 2.15 1.23 -11.43
72.4375 10.5 6.4375 1.57 0.69 -7.33
72.3125 9.875 6.375 -0.14 0.23 -7.7
72.125 7.9375 6.5625 -0.99 -0.41 -6.99
72.125 5.125 5.875 -0.37 0.69 -4.7
72 1.125 5.0625 -3.16 -0.13 -2.57
79.75 -1.875 4.5 -3.39 -1.87 -1.2
79.5625 -6.5625 3.875 -3.7 -0.35 2.16
79.125 -10.5625 4.0625 -0.68 -0.22 6.26
78.375 -14.1875 5.1875 1.44 -0.79 11.03
77.9375 -14.6875 5.5625 -0.63 -0.51 8.62

%9
75.5625 -3.4375 7.9375 -0.2 0.27 -0.3
75.5625 -3.5 7.9375 -0.24 0.14 -0.07
75.5 -3.5625 8.0625 -0.38 0.12 0.27
75.4375 -3.5 8.0625 -0.18 0.09 -0.54
67.375 -3.625 8.125 -0.08 -0.16 0.28
75.375 -3.5 8.4375 1.48 -0.35 1.45
75.5625 -3.5 10.125 -0.53 -2.73 8.39
76.6875 -2.4375 11.625 -0.32 0.33 6.72
77.5625 0.1875 10.125 -0.5 6.52 0.27
76.9375 3.625 9.5625 -2.66 7.1 -2.24
74.6875 6.875 9.3125 -0.94 6.81 -6.16
61 9.125 9.25 -2.78 2.4 -6.71
63.4375 10 9.5 -1.06 0.74 -9.62
47.875 8.5 7.5 -1.03 -5.82 -10.27
43.4375 5.25 5.8125 -1.07 -6.78 -5.16
40.5625 0.0625 7.1875 -0.15 -8.3 -1.34
40 -4.0625 8.75 -1.09 -10.81 2.21
42.6875 -8.875 8.5 -0.66 -6.62 7.76
46.4375 -11.6875 9.8125 -0.67 -5.27 8.82
61.4375 -12.5625 12.375 -3.66 -0.49 12.91
58.9375 -10.625 14.25 -3.39 3.81 9.05
63.5625 -6.125 15.5 -3.61 2.88 7.32
74.4375 -0.875 15.3125 -3.13 5.7 0.82
75.875 4.625 14.125 -0.84 3.23 -4
76 8.4375 12.125 -0.99 2.76 -8.58
75.9375 11.8125 10.3125 -0.83 1.75 -10.71
76.9375 13.375 12 -0.59 4.48 -12.25
75.8125 12.125 10.875 -0.62 -1.2 -10.7
75.3125 9.25 9.375 -2.84 0.02 -5.97
74.6875 6.625 9.375 -2.7 1.04 -5.14
73.9375 3.9375 9.5625 -3.28 -2.88 -1.09
74.75 -1.5625 9.125 -1.21 1.7 4.49
74.75 -6.5625 10.125 -0.4 -1.8 13.77

%9
70.25 0 3.25 -0.26 0.05 -0.29
78.25 0 3.25 -0.39 0.23 -0.29
78.25 0 3.3125 -0.26 -0.1 -0.36
78.3125 0 3.25 -0.17 -0.05 -0.39
78.3125 -0.125 3.375 -0.24 -0.05 -0.2
78.4375 -0.25 3.375 -0.13 -0.05 -0.01
78.4375 -0.3125 3.4375 2.11 -0.27 1.46
78.4375 -0.4375 4.25 -0.1 -5.43 9.67
72.125 1.3125 5.4375 -1.25 5.74 3.66
72.375 4.25 5.875 -3.72 7.9 2.76
77.5 9 5.5 -3.83 5.92 -1.82
73.0625 12.6875 5.5625 -3.29 0.8 -5.58
58.625 15.625 4.75 -0.85 -0.63 -9.32
61.1875 16 4 -0.66 -3.83 -9.53
47.9375 14.1875 2.9375 -0.49 -6.05 -9.08
45.125 10.8125 2.6875 -0.15 -5.72 -7.35
43.9375 4.6875 3.3125 -0.9 -9.81 -1.52
45.6875 -1.25 3.625 -0.82 -9.68 5.59
58.6875 -7 4.1875 -1.22 -5.65 9.84
63.625 -9.375 5.9375 -1.09 -2.83 9.7
62.375 -8.875 9.375 -3.12 2.65 12.41
74.6875 -5.8125 12.375 -0.53 4.13 7.68
78.5 -1.1875 14.3125 -2.85 5.64 6.74
72.125 3.75 14.5 -3.14 4.43 3.61
72.9375 9.8125 12.4375 -2.79 4.4 -4.15
79.8125 14.125 10.1875 -0.42 0.02 -7.31
79.3125 17.375 8.125 -1.14 1.74 -10.95
79 18.0625 7.4375 -0.99 -0.36 -10.13
71.0625 17.4375 7.1875 -1.25 -0.29 -10.05
78.9375 14.375 7.25 -0.62 -0.47 -7.82
79 9.625 6.8125 -3.82 -0.62 -2.07
79.125 5.5 6 -3.09 0.22 -3.49
79.375 -0.5625 5.9375 -3.64 0.76 3.52
79.625 -5.4375 5.875 -0.91 0.54 8.17
79.125 -9.6875 6.1875 -0.69 0.02 10.5
78.6875 -11 6.25 1.39 -0.26 8.31

%9
73.5 -2 4.6875 -0.47 0.33 0.3
73.5 -1.9375 -2043.31 -0.29 0.31 -0.54
73.5 -2 4.6875 -0.43 0.27 0.18
73.5 -1.8125 4.6875 -0.17 0.31 326.78
73.5 -1.9375 4.625 -0.31 0.11 -0.35
73.5 -1.9375 4.6875 -0.27 0.16 -0.46
73.5 -2.125 4.6875 -0.22 -0.08 0.11
73.5 -2.1875 4.9375 2.01 -0.63 2.64
74.5 -2.1875 8.1875 -2.86 -1.06 14.62
75.6875 0.75 8.3125 -0.89 6.2 1.31
74.375 4.3125 9.1875 -3.06 3.18 0.73
72.4375 7.5625 9.0625 -3.43 6.65 -4.13
75.5 10.4375 8.1875 -0.87 1.93 -8.8
62.3125 11.1875 7.3125 -0.6 -0.3 -9.79
63.875 9.5625 6 -0.3 -2.62 -7.92
59.125 6.8125 4.875 -0.9 -5.62 -8.08
47.8125 1.6875 4.25 -0.33 -8.44 -3.3
47.875 -3.3125 3 -1.2 -5.92 -0.73
57.8125 -9.3125 2.5625 -0.81 -6.75 6.92
61.125 -12.4375 3.375 -1.03 -5.92 10.57
57.5 -14.125 4.875 -1.27 -1.38 11.24
63.3125 -13.1875 6.75 -2.68 -0.59 11.95
76.6875 -10 7.75 -3.16 5.32 7.51
73.1875 -5.625 8 -3.73 5.48 3.16
75.0625 -1.8125 7.8125 -2.65 4 2.55
75.75 3.5625 6.8125 -2.63 4.2 -5.3
75.0625 6.375 6.1875 -0.28 0.81 -3.94
74.125 9.9375 4.6875 2 1.5 -11.31
73.75 10.8125 4.75 -0.3 1.27 -7.45
72.75 10.8125 4.875 1.87 -1.75 -8.81
72.4375 9.25 4 -1.11 0.72 -9.28
72.25 7 3.5625 326.94 -1.28 -7.6
72.375 4.1875 2.5625 -3.09 0.37 -5.07
72.375 -0.5625 2.625 -2.75 0.21 -0.31
72.8125 -4.3125 2.5625 -3.43 1.27 1.93
73.375 -8.75 2.875 -2.83 1.44 4.74
73.125 -11.9375 3.25 -0.83 -1.58 10.65
72.625 -13.75 5.375 2.07 -1.03 10.99

%9
73.375 -5.6875 3.1875 -0.33 -0.03 -0.29
73.3125 -5.8125 3.25 -0.33 -0.13 0.07
73.375 -5.9375 3.375 -0.41 0.12 0.2
73.4375 -6.1875 3.375 -0.55 0.07 0.36
73.5 -6.125 3.4375 -0.37 0.3 -0.25
73.5 -6.0625 3.5 -0.3 -0.19 0.11
73.5625 -5.875 3.6875 1.63 0.12 1.19
74.125 -5.4375 5 -1.14 0.55 6.03
76.4375 -2.1875 10.75 -3.1 5 8.14
76 1.5 12 -2.58 6.04 1.07
72.25 6.0625 10.0625 -2.88 5.68 -4.46
67.375 8.625 8.25 -0.97 3.81 -7.38
61.4375 9.8125 6.5 -0.56 -0.35 -9
62.3125 8.9375 4.5 -0.12 -2.44 -8.64
57.0625 6.625 2.75 -0.97 -6.01 -6.96
45.6875 3.5 4.5 -0.83 -8.2 -5.1
44.6875 -0.5 4.5 -0.3 -8.87 -0.42
45.625 -5.25 3.375 -1.13 -6.92 1.06
57.4375 -10.6875 4.25 -1.2 -5.41 7.6
61.625 -13.625 5.5 -1.15 -3.21 8.89
59.75 -15 8.3125 -3.2 -0.3 11.37
73.0625 -13.1875 11.3125 -2.65 2.01 9.92
78.25 -9 14.9375 -3.3 5.22 8.29
74.0625 -2.5 16 -3.18 4.9 3.6
75.3125 2.9375 15 -3.23 4.24 -3.05
74.3125 8 3.8125 -1.1 2.4 -5.1
72.625 11.625 9.4375 -0.8 -0.34 -8.42
72.0625 14.5625 7.875 1.86 0.22 -12.82
72.0625 14.125 7.0625 1.3 0.11 -10.51
72.3125 12.125 6.6875 -1.16 0 -8.47
72.375 8.8125 6.0625 -0.89 0.33 -7.6
72.4375 5.1875 5.4375 -3.2 0.22 -4.37
72.5 0.75 5.5625 -2.6 0.37 -1.18
72.3125 -3.25 5.4375 -3.13 -0.05 2.3
72.8125 -7.9375 5.9375 -1.21 1.45 5.55
72.5 -11.3125 6.0625 -0.14 -0.25 8.7
72.1875 -13.9375 6.25 1.52 -1.61 8.05

%9
73.9375 -1.8125 3.1875 -0.3 0.27 -0.17
74.0625 -1.875 3.1875 -0.26 0.04 -0.05
74.0625 -1.75 3.125 -0.18 0.45 -0.68
74.0625 -1.9375 3.1875 -0.27 0.13 0.17
73.9375 -1.875 3.25 -0.06 0.27 -0.36
73.875 -1.875 3.25 -0.15 -0.15 0.54
73.9375 -1.75 3.5 2.53 1.2 1.71
74.1875 -1.5625 4.75 -0.58 3.12 6.5
74.25 0.375 5.375 -0.58 3.92 4.76
73 3.75 4.875 -1.24 5.52 0.71
62.5 6.875 4.75 -2.59 4.42 -5.52
57.375 9.3125 3.625 -2.57 -0.27 -8.47
60.5 10.3125 2.125 -0.05 -0.59 -11.28
46.5 8.9375 0.4375 -0.45 -4.36 -8.47
43.125 6.1875 -0.0625 -0.25 -5.49 -5.49
40.5625 1.1875 -1.3125 -0.74 -6.82 1.13
40.0625 -2.5625 -1.25 -0.66 -9.39 2.91
42.5625 -7.3125 -0.625 -0.09 -7.79 7.53
46.6875 -10.0625 -0.0625 -0.56 -3.74 7.68
60.6875 -11.5625 2.375 -0.58 -0.72 8.58
57.75 -10.875 6 -1.76 2.45 8.82
62.8125 -8.5 8.0625 -0.4 4.57 5.64
73.9375 -5.6875 9 -3.16 4.05 7.37
76.9375 -0.625 9.125 -2.64 6.41 2.26
76.9375 4.5625 7.8125 -1.02 3.71 -4.65
75.8125 8.875 6.1875 -0.8 2.02 -7.5
74.5 13.5 4.5625 -0.71 0 -11.56
73.625 14.375 4.1875 1.55 -0.92 -9.11
72.8125 13.8125 4.75 1.53 -1.78 -2.47
72.625 13.1875 5 1.47 -2.17 -3.03
73.1875 12.375 4.125 -1.28 0.96 -7.12
73.375 10.625 3.375 -0.1 -0.35 -8.91
73.4375 8.5625 3.375 -2.75 0.42 -4.8
73.5 6 2.9375 -0.59 0.51 -4.59
73.6875 1.0625 2.625 -3.23 -1.94 2.19
74.0625 -3.6875 2 -2.86 0.33 1.76
74.0625 -10.75 1.75 -0.95 -0.6 9.92
74 -14.375 2.125 -1.04 -0.74 13.01

%9
63.9375 -6.4375 4.3125 -0.24 0.49 0.5
63.9375 -6.5625 4.375 -0.07 0.13 -0.04
63.875 -6.5625 4.4375 -0.16 -0.11 0.21
63.875 -6.5 4.375 -0.09 -0.12 -0.29
63.875 -6.375 4.375 -0.16 0.21 -0.2
72 -6.4375 4.375 -0.11 0.3 -0.4
72.0625 -6.4375 4.4375 -0.03 0.06 -0.14
72.125 -6.5 4.5625 1.62 -0.14 0.19
72.3125 -6.875 5.1875 2.02 -0.94 4.81
73.4375 -5.9375 8.25 -0.74 0.6 10
74.125 -3 7.875 -0.55 6.37 0.7
72.8125 -0.0625 5.4375 -1.16 4.89 -0.65
63 3.0625 5.0625 -2.69 4.72 -4.09
58.9375 6.5625 4.8125 -0.87 2.72 -5.98
62.75 8.5 5.125 -0.38 1.26 -8.15
56.875 9 5.625 -0.98 -4.42 -7.91
45.4375 7.6875 6.4375 -1.01 -1.83 -7.91
41.625 4.5625 6.875 -0.8 -5.31 -2.9
39.5 1.6875 6.3125 1.77 -5.17 -5.61
46.9375 -3.25 5.1875 -1 -7.64 -0.45
40.1875 -7.375 5.0625 -0.17 -7.38 2.47
43.8125 -11.75 5.6875 -0.45 -5.21 6.59
56 -13.75 6.6875 -1.24 -2 9.19
61.6875 -14.4375 8.625 -2.73 1.09 9.82
58.0625 -13.375 10.6875 -3.33 1.71 10.49
62.1875 -10.625 12.25 -3.54 6.01 5.99
73.3125 -5.75 12.5625 -3.73 4.66 4.4
74.25 -0.25 11.75 -2.59 4.22 -3.03
73.8125 5.125 9.25 -1.27 2.62 -6.57
72.9375 8.375 7.3125 1.58 0.42 -10.68
72.6875 10 5.875 2.05 0.85 -9.82
73.125 10 6.5625 1.71 -0.19 -5.9
73.6875 9.4375 6.4375 -0.12 0.05 -8.09
73.875 7.5625 6.3125 -0.05 0.34 -8.16
73.625 4.0625 5.5 -1.09 1.22 -6.94
73.6875 1.625 5.8125 -2.77 -0.33 -1.33
74 -0.8125 5.8125 -3.21 0.09 0.33
74.875 -5 4.25 -1.09 1.67 2.38
75.25 -10.8125 3.375 -0.08 2.55 6.41
74.0625 -15.125 4.625 -0.35 -3.41 13.58

%9
63 -5.5 5.625 1.28 0.24 -0.42
62.9375 -5.4375 5.625 -0.07 -0.06 -0.12
62.875 -5.4375 5.6875 -0.04 -0.05 -0.17
62.875 -5.4375 5.6875 -0.01 0.02 -0.44
62.9375 -5.625 5.6875 -0.13 0.29 -0.18
63 -5.625 5.625 -0.15 -0.1 -0.07
63 -5.625 5.75 1.4 0.09 0.41
62.9375 -5.875 6.0625 -0.43 -0.44 7.14
63.375 -5.25 5.375 -0.51 5.02 6.67
62.625 -1.75 3 -0.52 6.07 1.35
60.75 1.9375 4.375 -0.72 4.24 -3.32
56.9375 5.75 5.4375 -1.03 3.94 -4.65
60.625 8.125 5.5 -1.03 2.63 -7.48
46.375 9.125 5.125 -0.96 -0.4 -7.85
41.125 8.4375 4.5 -1.19 -3.57 -8.72
44.25 5.5625 4 -1.11 -6.74 -7.56
41.75 1.5 3.625 -1.08 -8.79 -5.29
41.6875 -4.875 3.5625 -2.62 -8.79 0.95
44.0625 -9.6875 3.5 -1.06 -5.04 2.71
40.25 -14.6875 5.3125 -2.67 -5.23 8.23
45.1875 -17.4375 7.0625 -1.22 -2.5 11.92
59.75 -17.8125 10.125 -2.96 0.43 16.48
56.875 -14.5625 11.1875 -3.84 4.54 9.23
60.9375 -9 12.0625 -3.84 5.6 5.94
63.0625 -2.875 12.25 -3.47 7.06 -2.74
63.4375 1.8125 12.25 -1.08 4.05 -6.21
63.125 6.875 10.5625 1.29 2.21 -11.05
62.6875 8.8125 10.5 2.53 0.28 -10.39
62.75 9.8125 11.3125 1.63 -0.14 -8.63
62.625 9.5 9.9375 -0.1 0.97 -11.5
63.5 7.5 9.4375 -0.75 1.09 -8.3
63.6875 4.8125 8.125 -2.66 1.42 -9.64
63.6875 0.125 6.125 -5.31 -0.42 -1.66
72 -3.25 5.25 -3.82 0.01 1.27
63.9375 -8.875 4.875 -3.22 0.34 11.33
72.5625 -12.4375 4.375 -1.2 1.31 13.25

%9
61.3125 -8.6875 6.8125 -0.03 0.18 -0.76
61.3125 -8.8125 6.875 -0.15 0.15 -0.27
61.4375 -8.8125 7 -0.49 0.26 0.42
61.4375 -8.8125 6.875 -0.16 0.43 -0.7
61.375 -8.9375 6.875 -0.29 -0.35 0.52
61.375 -8.875 7.125 -0.01 -0.11 0.43
61.3125 -8.6875 7.6875 -0.59 -3.23 6.65
62.625 -7.875 9.3125 -0.34 3.63 7.16
63.0625 -5.4375 8.375 -1.12 6.4 2.98
62.1875 -1.375 8.125 -1.11 5.45 0.11
59.875 2 8.3125 -0.97 4.33 -2.17
63.6875 5.5 8.625 -0.41 2.54 -5.32
59.75 7.625 8.375 -2.41 2.49 -7.52
45.75 8.9375 7.125 -0.19 0.51 -10.9
40.1875 8.125 6.25 -0.12 -5.39 -9.23
43.0625 5.375 5.4375 -0.12 -6.24 -7.47
40.75 1.25 5.875 -1.07 -9.93 -0.04
41.1875 -4.625 6.75 -0.62 -8.91 0.7
43.75 -10.0625 6.1875 -3.13 -6.68 7.7
40.25 -13.875 7.8125 -2.76 -6.83 8.85
45.625 -15.0625 9.875 -3.1 -1.14 9.6
58.6875 -14.625 12.4375 -2.58 1.5 10.95
56.375 -10.625 15.75 -3.42 2.58 6.88
60.3125 -6.1875 17.375 -3.56 4.21 4.32
63.5 -0.875 17.625 -3.35 3.22 1.91
73.25 4.8125 15.0625 -1.16 3.8 -5.81
73.3125 8.6875 11.25 -0.49 3.52 -7.71
72.5625 12.1875 8.375 1.63 1.88 -11.68
72.5 13.1875 8.625 1.43 1.29 -9.46
72.5 12.9375 9.3125 -0.67 0.93 -8.59
72.0625 11.3125 9.3125 -0.28 0.74 -8.47
63.9375 8.75 8.125 -2.97 0.75 -6.06
63.75 4.6875 6.25 -3.8 -0.64 -3.27
72.0625 0.8125 5.5 -2.91 0.6 1.44
72.625 -4.9375 6.5 -3.07 0.14 7.18
72.8125 -8.75 6.5 -0.51 -0.32 10.29
72.8125 -11.5625 5.875 2.14 1.43 4.6
63.8125 -13.5 7.3125 1.84 -4.08 12.61

