GRT_PIPELINE_FILE_V3.0
PipelineMode: CLASSIFICATION_MODE
NumPreprocessingModules: 1
NumFeatureExtractionModules: 0
NumPostprocessingModules: 0
Trained: 1
Info: 
PreProcessingModuleDatatypes:	MovingAverageFilter
FeatureExtractionModuleDatatypes:
ClassificationModuleDatatype:	DTW
PostProcessingModuleDatatypes:
PreProcessingModule_1
GRT_MOVING_AVERAGE_FILTER_FILE_V1.0
NumInputDimensions: 5
NumOutputDimensions: 5
FilterSize: 4
GRT_DTW_Model_File_V2.0
Trained: 1
UseScaling: 0
NumInputDimensions: 5
NumOutputDimensions: 0
NumTrainingIterationsToConverge: 3
MinNumEpochs: 0
MaxNumEpochs: 100
ValidationSetSize: 20
LearningRate: 0.1
MinChange: 1e-05
UseValidationSet: 0
RandomiseTrainingOrder: 1
UseNullRejection: 0
ClassifierMode: 1
NullRejectionCoeff: 3
NumClasses: 3
NullRejectionThresholds:  0 0 0
ClassLabels:  2 1 3
DistanceMethod: 1
UseSmoothing: 0
SmoothingFactor: 5
UseZNormalisation: 0
OffsetUsingFirstSample: 0
ConstrainWarpingPath: 1
Radius: 0.2
RejectionMode: 0
NumberOfTemplates: 3
OverallAverageTemplateLength: 32
***************TEMPLATE***************
Template: 1
ClassLabel: 2
TimeSeriesLength: 38
TemplateThreshold: 423.047
TrainingMu: 127.168
TrainingSigma: 98.6262
AverageTemplateLength: 39
TimeSeries: 
6.65625	-0.105	0.15	-0.525	2.57779e+263	
6.66667	-0.116667	0.0866667	-0.36	2.57779e+263	
6.67188	-0.115	0.1025	-0.4375	2.57779e+263	
6.67188	-0.15	0.065	-0.31	2.57779e+263	
6.73438	-0.28	0.4325	-0.29	2.57779e+263	
7.04688	-0.325	1.85	-0.435	2.57779e+263	
7.46875	-0.3775	2.9675	-0.165	2.57779e+263	
7.84375	-0.33	3.86	0.27	2.57779e+263	
8.07812	-0.2125	4.05	1.35	2.57779e+263	
8.03125	-0.2975	2.0475	3.29	2.57779e+263	
7.64062	-0.43	-0.2375	4.43	2.57779e+263	
6.46875	-0.0325	-3.2525	3.6775	2.57779e+263	
4.42188	0.46	-7.07	1.41	2.57779e+263	
1.82812	1.07	-8.545	-1.81	2.57779e+263	
-0.359375	1.22	-9.0325	-3.0675	2.57779e+263	
-0.609375	0.1175	-7.405	-2.1725	2.57779e+263	
0.796875	-1.2875	-3.67	-0.21	2.57779e+263	
3.07812	-3.0825	-0.125	2.7225	2.57779e+263	
5.25	-4.36	4.67	3.3525	2.57779e+263	
5.96875	-4.5675	7.6725	3.0475	2.57779e+263	
5.75	-3.94	9.1225	1.52	2.57779e+263	
5.17188	-2.87	8.3375	-1.62	2.57779e+263	
4.5625	-1.8425	5.5025	-3.8825	2.57779e+263	
4.5	-1.0675	2.19	-5.4075	2.57779e+263	
5.03125	-0.27	-0.84	-6.66	2.57779e+263	
5.75	0.555	-3.6975	-6.25	2.57779e+263	
6.29688	1.4275	-6.6125	-4.925	2.57779e+263	
6.875	1.2925	-8.385	-2.5225	2.57779e+263	
7.45312	0.635	-8.975	0.2325	2.57779e+263	
7.82812	-0.6325	-6.65	1.68	2.57779e+263	
8.03125	-1.4675	-2.7425	1.41	2.57779e+263	
7.71875	-1.9775	0.8675	0.07	2.57779e+263	
7	-2.5375	4.6125	-0.47	2.57779e+263	
6.3125	-1.9375	6	-0.53	2.57779e+263	
5.98438	-1.695	5.925	0.3775	2.57779e+263	
5.90625	-1.1425	5.3525	1.4625	2.57779e+263	
5.90625	-0.495	3.0775	1.7625	2.57779e+263	
5.75	-0.4	0.705	1.975	2.57779e+263	
***************TEMPLATE***************
Template: 2
ClassLabel: 1
TimeSeriesLength: 26
TemplateThreshold: 263.507
TrainingMu: 61.0903
TrainingSigma: 67.4723
AverageTemplateLength: 25
TimeSeries: 
8.03125	-0.25	-0.005	0.065	2.57779e+263	
8.04167	-0.236667	0.0166667	-0.116667	2.57779e+263	
8.03125	-0.2525	0.1225	-0.115	2.57779e+263	
7.98438	-0.28	0.1375	-0.1325	2.57779e+263	
7.96875	-0.265	0.0825	-0.155	2.57779e+263	
8.01562	0.275	-0.17	0.2375	2.57779e+263	
8.3125	0.115	0.245	1.8375	2.57779e+263	
8.26562	-0.6025	2.455	2.1325	2.57779e+263	
7.9375	-1.295	3.6875	1.13	2.57779e+263	
7.64062	-1.7975	3.695	-0.7325	2.57779e+263	
7.07812	-1.765	2.88	-4.4975	2.57779e+263	
6.54688	-0.995	-0.065	-6.2025	2.57779e+263	
6.04688	-0.3225	-2.1975	-6.15	2.57779e+263	
5.45312	-0.4175	-3.145	-5.3475	2.57779e+263	
5.10938	-0.375	-5.105	-1.895	2.57779e+263	
4.875	-0.6375	-5.575	0.8825	2.57779e+263	
4.85938	-0.785	-6.05	3.17	2.57779e+263	
5.23438	-0.9475	-5.745	5.625	2.57779e+263	
6.15625	-0.8625	-3.8175	6.8275	2.57779e+263	
7.6875	-1.315	-1.5325	7.575	2.57779e+263	
9.42188	-1.955	1.38	7.43	2.57779e+263	
10.8594	-2.43	3.6675	5.7725	2.57779e+263	
11.3594	-2.5975	5.275	2.3525	2.57779e+263	
11.2656	-1.9125	4.9025	-0.9575	2.57779e+263	
10.6094	-1.2925	4.1875	-3.675	2.57779e+263	
9.65625	-0.5525	2.625	-4.525	2.57779e+263	
***************TEMPLATE***************
Template: 3
ClassLabel: 3
TimeSeriesLength: 32
TemplateThreshold: 84.6191
TrainingMu: 43.9723
TrainingSigma: 13.5489
AverageTemplateLength: 33
TimeSeries: 
6.28125	-0.37	-0.08	-0.04	2.57779e+263	
6.29167	-0.37	0.02	-0.0533333	2.57779e+263	
6.29688	-0.345	0.0325	-0.09	2.57779e+263	
6.32812	-0.3575	0.08	0.055	2.57779e+263	
6.375	0.1925	0.3175	0.1525	2.57779e+263	
6.59375	-0.09	0.2175	1.87	2.57779e+263	
6.875	-0.2225	1.3025	2.8425	2.57779e+263	
7.07812	-0.8025	2.4675	3.3	2.57779e+263	
7.20312	-1.915	3.69	2.585	2.57779e+263	
6.95312	-1.665	4.52	-0.72	2.57779e+263	
6.60938	-1.61	3.5425	-3.945	2.57779e+263	
6.1875	-1	1.6375	-6.3125	2.57779e+263	
5.64062	0.0675	-1.13	-7.4175	2.57779e+263	
5.53125	0.075	-3.5675	-6.915	2.57779e+263	
5.64062	0.1475	-5.585	-4.485	2.57779e+263	
5.92188	-0.0725	-6.84	-2.325	2.57779e+263	
6.625	-0.6325	-7.1325	0.6975	2.57779e+263	
7.3125	-0.8175	-6.365	3.8325	2.57779e+263	
8.3125	-1.395	-4.26	6.27	2.57779e+263	
9.54688	-1.9875	-1.69	7.6775	2.57779e+263	
10.8281	-2.7475	1.315	7.57	2.57779e+263	
11.7969	-2.635	3.59	5.23	2.57779e+263	
11.8281	-2.03	4.39	1.705	2.57779e+263	
11.3906	-1.2475	4.0725	-2.095	2.57779e+263	
10.4844	-0.405	3.1575	-5.4175	2.57779e+263	
9.375	0.15	2.2175	-7.3725	2.57779e+263	
8.64062	0.0675	1.55	-8.5425	2.57779e+263	
8	0.1325	1.2675	-7.89	2.57779e+263	
7.51562	-0.0125	0.8675	-6.5	2.57779e+263	
7.26562	-0.5425	0.7425	-5.0375	2.57779e+263	
6.96875	-1.16	0.28	-1.1725	2.57779e+263	
6.98438	-1.46	-0.3275	2.8725	2.57779e+263	
