GRT_PIPELINE_FILE_V3.0
PipelineMode: CLASSIFICATION_MODE
NumPreprocessingModules: 1
NumFeatureExtractionModules: 0
NumPostprocessingModules: 0
Trained: 1
Info: 
PreProcessingModuleDatatypes:	MovingAverageFilter
FeatureExtractionModuleDatatypes:
ClassificationModuleDatatype:	DTW
PostProcessingModuleDatatypes:
PreProcessingModule_1
GRT_MOVING_AVERAGE_FILTER_FILE_V1.0
NumInputDimensions: 5
NumOutputDimensions: 5
FilterSize: 4
GRT_DTW_Model_File_V2.0
Trained: 1
UseScaling: 0
NumInputDimensions: 5
NumOutputDimensions: 0
NumTrainingIterationsToConverge: 3
MinNumEpochs: 0
MaxNumEpochs: 100
ValidationSetSize: 20
LearningRate: 0.1
MinChange: 1e-05
UseValidationSet: 0
RandomiseTrainingOrder: 1
UseNullRejection: 0
ClassifierMode: 1
NullRejectionCoeff: 3
NumClasses: 3
NullRejectionThresholds:  0 0 0
ClassLabels:  3 1 2
DistanceMethod: 1
UseSmoothing: 0
SmoothingFactor: 5
UseZNormalisation: 0
OffsetUsingFirstSample: 0
ConstrainWarpingPath: 1
Radius: 0.2
RejectionMode: 0
NumberOfTemplates: 3
OverallAverageTemplateLength: 32
***************TEMPLATE***************
Template: 1
ClassLabel: 3
TimeSeriesLength: 35
TemplateThreshold: 2596.48
TrainingMu: 263.126
TrainingSigma: 777.785
AverageTemplateLength: 34
TimeSeries: 
5.53125	-0.215	0.205	-0.22	2.57779e+263	
5.5	-0.213333	0.153333	-0.283333	2.57779e+263	
5.48438	-0.185	0.1175	-0.2875	2.57779e+263	
5.46875	-0.2125	0.06	-0.095	2.57779e+263	
5.46875	-0.17	-0.0525	-0.0275	2.57779e+263	
5.53125	0.3825	-0.015	0.65	2.57779e+263	
5.76562	0.185	0.22	3.2325	2.57779e+263	
5.90625	0.115	1.44	3.795	2.57779e+263	
5.9375	-0.6375	3.3225	3.815	2.57779e+263	
5.78125	-1.4	4.6575	1.5825	2.57779e+263	
5.45312	-1.3475	4.9675	-2.77	2.57779e+263	
5.39062	-1.2425	3.8325	-5.765	2.57779e+263	
5.28125	-0.7125	0.8625	-8.1925	2.57779e+263	
4.85938	-0.6075	-2.135	-8.2725	2.57779e+263	
4.39062	-0.615	-4.935	-6.655	2.57779e+263	
3.89062	-0.72	-7.255	-4.01	2.57779e+263	
3.64062	-0.96	-7.74	-0.0975	2.57779e+263	
4	-0.955	-7.3725	3.635	2.57779e+263	
4.89062	-1.05	-5.55	6.1325	2.57779e+263	
6.20312	-1.2075	-2.7425	8.2625	2.57779e+263	
8.04688	-1.5875	-0.29	9.1725	2.57779e+263	
10.0312	-2.39	2.0175	8.15	2.57779e+263	
11.5156	-2.8675	3.8025	5.755	2.57779e+263	
12.0938	-2.7175	3.6	1.97	2.57779e+263	
11.4688	-2.055	3.215	-2.6275	2.57779e+263	
10.125	-0.5625	2.46	-6.4575	2.57779e+263	
8.5625	0.58	1.2775	-8.165	2.57779e+263	
7.3125	0.6975	0.9825	-8.755	2.57779e+263	
6.6875	0.6475	0.435	-8.3625	2.57779e+263	
6.3125	0.0175	0.3	-6.68	2.57779e+263	
5.96875	-1.165	0.095	-5.49	2.57779e+263	
5.5	-1.9775	-0.43	-3.865	2.57779e+263	
4.82812	-2.655	-0.415	-1.5775	2.57779e+263	
4.375	-2.7325	-0.6425	1.1625	2.57779e+263	
4.40625	-1.5825	-0.8075	4.5625	2.57779e+263	
***************TEMPLATE***************
Template: 2
ClassLabel: 1
TimeSeriesLength: 26
TemplateThreshold: 162.431
TrainingMu: 41.6707
TrainingSigma: 40.2534
AverageTemplateLength: 25
TimeSeries: 
8.03125	-0.25	-0.005	0.065	2.57779e+263	
8.04167	-0.236667	0.0166667	-0.116667	2.57779e+263	
8.03125	-0.2525	0.1225	-0.115	2.57779e+263	
7.98438	-0.28	0.1375	-0.1325	2.57779e+263	
7.96875	-0.265	0.0825	-0.155	2.57779e+263	
8.01562	0.275	-0.17	0.2375	2.57779e+263	
8.3125	0.115	0.245	1.8375	2.57779e+263	
8.26562	-0.6025	2.455	2.1325	2.57779e+263	
7.9375	-1.295	3.6875	1.13	2.57779e+263	
7.64062	-1.7975	3.695	-0.7325	2.57779e+263	
7.07812	-1.765	2.88	-4.4975	2.57779e+263	
6.54688	-0.995	-0.065	-6.2025	2.57779e+263	
6.04688	-0.3225	-2.1975	-6.15	2.57779e+263	
5.45312	-0.4175	-3.145	-5.3475	2.57779e+263	
5.10938	-0.375	-5.105	-1.895	2.57779e+263	
4.875	-0.6375	-5.575	0.8825	2.57779e+263	
4.85938	-0.785	-6.05	3.17	2.57779e+263	
5.23438	-0.9475	-5.745	5.625	2.57779e+263	
6.15625	-0.8625	-3.8175	6.8275	2.57779e+263	
7.6875	-1.315	-1.5325	7.575	2.57779e+263	
9.42188	-1.955	1.38	7.43	2.57779e+263	
10.8594	-2.43	3.6675	5.7725	2.57779e+263	
11.3594	-2.5975	5.275	2.3525	2.57779e+263	
11.2656	-1.9125	4.9025	-0.9575	2.57779e+263	
10.6094	-1.2925	4.1875	-3.675	2.57779e+263	
9.65625	-0.5525	2.625	-4.525	2.57779e+263	
***************TEMPLATE***************
Template: 3
ClassLabel: 2
TimeSeriesLength: 39
TemplateThreshold: 364.181
TrainingMu: 108.297
TrainingSigma: 85.2949
AverageTemplateLength: 39
TimeSeries: 
8.6875	-0.225	0.06	-0.24	2.57779e+263	
8.70833	-0.25	0.03	-0.19	2.57779e+263	
8.6875	-0.2275	0.08	-0.2675	2.57779e+263	
8.6875	-0.1925	0.08	-0.2625	2.57779e+263	
8.625	-0.2025	0.095	-0.225	2.57779e+263	
8.57812	-0.18	0.2	-0.3875	2.57779e+263	
8.625	-0.2225	0.47	-0.2875	2.57779e+263	
8.76562	-0.4325	1.985	-0.62	2.57779e+263	
9	-0.59	3.7075	0.51	2.57779e+263	
9.15625	-0.745	4.0075	2.57	2.57779e+263	
8.82812	-0.8325	3.4025	3.965	2.57779e+263	
7.6875	-0.765	0.565	4.89	2.57779e+263	
5.42188	-0.57	-3.4425	3.2925	2.57779e+263	
2.90625	0.2325	-6.72	0.1475	2.57779e+263	
0.515625	0.7225	-8.9225	-2.5925	2.57779e+263	
-1.10938	0.8125	-10.115	-4.23	2.57779e+263	
-0.78125	-0.07	-9.1325	-3.06	2.57779e+263	
0.78125	-2.0825	-4.97	0.2425	2.57779e+263	
3.15625	-3.7075	-0.05	3.215	2.57779e+263	
5.64062	-4.9225	5.73	5.43	2.57779e+263	
6.875	-4.885	10.1425	5.1775	2.57779e+263	
6.85938	-4.3675	10.795	2.805	2.57779e+263	
6.4375	-3.76	8.92	0.2975	2.57779e+263	
5.875	-3.155	6.12	-2.47	2.57779e+263	
6.10938	-2.2975	2.7025	-4.9525	2.57779e+263	
7.01562	-1.5125	-0.2075	-6.85	2.57779e+263	
8.20312	-0.33	-3.305	-7.375	2.57779e+263	
9.59375	0.755	-6.3	-6.3625	2.57779e+263	
10.6875	0.745	-8.98	-4.4725	2.57779e+263	
11.4219	0.715	-10.305	-1.9525	2.57779e+263	
11.875	-0.7	-8.42	0.125	2.57779e+263	
12.2344	-1.8625	-5.5275	1.1975	2.57779e+263	
12.4844	-2.525	-0.1875	1.19	2.57779e+263	
12.7812	-3.265	4.265	1.4625	2.57779e+263	
13	-2.4875	6.615	1.0275	2.57779e+263	
13.1562	-1.825	8.0725	0.84	2.57779e+263	
13.3125	-1.265	6.4275	1.7075	2.57779e+263	
13.2656	-0.455	4.6875	1.91	2.57779e+263	
13.1406	-0.62	2.5175	2.665	2.57779e+263	
