GRT_PIPELINE_FILE_V3.0
PipelineMode: CLASSIFICATION_MODE
NumPreprocessingModules: 1
NumFeatureExtractionModules: 0
NumPostprocessingModules: 0
Trained: 1
Info: 
PreProcessingModuleDatatypes:	MovingAverageFilter
FeatureExtractionModuleDatatypes:
ClassificationModuleDatatype:	DTW
PostProcessingModuleDatatypes:
PreProcessingModule_1
GRT_MOVING_AVERAGE_FILTER_FILE_V1.0
NumInputDimensions: 6
NumOutputDimensions: 6
FilterSize: 3
GRT_DTW_Model_File_V2.0
Trained: 1
UseScaling: 0
NumInputDimensions: 6
NumOutputDimensions: 1
NumTrainingIterationsToConverge: 3666458941
MinNumEpochs: 0
MaxNumEpochs: 100
ValidationSetSize: 20
LearningRate: 0.1
MinChange: 1e-05
UseValidationSet: 0
RandomiseTrainingOrder: 1
UseNullRejection: 0
ClassifierMode: 1
NullRejectionCoeff: 3
NumClasses: 3
NullRejectionThresholds:  0 0 0
ClassLabels:  3 2 1
DistanceMethod: 1
UseSmoothing: 0
SmoothingFactor: 5
UseZNormalisation: 0
OffsetUsingFirstSample: 0
ConstrainWarpingPath: 1
Radius: 0.2
RejectionMode: 0
NumberOfTemplates: 3
OverallAverageTemplateLength: 23
***************TEMPLATE***************
Template: 1
ClassLabel: 3
TimeSeriesLength: 27
TemplateThreshold: 304.219
TrainingMu: 116.448
TrainingSigma: 62.5903
AverageTemplateLength: 29
TimeSeries: 
195.562	-3.39583	-3.60417	0.02	-0.08	2.68	
195.604	-3.58333	-3.14583	0.07	0.216667	3.98	
195.937	-3.08333	-2.8125	-0.14	0.366667	4.17667	
196.521	-1.52083	-2.83333	0.0433333	0.69	2.22333	
197.062	0.645833	-3.20833	-0.116667	0.176667	0.476667	
197.479	2.875	-3.8125	-0.26	0.2	-0.0766667	
197.854	5.29167	-4.33333	-0.363333	-0.09	-1.27667	
198.146	7.75	-4.9375	-0.566667	-0.333333	-2.23	
198.708	10.2083	-5.47917	-0.433333	-0.253333	-4	
199.333	11.9583	-6.14583	-0.43	-0.14	-4.23333	
199.896	12.625	-6.1875	-0.306667	-0.29	-3.72333	
200.396	12.2083	-6.04167	-0.37	-0.71	-4.01333	
201.479	10.2917	-5.97917	-0.606667	0.35	-4.39667	
202.417	6.04167	-6.08333	-1.07667	2.96	-3.12667	
201.375	0.333333	-5.3125	-1.25667	4.41	1.08667	
197.229	-4.8125	-2.8125	-0.976667	2.76333	5.42333	
191.542	-7.125	1.08333	-0.473333	-1.43667	7.01333	
186.375	-6.08333	5	-0.64	-4.88667	5.47	
183.687	-2.02083	7.45833	-1.45667	-6.08	2.37333	
183.604	4.22917	7.29167	-2.23	-5.24667	-1.55667	
186.25	10.1875	5.27083	-2.39333	-3.33	-5.35667	
191.291	13.5208	2.14583	-2.1	-0.4	-7.04667	
197.229	12.9375	-0.75	-1.48667	2.75	-5.76333	
202.333	9.35417	-2.72917	-1.04	3.99333	-1.32	
204.75	4.91667	-3.375	-0.426667	3.13667	2.12	
205.167	1.60417	-3.0625	-0.0166667	1.36	3.33	
204.771	0.0416667	-2.77083	0.2	0.47	2.22	
***************TEMPLATE***************
Template: 2
ClassLabel: 2
TimeSeriesLength: 26
TemplateThreshold: 240.792
TrainingMu: 114.365
TrainingSigma: 42.1423
AverageTemplateLength: 26
TimeSeries: 
194.479	-3.22917	-7.27083	0.27	-3.25	0.243333	
196.5	-4.52083	-8.70833	-0.19	-4.15667	3.09333	
201.104	-5.45833	-9.97917	-0.55	-1.41	5.70667	
207.167	-4.22917	-11.6667	-0.533333	6.18333	5.66333	
210.938	0.125	-11.5833	-1.50333	9.48	1.14333	
210.146	6.29167	-9.89583	-2.20667	9.76667	-4.69667	
204.75	10.4167	-5.5	-3.10667	5.55	-6.96	
196.708	11.0417	1.25	-3.19333	1.6	-2.65	
187.208	10	9.5625	-3.16	-5.49	1.45333	
179.625	10.6458	17.375	-3.51667	-11.0867	1.79	
177.021	14.2083	21.9375	-3.41667	-11.6067	-3.27	
181.021	18.9792	21.9167	-4.41	-6.99333	-5.94667	
190.25	22.3333	17.375	-5.53667	-1.58	-7.49	
201.813	21.9167	10.2292	-5.33	3.97667	-6.53333	
211.563	18	2.1875	-3.58667	10.36	-2.98667	
215.604	13.1042	-2.45833	-1.88667	11.2333	-0.82	
212.479	9.1875	-5.10417	-2.57	8.31667	2.5	
204.583	6.875	-4.91667	-3.07667	1.93	1.13667	
194.687	5.33333	-3.875	-3.13333	-2.92	0.41	
186.396	3.875	-1.9375	-1.38333	-5.83667	-2.21	
180.937	1.79167	-0.333333	-1.14667	-9.24	-2.95	
179.687	-1.64583	0.145833	-0.68	-8.6	-1.20667	
182.354	-5.8125	-0.416667	-1.40333	-4.69667	2.69333	
187.771	-8.85417	-1.39583	-0.37	2.46667	4.46667	
192.833	-9.58333	-2.125	-0.266667	5.45667	3.68667	
195.979	-8.5625	-2.45833	0.54	4.56	1.21	
***************TEMPLATE***************
Template: 3
ClassLabel: 1
TimeSeriesLength: 18
TemplateThreshold: 752.664
TrainingMu: 150.576
TrainingSigma: 200.696
AverageTemplateLength: 16
TimeSeries: 
173.063	4.3125	-6.125	0.13	-1.22	-1.27333	
173.084	3.83333	-6.77083	0.586667	-3.87333	-1.82667	
174.521	2.35417	-7.79167	0.533333	-6.20667	1.16	
179.021	0.854167	-9.89583	-0.92	-3.81333	6.32667	
186.584	0.8125	-13.0625	-1.86333	4.13333	8.98667	
193.375	4.04167	-16.9375	-3.13333	9.62	5.27667	
196.833	9	-20.0625	-3.87667	11.3867	-0.75	
195.416	14.7083	-20.6667	-5.74	6.58333	-6.34667	
189.792	19.625	-18.2292	-7.07	1.07	-8.74667	
181.084	22.7292	-14.0417	-6.24	-4.89333	-9.87667	
172.021	21.8333	-9.39583	-5.01667	-8.95667	-7.89333	
165.875	16.1875	-6.10417	-2.62667	-9.24	-3.64333	
163.563	8.125	-3.375	-1.72333	-8.95	3.08667	
165.646	0.354167	-2.10417	-0.653333	-2.79333	9.49667	
169.979	-3.79167	-1.04167	-0.65	0.293333	8.72	
175.459	-4.45833	-0.666667	0.28	6.53	5.63667	
178.229	-2.1875	0.0208333	-0.06	3.48333	-0.626667	
179.438	0.0833333	0.125	0.166667	3.50333	-1.32333	
