GRT_LABELLED_TIME_SERIES_CLASSIFICATION_DATA_FILE_V1.0
DatasetName: piTrainingData
InfoText: This data contains the initial training samples collected, in the format x_orientation, y_orientation, z_orientation, x_accel, y_accel, z_accel.
NumDimensions: 5
TotalNumTrainingExamples: 60
NumberOfClasses: 3
ClassIDsAndCounters: 
1	20
2	20
3	20
UseExternalRanges: 0
LabelledTimeSeriesTrainingData:
************TIME_SERIES************
ClassID: 1
TimeSeriesLength: 43
TimeSeriesData: 
2.625	2.4375	-0.05	-0.02	0.26
2.75	2.4375	1.32	0.02	0.22
2.75	2.5	1.4	0.01	0.24
2.6875	2.5	1.37	-0.01	0.32
2.6875	2.5625	1.3	-0.01	0.32
2.75	2.5625	1.3	-0.01	0.23
2.875	2.5625	1.38	-0.06	0.14
2.8125	2.625	1.46	0.13	0.13
2.75	2.6875	-0.02	0.06	0.28
2.875	2.8125	-0.23	0.07	-0.63
3	3.375	-0.12	-2.65	-1.99
2	3.9375	-0.01	-4.57	-1.45
1.3125	2.75	-1.04	-3.38	0.44
0.75	1.3125	-0.87	-2.87	3.24
1.1875	-0.625	-0.71	-1.85	3.21
1.9375	-2.625	1.41	-0.14	4.76
1.875	-3.8125	-0.84	1.7	6.38
3	-5.625	2.41	7.06	6.59
4.5	-6.625	-0.52	7.32	2.14
7.1875	-6.9375	-1.27	8.98	1.05
9.9375	-6.375	-0.7	7.22	-3.45
11.9375	-5.1875	-0.14	2.59	-7.65
12.9375	-4.4375	-0.81	-0.02	-8.11
13.1875	-3.875	-0.93	-1.89	-6.94
12.8125	-2.5	-0.33	-2.69	-6.47
11.625	-1.875	-1.08	-4.55	-5.82
9.25	-1.25	-1.06	-5.25	-4.18
6.5625	-2.0625	-0.63	-5.33	-0.3
4.75	-3.375	-0.65	-5.84	0.41
1.5	-5.0625	-0.22	-3.24	5.99
-1.0625	-4.375	-0.46	-2.78	5.25
-2.25	-3.75	1.5	1.41	6.59
-2.375	-1.75	1.29	1.19	3.42
-1.625	-0.0625	2.18	3.15	2.49
-0.9375	1.8125	1.77	2.5	1.01
-0.5	2.6875	-0.06	1.59	-0.29
0	2.375	1.6	1.64	0.34
0.375	2.25	-0.05	0.4	-0.61
0.6875	1.5	1.95	0.25	0.11
0.5	0.75	1.84	-0.13	-0.79
0.875	0.0625	-0.91	0.06	1.07
0.75	-0.1875	-0.34	0.09	0.08
1	-0.0625	-0.19	-0.04	-0.41
************TIME_SERIES************
ClassID: 1
TimeSeriesLength: 40
TimeSeriesData: 
3.1875	0.875	-0.01	0.11	0.27
3.1875	0.875	-0.1	-0.13	0.27
3.25	0.875	-0.02	0.02	0.15
3.3125	0.875	-0.01	-0.02	-0.01
3.3125	0.875	-0.03	0	0.14
3.3125	0.875	-0.03	-0.09	0.14
3.3125	0.875	1.29	-0.08	0.35
3.3125	0.9375	-0.03	-0.22	-0.02
3.375	0.9375	2.14	-3.34	-1.15
2.3125	0.875	-0.79	-5.93	-0.18
2.0625	-0.6875	-0.54	-3.37	2.41
1.9375	-1.9375	2.75	-3.48	4.07
1.6875	-4.5	-0.47	2.41	7.93
2.75	-7.125	2.4	5.79	5.59
4	-11.25	-3.55	7.6	4.08
7	-13.0625	-0.3	8.6	-1.73
8.8125	-14.1875	-1.17	6.2	-5.18
10.5	-14.125	-2.59	3.98	-6.64
13	-13.375	-2.64	-0.88	-9.14
14.4375	-10.5625	-3.19	-2.41	-7.8
14.875	-7.6875	-0.04	-5.48	-9.04
14.1875	-6.0625	-0.01	-6.2	-5.07
11.75	-4.25	-0.99	-8.57	-4.38
7.375	-4	-0.29	-8.34	0.21
4.0625	-5.8125	-0.43	-6.97	4.73
1.25	-6.3125	-3.27	-3.59	7.04
-0.125	-6.25	-0.29	2.43	8.25
-0.8125	-3.25	1.85	4.3	4.14
-0.1875	-1.0625	0.8	5.57	3.65
0.1875	1.75	1.67	3.28	-0.35
1.0625	2.25	2.06	2.02	-0.26
1.25	2.5	-0.64	-0.05	-0.9
0.9375	1.75	-0.44	-0.53	-0.2
0.5625	1.0625	-0.68	-0.99	0.16
0.375	0	-0.35	-0.18	1.11
0.5	-0.25	1.52	0.08	0.27
0.625	-0.5625	1.84	0.49	0.35
0.75	-0.375	-0.26	-0.06	0.17
0.75	-0.4375	-0.13	-0.16	0
0.875	-0.3125	-0.28	-0.27	-0.17
************TIME_SERIES************
ClassID: 1
TimeSeriesLength: 37
TimeSeriesData: 
2.0625	0.375	-0.03	-0.02	0.23
2.0625	0.375	1.31	0.1	0.21
2.125	0.375	1.31	-0.01	0.16
2.125	0.375	1.28	0.16	0.32
2.0625	0.375	1.32	-0.04	0.26
2.0625	0.4375	1.3	-0.22	0.18
2.125	0.5625	1.62	-2.11	-0.63
1.625	0.75	1.35	-4.69	-1.08
0.0625	0.5625	-1.12	-5.18	0.55
-0.5	-0.625	-0.32	-6.11	2.93
0.3125	-4.0625	-1.07	0.06	8.5
1.875	-8.875	-0.62	8.17	7.67
3.75	-12.375	2.42	10.49	5.37
5.8125	-13.125	-0.74	11.92	0.43
8.3125	-11.6875	-1.21	6.34	-5.04
10.5625	-11.0625	-2.76	2.35	-7.45
14.1875	-10.1875	-0.16	0.65	-7.94
15.6875	-8.0625	-2.71	-1.97	-8.47
16.0625	-6	-1.26	-5.15	-7.83
15.1875	-3.5625	-0.89	-7	-6.48
12.75	-1.375	-0.61	-6.46	-4.16
8.25	-0.875	-0.98	-6.64	-0.47
4.375	-2.0625	-0.93	-6.42	2.93
1.1875	-4.0625	-0.38	-3.07	6.79
-0.8125	-4.5	-0.93	-0.35	6.72
-1.5	-4.75	-0.66	3.37	3.71
-0.625	-4.125	4.2	6.81	3.85
-0.8125	-1.375	-0.79	3.97	0.84
-0.4375	0.0625	-0.49	1.37	-0.19
0.5625	0	1.47	0.55	-1.18
1.0625	-1.125	1.28	-0.11	0.7
1.1875	-1.6875	-0.92	-1.08	0.48
1.25	-2.0625	1.36	-0.09	0.57
1.25	-2.5625	1.8	0.71	-0.14
1.5	-2.75	-0.42	0.68	0.08
1.625	-2.5625	1.55	-0.42	-0.52
1.5625	-2.5625	-0.42	-0.23	0.1
************TIME_SERIES************
ClassID: 1
TimeSeriesLength: 42
TimeSeriesData: 
3.125	-0.0625	-0.06	-0.05	0.06
3.1875	-0.0625	-0.05	-0.02	0.25
3.25	-0.0625	1.45	0.02	0.24
3.25	0	-0.15	-0.1	0.24
3.25	0	-0.16	0.01	0.2
3.3125	0	-0.08	-0.12	0.12
3.3125	0	-0.08	0.08	0.27
3.375	0.0625	-0.01	-0.05	0.24
3.375	0.0625	1.3	-0.12	-0.29
3.375	0.125	2.25	-3.23	-1.79
2.3125	0	-0.18	-7.66	-0.28
1.125	-1.6875	-3.68	-6.24	3.18
2.8125	-5.25	5.08	-2.55	7.23
3	-10.1875	-3.51	7.83	11.35
2.875	-11.5625	-0.64	6.08	1.4
3.625	-13.9375	2.49	9.51	-0.15
6.8125	-13.4375	-0.06	8.95	-3.28
10.5625	-11.75	-1.25	4.67	-6.76
14.1875	-9.25	-0.23	3.65	-7.14
15.125	-6.25	-2.9	-0.81	-8.46
15.8125	-3.875	-2.76	-1.63	-7.57
15.5625	-1.375	-2.87	-4.99	-8.12
13.9375	0.6875	-3.57	-6.78	-7.16
10.25	1.375	-0.98	-8.98	-3.33
6.625	-0.1875	-0.34	-7.68	1.17
2	-2.3125	-0.05	-4.77	6.35
-0.875	-4.875	2.51	2.35	8.78
-2.625	-4.4375	2.26	3.85	5.13
-3.1875	-2.1875	-0.57	3.45	3.73
-1.3125	-1.0625	1.83	2.44	1.1
-0.625	-0.8125	-0.06	1.1	-0.73
0.375	-2.875	1.29	2.1	1.69
-0.3125	-2.9375	1.33	0.31	0.61
-0.375	-2.875	-0.7	-0.01	0.83
-0.25	-2.3125	-0.37	-0.58	0.28
-0.0625	-2.5625	2.02	0.06	0.11
-0.125	-2.6875	-0.04	0.03	-0.65
0.125	-2.6875	-0.52	0.09	0.45
0.1875	-2.0625	1.51	-0.17	0.37
0.375	-1.75	-0.41	-0.22	-0.04
0.5625	-1.875	1.65	0.24	0.52
0.5	-1.8125	1.5	0	-0.04
************TIME_SERIES************
ClassID: 1
TimeSeriesLength: 42
TimeSeriesData: 
2.5625	0.625	-0.15	-0.09	0.32
2.5625	0.625	1.37	0.07	0.2
2.625	0.6875	-0.01	-0.04	0.31
2.6875	0.6875	1.29	0	0.14
2.75	0.6875	1.28	0	0.17
2.75	0.6875	1.35	0.01	0.08
2.6875	0.6875	1.36	-0.02	0.28
2.625	0.6875	-0.11	-0.07	0.09
2.625	0.6875	-0.16	-0.8	-0.57
2.375	0.625	-0.36	-4.44	-0.2
1.6875	0.375	-1.16	-5.73	1.05
1.9375	-1.1875	-0.29	-4.23	4.57
3.4375	-3.4375	1.58	-1.28	6.62
3.9375	-6.0625	1.35	4.12	10.62
4.3125	-8.0625	-0.87	9.35	3.15
6.8125	-9.8125	2.54	10.36	-0.99
8.875	-8.125	-1.12	6	-4.94
12.75	-6.5625	-0.33	5.39	-4.46
15.1875	-5.75	-0.11	2	-6.88
16.125	-2.875	-3.03	-3.43	-8.64
16.8125	-0.8125	-0.87	-2.69	-7.23
16.0625	0.75	-2.97	-3.98	-4.9
14.5	2.625	-0.91	-5.02	-5.68
11.75	3	-0.89	-4.64	-2.58
8.3125	2.125	-1.01	-4.38	-0.88
3.8125	0.5625	-0.29	-3.03	2.43
1.1875	-1.3125	-0.07	-1.85	5.6
-0.6875	-1.375	-1.02	-1.98	2.92
-0.3125	-1.875	-0.4	2.17	5.75
0.5625	-1.3125	2.15	1.88	3.59
0.8125	0.375	-0.02	1.37	1.26
2.0625	0.6875	1.75	1.49	0.09
1.75	1.25	-0.18	-326.69	0.22
2	1.375	-0.79	0	-0.64
2.375	0.5625	1.33	0.65	0.55
2.375	-0.125	1.93	0.33	-0.25
2.25	-0.5	1.86	0.57	0.01
2.0625	-0.6875	-0.33	0.23	0.44
1.9375	-1	-0.35	-0.19	0.6
2	-1.25	-0.39	-0.06	0.34
2.1875	-1.3125	1.56	0.13	0.18
2.0625	-1.1875	-0.12	0.33	0.22
************TIME_SERIES************
ClassID: 1
TimeSeriesLength: 41
TimeSeriesData: 
3.3125	-0.0625	1.41	0.13	0.26
3.25	-0.0625	0.01	-0.05	0.24
3.25	-0.0625	-0.02	-0.06	0.28
3.25	-0.0625	-0.04	-0.02	0.32
3.25	-0.0625	1.28	-0.02	0.23
3.1875	-0.0625	-0.08	-0.09	0.09
3.25	-0.0625	1.32	0.13	0.16
3.1875	0	-0.06	-0.44	-0.28
3.1875	-0.125	1.79	-2.46	-0.36
2.3125	-0.0625	-0.12	-6.21	0.74
1.625	-0.5	-1.06	-5.74	1.58
3.0625	-4.0625	1.88	-1.85	5.26
2.9375	-6.625	1.38	2.55	7.57
2.5	-8.1875	-0.45	5.87	6.35
4.75	-8.875	1.58	8.69	2.06
6.6875	-8.375	-0.84	9.13	-1.17
8.8125	-7.375	1.88	6.37	-2.99
11.125	-6.1875	-3.1	2.62	-4.99
13.6875	-5.3125	-1.1	2.66	-6.23
16.625	-4.125	-0.73	-0.82	-8.62
16.8125	-1.875	-2.86	-2.72	-8.73
15.5625	1.125	-1.05	-4.95	-7.64
12.6875	2.875	-0.91	-6.04	-3.98
8.875	3.125	-0.79	-6.36	-0.93
5	1.0625	-0.01	-3.95	4.87
1.0625	0.25	-0.3	-4.82	3.53
-0.5625	-1.5	2.47	-1.83	5.62
-3.0625	-0.25	-2.62	-0.5	5.35
-2.4375	0	-0.04	-325.74	3.62
-1.0625	0.5	1.97	2.56	0.87
1.3125	0	1.63	3.06	0.97
2.0625	-0.125	2.33	2.69	1.1
1.625	0.875	-0.59	0.69	-1.03
1	0.625	-0.39	0.36	-0.36
1.1875	0.1875	1.28	0.73	0.53
1.375	0.1875	1.43	-0.37	-0.37
1.5625	-0.25	1.78	0.46	-0.09
1.8125	-0.75	1.62	0.49	0.73
2	-0.6875	1.57	0.24	0.45
1.8125	-0.75	-0.43	-0.05	-0.09
1.75	-1.0625	-0.31	0.11	0.46
************TIME_SERIES************
ClassID: 1
TimeSeriesLength: 41
TimeSeriesData: 
3.25	0.3125	-0.07	0.06	0.28
3.3125	0.4375	-0.07	0	0.05
3.3125	0.5	1.34	0.07	0.13
3.25	0.5625	-0.09	-0.03	0.3
3.3125	0.625	-0.06	0	0.26
3.3125	0.6875	-0.01	0.03	0.12
3.3125	0.8125	1.31	0.08	0.16
3.25	0.8125	-0.02	0.06	0.09
3.1875	0.9375	-0.23	-0.4	-0.62
3.1875	1.0625	1.67	-2.17	-0.52
2.3125	1.3125	-0.28	-6.69	-0.3
2.0625	-0.3125	-2.74	-5.15	1.94
4.5	-4.0625	4.31	-1.4	6.99
5.0625	-7.4375	-1.07	2.14	9.59
5.25	-10.125	0.56	6.02	6.23
8.0625	-11.8125	2.04	9.82	2.13
10.125	-11.375	-0.99	8.21	-1.79
12.6875	-9.9375	-0.25	6.22	-5.01
14.3125	-14.875	-3.41	2.76	-7.65
15.6875	-4.6875	-1.19	0.65	-8.12
16.8125	-2.3125	-3.36	-1.66	-7.88
16.875	-0.625	-0.67	-2.99	-7.52
-2032.62	1.1875	-0.9	-4.14	-5.89
12.0625	2.25	-0.66	-4.45	-3.23
8.9375	2.125	-1.26	-4.97	0.18
5.5625	0.125	1.51	-3.41	3.52
2.375	0	-1.18	-1.89	4.82
0	0.4375	1.73	-2.06	6.06
-2.125	1.4375	-3.08	-2.05	3.36
-1.4375	0.5625	1.36	1.64	3.84
-1	0.4375	1.4	2.36	1.72
-0.125	0.5625	1.65	3.57	3.27
-0.8125	2.6875	-0.55	1.06	-0.47
0.1875	2.75	-0.03	1.28	0.04
0.8125	2.4375	1.46	0.52	-0.11
0.875	1.75	-0.01	-0.17	-0.5
1.0625	1	1.64	0.35	0.12
1.0625	0.625	2.14	-0.1	0.75
1	0.6875	1.33	0.1	0.64
1.125	0.75	-0.53	-0.29	-0.08
1.3125	0.6875	-0.32	0.18	0.8
************TIME_SERIES************
ClassID: 1
TimeSeriesLength: 40
TimeSeriesData: 
3.375	1	-0.04	0.08	0.31
3.375	1	-0.16	-0.06	0.17
3.4375	1	1.28	0.09	0.19
3.4375	1	-0.04	0.15	0.29
3.4375	1.0625	-0.03	0	0.22
3.4375	1.125	-0.08	0.12	0.22
3.5	1.1875	-0.13	-0.15	-0.24
3.375	1.1875	1.54	-1.54	-0.27
2.875	1.1875	-0.64	-6.89	-0.15
2.875	-0.5625	-1.27	-4.74	2.51
3.9375	-3	-0.96	-2.56	4.77
6.875	-6.9375	2.31	2.53	7.01
7.5625	-7.75	-0.24	2.76	6.03
7.625	-11	2.49	9.74	1.73
8.4375	-10.875	-0.32	8.86	-2.35
11.6875	-9.5	-0.8	6.78	-4.85
14.0625	-9.5	-1.16	5.21	-4.29
16.625	-8.5625	-2.74	0.51	-7.53
19.5625	-7.1875	-2.87	-2.72	-8.23
20.6875	-5.5625	-2.88	-5.1	-8.36
19.375	-3.6875	-1.13	-5.71	-5.04
16.6875	-2.625	-0.87	-6.14	-5.14
12.75	-2.6875	-0.62	-5.79	-0.23
7.875	-3.125	-0.64	-4.1	4.91
6.1875	-3.375	1.89	-2.72	5.79
3.6875	-2.4375	1.33	-2.22	4.91
2.9375	-2.1875	-0.5	1.52	6.13
2.0625	-0.8125	-0.43	2.8	2.46
3.0625	-1.0625	1.69	4.13	2.22
3.5	-0.1875	-0.17	1.52	-0.26
4.5	-0.75	1.73	1.87	0.56
3.875	-0.875	-0.52	0.51	0.09
3.25	-1.6875	-0.28	0.5	0.52
3.375	-1.875	1.77	0.17	0.21
3.5	-2.125	1.63	0.31	0.07
3.0625	-2.25	-0.16	-0.03	0.1
3.5	-2.4375	1.56	-0.11	0.68
3.3125	-2.375	-0.14	-0.33	0.3
3.1875	-2.5	-0.34	-0.08	0.33
3	-2.4375	1.43	0.09	-0.07
************TIME_SERIES************
ClassID: 1
TimeSeriesLength: 38
TimeSeriesData: 
2.75	-0.4375	-0.12	-0.2	0.31
2.75	-0.375	-0.05	-0.03	0.22
2.8125	-0.375	1.33	-0.13	0.14
2.8125	-0.4375	1.32	-0.04	0.23
2.8125	-0.4375	1.31	0	0.11
2.8125	-0.375	1.34	-0.02	0.12
2.75	-0.375	1.3	0.28	0.25
2.75	-0.1875	1.33	-0.2	-0.27
3.0625	-0.25	1.94	-3.98	-1.55
2.375	-0.9375	-0.32	-6.84	0.7
2.3125	-2.875	-0.63	-5.66	5.45
4.0625	-4.5625	2.17	-2.7	9.81
5.375	-7.6875	-0.24	6.1	9.54
7	-11.4375	1.31	10.78	5.84
9.25	-14.5	-0.35	8.9	-3.1
12	-15.5625	-0.31	6.32	-5.35
13.875	-15.375	-3.79	3.44	-7.85
17.3125	-13.3125	-0.78	0.56	-9.64
18.875	-11.25	-3.04	-0.72	-8.52
20.25	-8.375	-2.98	-3.07	-8.24
19.0625	-5.8125	-2.61	-5.24	-5.96
16	-4.125	-0.08	-6.34	-5.45
11.5625	-3.625	-0.29	-6.04	-0.73
7.125	-3.625	-0.67	-5.11	2.44
2.375	-4.6875	-0.77	-3.11	5.69
-1.0625	-4.9375	-0.21	-2.27	5.85
-1.875	-3.9375	-0.08	-0.32	3.99
-1.875	-3.375	-0.43	0.82	3.58
-2.0625	-2.375	-1.05	2.66	2.73
0	-1.5	2.29	2.97	1.38
0.625	-0.875	-0.32	1.77	0.48
0.5	0.6875	-0.11	1.18	0.07
0.9375	0.9375	2	1.02	0.56
0.9375	0.375	-0.52	0.22	-0.26
0.875	-0.3125	-0.37	0.05	0.62
0.875	-0.4375	2.26	-0.3	-0.79
0.125	-0.9375	-0.47	-0.3	0.3
0.125	-1.125	1.94	0.31	0.24
************TIME_SERIES************
ClassID: 1
TimeSeriesLength: 41
TimeSeriesData: 
1.8125	0.8125	1.29	0.11	0.08
1.8125	0.75	-0.04	0.05	0.27
1.8125	0.75	1.34	-0.06	0.19
1.875	0.75	1.28	0.04	0.37
1.875	0.8125	-0.08	0	0.15
1.8125	0.8125	-0.05	0	0.09
1.75	0.8125	-0.06	0.23	0.28
1.6875	0.8125	-0.06	0	0
1.625	0.75	1.38	-1.22	-0.52
1.25	0.5	1.82	-5.3	-1.35
0.5625	0.125	-3.47	-6.65	0.43
1.4375	-3	-0.35	-4.12	5.4
2.625	-5.6875	-0.23	1.89	9.33
4.4375	-7.4375	2.06	5.94	9.71
6.0625	-7.25	1.48	8.31	4.74
6.9375	-7.6875	1.5	7.98	-2.07
8.125	-8.1875	-0.97	7.72	-2.61
11.25	-8.0625	-1.28	4.45	-5.6
15.125	-7.625	-0.72	2.34	-7.01
16.4375	-6.8125	-3.82	-0.35	-9.16
18.25	-5.9375	-3.43	-3.08	-8.9
18.875	-4.75	-2.77	-3.53	-7.64
17.9375	-3.125	-0.71	-6.47	-5.22
14.0625	-1.5	-0.51	-6.54	-1.84
9.375	-1.375	-0.82	-5.3	3.49
5.125	-2.375	-0.81	-2.89	5.91
2.75	-2.1875	2.49	-1.62	6.4
1.6875	-0.25	1.66	0.59	5.4
2.4375	0	1.65	0.29	3.34
3.625	0.25	-0.33	1.86	3.15
4.1875	0.5	2.36	3.24	2.05
4.0625	2.0625	-0.96	0.91	0.7
5.4375	2.875	1.63	1.04	-0.13
5.9375	2.5625	-0.2	1.27	0.42
5.75	2.5	1.99	0.3	-0.74
5.375	1.9375	-0.01	1.03	0.68
5.125	1.9375	-0.13	-0.02	-0.47
4.4375	1.75	1.45	-0.45	-0.41
3.5625	1.3125	1.49	-0.14	1.45
3.1875	1.0625	1.43	-0.12	0.27
2.5625	1	-0.57	-0.34	0.04
************TIME_SERIES************
ClassID: 1
TimeSeriesLength: 40
TimeSeriesData: 
2.9375	2.125	-0.05	-0.03	0.24
2.9375	2.125	-0.13	-0.02	0.16
2.9375	2.1875	1.29	-0.06	0.07
2.875	2.125	-0.06	-0.01	0.18
2.9375	2.125	-0.06	-0.1	0.08
2.875	2.0625	1.28	0.13	0.4
2.875	2.125	-0.12	0.09	0.32
2.9375	2.1875	1.54	0.35	0.07
2.9375	2.1875	1.28	-1.29	-1.01
2.875	1.8125	-0.14	-6.84	-1.3
1.8125	-0.3125	-3.54	-7.42	0.71
3.3125	-4.25	1.14	-0.79	8.41
4.75	-6.875	1.5	1.12	8.94
5	-10.875	2.05	6.17	10.47
7.875	-16.5	-0.05	10.94	1.34
10.75	-18.5	-0.68	8.33	-4.03
13.75	-18.8125	-1.09	5.19	-6.35
15.8125	-16.9375	-1.24	2.75	-8.67
17.75	-14.25	-1.26	-0.56	-10.23
18.3125	-9.75	-2.64	-3.47	-9.15
17.6875	-5.8125	-3.01	-3.58	-6.76
14.875	-1.3125	-1.26	-5.08	-5.64
11.5625	1.375	-0.54	-5.64	-3.66
8.125	2.0625	-0.79	-5.01	-0.59
4.125	1.625	-0.53	-6.02	1.61
1.125	1.125	-2.57	-3.06	5.05
-0.9375	1.9375	1.65	-2.8	3.69
-2.3125	4.0625	-0.34	-2.04	0.62
-2	3.375	1.63	2.26	3.89
-0.6875	2.4375	1.98	3.85	4.84
-1.0625	3.25	-0.3	1.12	1.05
-1.5625	4.375	-0.15	1.53	1.46
-0.375	4	1.72	0.89	0
0.1875	3.25	-0.51	0.82	0.24
1.125	2.6875	1.56	0.51	0.25
0.875	2.25	-0.66	-0.54	-0.18
0.5	1.5	-0.22	0.03	-0.02
0.5625	1.0625	0.26	0	0.43
0.5625	0.625	-0.45	0.12	0.08
0.6875	0.625	1.97	-0.08	-0.21
************TIME_SERIES************
ClassID: 1
TimeSeriesLength: 39
TimeSeriesData: 
1.5	1.9375	-0.1	-0.08	0.28
1.4375	1.9375	1.28	-0.07	0.22
1.4375	1.9375	1.28	0.13	0.47
1.4375	1.9375	-0.1	-0.06	0.34
1.4375	1.9375	-0.09	0.09	0.4
1.4375	1.9375	1.33	-0.04	-0.03
1.375	1.8125	-0.15	0.12	0.32
1.375	1.6875	-0.12	0	-0.13
1.5	1.6875	1.58	-1.77	-1.49
1.3125	1.5625	1.45	-6.17	-1.09
-0.0625	0.75	-3.37	-6.71	1.3
1.25	-2.4375	1.68	-0.55	7.06
4	-5.1875	4.24	3.07	10.12
3.25	-4.25	1.31	1.87	9.16
4.25	-4.9375	-0.85	8.67	3.69
4.75	-7	1.92	9.98	-2.9
5.25	-6.3125	-2.66	6.56	-6.07
8.8125	-4.375	-0.61	4.83	-5.99
10.9375	-3.0625	-3.21	1.25	-7.76
13.75	-2	-1.24	-0.85	-7.68
14.5625	-0.375	-3.44	-2.16	-6.74
14.3125	1.5625	-0.48	-5.22	-6.93
12.6875	1.6875	-0.11	-5.35	-3.8
9.6875	1.3125	-0.21	-5.96	-1.21
5.9375	0.375	-1.1	-4.34	2.79
2.5625	1.5	-0.36	-2.37	4.48
-0.0625	4.0625	-0.99	-2.76	3.57
-0.375	2.75	-0.74	0.97	6.1
-0.8125	2.1875	-0.05	1.31	3.24
-0.5	2.0625	2.11	2.85	3.17
-0.375	2.0625	2.08	2.3	1.72
-0.0625	2.3125	1.59	0.99	-0.23
1.0625	1.3125	-0.36	1.51	0.46
1.5	0.6875	1.85	0.92	0.11
1.4375	0.25	-0.06	0.53	0.29
1.375	-0.0625	1.57	0.25	-0.17
1.125	-0.4375	-0.59	-0.09	-0.46
0.8125	-1.0625	-0.41	0.3	0.57
0.625	-1.1875	1.88	0.37	0.72
************TIME_SERIES************
ClassID: 1
TimeSeriesLength: 43
TimeSeriesData: 
-0.625	1.4375	1.28	0.06	0.21
-0.625	1.4375	-0.09	0.09	0.15
-0.625	1.4375	-0.05	-0.06	0.25
-0.5625	1.4375	-0.01	0.1	0.36
-0.5625	1.4375	1.28	0.01	0.26
-0.5625	1.5	1.29	0.02	0.31
-0.625	1.5	1.29	-0.01	0.1
-0.625	1.5	-0.02	0.21	0.44
-0.625	1.5625	-0.12	0	0.16
-0.6875	1.5625	1.33	-0.2	-0.51
-0.75	1.375	1.89	-2.16	-0.98
-1.5625	0.9375	-0.15	-5.46	-0.78
-2.25	-0.4375	-0.37	-5.56	1.78
-1.625	-3.125	-1.04	-3.66	4.26
-0.25	-5.125	-0.4	0.99	8.05
1.5625	-7.0625	4.33	2.56	9.57
3.1875	-9.125	-1.06	8.16	6.99
7.5	-9.75	3.87	8.27	-0.42
9.8125	-11.375	-1.25	9.37	-1.42
10.6875	-10.1875	-0.05	6.35	-5.41
11.75	-7.5	-0.78	2.59	-8.35
13.125	-5.5	-0.7	0.39	-8.44
14.9375	-3	-1.01	-0.32	-7.27
15.8125	-0.625	-0.72	-1.98	-6.75
15.0625	1.625	-1.14	-4.39	-5.22
11.8125	3.8125	-3.39	-8.89	-4.42
9.3125	4.125	-0.39	-6.93	-1.45
6.875	1.875	-0.73	-3.5	2.57
3.9375	1.5625	-0.41	-5.23	1.51
2.25	0.125	2.28	0.13	4.82
1.625	-0.1875	2.14	2.05	4.32
0.0625	0.5625	-1.1	2.33	3.41
0.375	0.875	1.88	2.35	2.67
-0.375	0.6875	2.42	1.72	1.68
-1.125	0.9375	1.53	0.87	1.48
0	0.8125	1.84	1.05	1.46
-0.125	1	1.44	0.42	0.12
-0.25	1	-0.56	0.07	-0.19
-0.375	0.6875	1.47	-0.24	-0.13
-0.125	-0.125	1.58	0.37	0.3
-0.5625	-0.3125	-0.31	0.1	0.51
-0.5625	-0.25	-0.25	0.13	0.35
-0.4375	-0.125	1.52	0.27	0.2
************TIME_SERIES************
ClassID: 1
TimeSeriesLength: 39
TimeSeriesData: 
0.0625	0.9375	-0.15	0.02	0.12
0.0625	1	1.36	0.01	0.05
0	0.9375	1.33	-0.07	0.18
0	0.875	-0.13	0.02	0.48
0	1.0625	-0.2	-0.31	0.19
0.0625	0.9375	1.37	0.07	0.21
0.0625	0.9375	-0.11	0.12	0.27
0.0625	1.0625	1.39	-0.61	-0.34
0	1.125	1.74	-5.89	-1.26
-1.0625	0.5625	-2.63	-6.14	0.09
-0.625	-1.75	-0.28	-3.85	5.73
1.3125	-5.1875	1.81	-0.63	10.17
2.375	-7.5	-0.86	7.68	8.87
5.375	-9.9375	2.13	4.75	4.47
5.625	-11.9375	-6.36	9.26	0.14
8.9375	-14.875	-0.01	7.15	-5.52
11.75	-13.75	-0.36	5.51	-6.76
13.8125	-10.5625	-0.03	2.78	-7.91
16.625	-7.0625	-3.1	-0.26	-8.88
18.25	-3.9375	-0.7	-2.8	-8.57
18	-0.3125	-1.01	-4.08	-6.24
15.25	2	-0.6	-5.5	-4.69
11.8125	2.3125	-0.25	-5.16	-1.18
6.625	2.0625	-2.61	-5.31	-0.12
3.1875	1.25	-0.51	-3.02	3.73
0.25	1.4375	-0.69	-3.8	2.5
-1.0625	1.3125	-1.33	-1.11	4.31
-2.8125	2.25	-0.22	0	3.06
-3.375	2.6875	-0.52	1.22	3.46
-3.25	3.6875	-0.32	1.4	1.66
-3.4375	3.5	1.28	2.23	1.65
-3.375	3.5	1.3	1.27	1.52
-3.3125	3.25	-0.95	1.02	0.58
-2.625	2.625	1.71	1.46	0.98
-3.0625	2.4375	-0.22	0.19	-0.41
-2.75	1.8125	-0.11	0	0.23
-2.9375	0.875	1.77	0.54	-0.02
-2.6875	0.0625	-0.4	-0.15	0.57
-2.4375	0.0625	-0.04	-0.06	0.01
************TIME_SERIES************
ClassID: 1
TimeSeriesLength: 41
TimeSeriesData: 
0.375	1.6875	-0.13	-0.05	0.19
0.375	1.6875	1.36	-0.02	0.18
0.375	1.625	-0.07	0.09	0.32
0.3125	1.625	-0.03	-0.06	0.21
0.375	1.625	-0.12	0.03	0.19
0.3125	1.6875	-0.11	0.04	0.2
0.3125	1.6875	-0.07	0.09	0.23
0.375	1.6875	-0.02	0.22	0.24
0.25	1.8125	-0.12	0.24	0.09
0.25	1.9375	1.42	-0.4	-1.15
0.125	1.875	2.39	-3.34	-1.19
-1.125	2.125	-0.04	-8.7	-1.13
-1.4375	-0.75	-0.83	-5.26	7.55
0	-3.875	-0.68	-0.85	9.39
2.25	-7.4375	-0.33	5.92	7.66
4.625	-9.375	1.84	8.86	5.53
6.5625	-9	-0.17	8.7	-1.34
10.625	-8	1.5	8.01	-3.94
12.0625	-5.5	-2.58	4.14	-6.61
14.3125	-3.5625	-0.09	2.82	-7.5
15.1875	-2.4375	-0.88	-0.24	-8.26
16.375	-0.4375	-0.9	-1.19	-7.29
15.75	2.0625	-1.06	-4.01	-7.99
14.125	3	1.39	-3.58	-3.98
10.25	3.125	-0.36	-4.25	-1.71
7.1875	2.25	-2.65	-3.48	1.04
4.125	0.75	-0.23	-3.23	3.69
2	0.625	-1.2	-3.19	3.16
0	0.375	-0.73	-1.39	4.45
0	-0.375	2.11	-0.99	3.52
-0.8125	0.5	-1.27	0.32	2.78
-1	1.6875	1.95	2.09	1.9
-1.6875	3.3125	-0.22	1.68	0.91
-0.3125	4	2.1	3.32	2.12
-0.9375	4.875	-0.93	0.27	-0.08
-1	4.25	-0.11	0.59	-0.37
-1	2.9375	-0.33	0.26	0.54
-1.1875	2.4375	-0.3	-0.16	0.36
-1.8125	2	-1.2	-0.06	-0.15
-2.0625	1.6875	-0.1	0.1	0.34
-2.1875	1.1875	1.4	0.14	0.17
************TIME_SERIES************
ClassID: 1
TimeSeriesLength: 38
TimeSeriesData: 
-0.3125	1.0625	-0.03	0.07	0.23
-0.3125	1.1875	-0.14	0.01	0.31
-0.3125	1.25	-0.12	-0.08	0.21
-0.25	1.25	-0.12	0.06	0.19
-0.1875	1.3125	-0.03	0.09	0.24
-0.1875	1.3125	-0.04	-0.1	0.15
-0.1875	1.3125	-0.11	0.08	0.18
-0.1875	1.375	1.46	-0.36	-0.77
-0.3125	1.4375	2.33	-4.07	-2.74
-1.3125	0.875	-0.58	-7.59	-0.46
-2.3125	-1.25	-2.8	-3.12	5.68
-1.3125	-4	-0.55	-0.18	9.24
-0.1875	-6.125	1.6	3.97	9.6
1.625	-7.5	2.18	4.52	6.24
2.25	-11.3125	-3.59	8.28	-0.23
6.375	-14.8125	2.45	7.92	-3.29
8.8125	-14.0625	-1.21	3.91	-6.63
12.5625	-10.9375	1.84	2.79	-7.91
14.3125	-8.3125	-2.69	-0.19	-8.87
15.8125	-4.875	-0.4	-0.79	-7.57
15.3125	-1.5	-2.57	-2.9	-7.23
13.125	1.4375	-0.32	-5.09	-5.91
9.625	2.5	-0.47	-5.64	-4.06
5.9375	2.8125	-0.86	-6.33	-0.51
1.6875	2.5625	-0.41	-3.74	4.54
-0.25	3.125	-1.1	-1.11	5.23
-2.5625	4.4375	1.28	-2.97	2.13
-2.9375	3.1875	-1.07	-0.4	4.48
-3.9375	2.625	-0.53	0.64	3.38
-3.8125	1.9375	2.09	2.43	2.55
-3.9375	3.125	-0.56	0.65	1.92
-2.75	4	-0.01	1.33	0.81
-2.3125	4.25	-0.74	0.84	-0.25
-2	3.4375	1.45	1.06	-0.27
-1.875	1.9375	-0.48	1.26	0.44
-1.75	1.4375	1.48	0.15	0.3
-2.1875	0.8125	1.49	-0.86	-0.48
-2	0.3125	1.28	0.06	1.64
************TIME_SERIES************
ClassID: 1
TimeSeriesLength: 38
TimeSeriesData: 
1.0625	0.3125	-0.02	-0.04	0.05
1.125	0.25	1.31	0.04	0.26
1.125	0.25	-0.01	0.09	0.16
1.1875	0.3125	-0.03	-0.07	0.27
1.25	0.3125	-0.08	-0.07	0.09
1.25	0.3125	1.35	0.04	0.05
1.25	0.3125	-0.01	-0.15	-0.57
1.0625	0.375	1.35	-3.87	-2.13
-0.0625	0	-0.61	-7.49	-1.31
-0.875	-2.1875	-0.35	-5.24	4.01
0.125	-5.625	-0.18	-0.42	8.35
0.8125	-8.3125	2.19	2.42	10.3
1.5	-10.125	-3.21	9.58	9.4
2.3125	-14.0625	-2.84	8.23	2.02
5	-15	2.26	10.2	-4.95
7.125	-12.5	-0.6	4.89	-6.91
9.625	-10	-0.84	3.13	-7
12.0625	-7.6875	-1.27	-0.26	-8.83
14.625	-4.5625	-0.41	-1.47	-7.76
15.125	-1.6875	-0.7	-2.36	-6.17
14.25	1.0625	-0.13	-3.67	-6.43
12.75	2.1875	-0.99	-5.03	-4.63
10.125	1.9375	-1.11	-5.21	-2.02
7.3125	0.625	-1.13	-6.69	-0.39
4.875	-0.5625	-0.68	-3.27	4.06
2.4375	0.1875	1.65	-3.77	3.26
0.5625	0.875	-1.07	-0.64	3.96
-0.625	1.3125	-0.01	2.16	3.89
-0.875	1.6875	-0.06	2.28	3.19
-0.625	1.1875	-0.56	3.52	2.75
-0.6875	1.0625	1.49	2.02	1.19
0.0625	1	0.55	1.79	1.2
0.9375	1.0625	-0.18	0.67	0.07
1.1875	1	-0.62	0.56	0.49
0.625	1.125	-0.1	0.08	0.01
0.4375	0.6875	-0.34	-0.19	-0.03
-0.125	-0.0625	1.52	0.16	0.18
-0.375	-0.1875	-0.72	-0.13	0.35
************TIME_SERIES************
ClassID: 1
TimeSeriesLength: 40
TimeSeriesData: 
-2.5	0.375	1.28	-0.04	0.23
-2.625	0.5625	-0.17	-0.33	-0.02
-2.6875	0.5625	-0.08	0.15	0.56
-2.6875	0.6875	-0.1	-0.36	0.22
-2.6875	0.625	-0.15	0.12	0.48
-2.6875	0.6875	1.32	-0.09	0.26
-2.6875	0.5625	-0.1	-0.93	-0.47
-2.25	0.5	2.34	-4.9	-0.22
-3.5625	1.125	-2.85	-8.25	-1.02
-2.75	-1.875	-0.21	-4.17	6.6
-1.75	-4.25	1.59	0.7	10.03
-0.5625	-7.625	-0.51	4.72	8.21
1.875	-10	2.51	9.66	6.42
2.25	-9.5	-6.16	6.79	-2.77
6.875	-9.4375	1.98	7.96	-4.33
8.5625	-7.5	-2.93	4.68	-6.1
11.1875	-5.6875	-0.28	3.05	-7.88
14.625	-4.625	-0.58	0.08	-8.75
16.375	-3.5625	-1.21	-1.91	-8.58
16.875	-1.25	-1.01	-3.47	-8.01
15	0	-0.49	-5.08	-5.94
10.8125	0.9375	-0.27	-7.74	-2.93
6.8125	0	-0.79	-7.49	2.05
2.125	-0.6875	-3.09	-4.61	4.84
-0.25	-1.3125	1.7	-1.28	7.51
-3	0.3125	-0.5	0	4.71
-3.3125	1.5	-0.62	3.3	6.04
-3.75	3.0625	1.33	3.52	2.98
-2.6875	3.5	-0.22	2.66	1.99
-2.875	3.0625	1.73	2.16	0.52
-1.8125	2.5625	2.05	0.98	0.2
-1.6875	1.625	2.07	0.54	-0.26
-1.25	1.25	-0.59	0.35	0.83
-1.8125	1.25	-0.75	-0.15	0.18
-1.875	0.875	1.77	0	0.13
-2.5	0.375	1.58	0.41	-0.05
-2.8125	0.0625	-0.59	-0.26	1.04
-2.75	0.1875	-0.48	-0.66	-0.13
-2.3125	-0.1875	1.53	0.31	0.73
-1.75	0.1875	1.28	0.11	0.13
************TIME_SERIES************
ClassID: 1
TimeSeriesLength: 44
TimeSeriesData: 
-0.125	1.875	1.31	0.11	0.22
-0.125	1.9375	-0.04	-0.11	0.24
-0.125	1.9375	1.28	0.13	0.33
-0.125	1.9375	-0.2	-0.08	0.3
-0.125	2.0625	1.3	0.05	0.22
-0.125	2.125	-0.21	0	0.29
0	2.125	1.32	0.26	0.19
-0.0625	2.125	1.43	0.05	-0.27
-0.1875	2.25	1.78	-1.15	-1.13
-0.8125	2.1875	1.37	-6.38	-2.47
-1.875	1.8125	-2.62	-7.58	0.87
-1.9375	-1.125	-0.82	-4.81	7.69
-1.0625	-3.375	-0.03	2.15	10.48
0.875	-4.6875	1.55	7.31	10.33
-0.4375	-4.125	-2.75	5.14	3.14
3.4375	-6.0625	-0.04	10.73	0.64
6.5625	-6.375	-2.61	6.67	-4.45
9.875	-5.9375	-3.24	5.75	-7.02
13.4375	-4.375	-0.72	1.26	-10.22
15.3125	-3.8125	-0.25	-0.47	-9.58
16.75	-2.9375	-0.2	-3	-8.33
16.375	-1.125	-2.57	-2.66	-7.18
14.625	0.625	-0.2	-4.48	-6.28
9.625	1.1875	-0.84	-6.4	-2.53
5.125	1.125	-3.17	-7.28	-0.34
0.8125	0.5	-2.66	-4.95	3.13
-1.3125	1.1875	-0.91	-3.62	3.93
-2.125	1.5625	-0.94	-1.76	4.57
-2.1875	1.75	-0.69	0.56	2.98
-2	1.75	1.59	2.86	6.03
-1.25	3	1.38	2.99	2.29
-1.1875	3.125	1.34	3.33	2.25
-1.1875	4.3125	-0.27	0.98	0.01
-1.375	4.375	1.28	1.71	0.49
-1	4.75	1.67	-0.22	-0.43
-1.5	4.125	-0.29	-0.17	0.28
-2.0625	3.4375	-0.38	-0.15	0.21
-2.125	3.125	1.3	0.02	0.52
-2.4375	2.75	-0.44	0.14	-0.11
-1.9375	2.3125	1.52	0.28	0.77
-2.0625	2.4375	1.75	-0.1	0.03
-2.0625	2	-0.9	-0.31	0.38
-1.4375	1.3125	2.36	0.52	1.88
-1.25	1.75	-0.04	0.15	0.28
************TIME_SERIES************
ClassID: 1
TimeSeriesLength: 40
TimeSeriesData: 
0.375	0.625	-0.13	-0.06	0.28
0.375	0.625	1.34	0.03	0.29
0.3125	0.6875	-0.07	-0.1	0.29
0.3125	0.6875	-0.16	-0.04	0.24
0.375	0.6875	1.41	-0.05	0.26
0.3125	0.6875	1.32	0.18	0.24
0.25	0.75	1.38	0.09	-0.32
0.1875	0.875	-0.04	-1.23	-1.47
-0.3125	0.875	1.49	-6.5	-0.8
-1.875	0.5	-5.26	-9.52	1.57
-0.75	-3.75	-0.57	-2.61	10.91
1.0625	-7.6875	1.53	6.77	10.57
2.25	-9.4375	4.16	10.12	5.74
3.3125	-10.1875	-0.1	9.75	3.34
6.1875	-8.25	-1.06	8.56	-4.54
8.875	-6.3125	-0.33	6.6	-5.96
10.1875	-4.125	-2.8	1.41	-9.67
12.625	-3	-0.41	-0.09	-9.81
15.8125	-2.75	-1.14	-1.06	-8.43
15.875	-0.5625	-2.71	-4.05	-8.17
14.6875	1.125	-0.94	-3.73	-5.86
11.9375	2.875	1.63	-6.59	-3.08
6.4375	4.3125	-0.65	-8.66	0.16
2.75	3.875	-0.47	-7.26	2.72
-0.5625	1.8125	-0.28	-2.88	5.97
-2.4375	2.0625	1.57	-2.53	3.52
-3.125	1.5625	1.58	4.2	6.59
-2.8125	2.625	-0.8	5.22	3.56
-1.3125	4.6875	-0.27	4.01	3.35
-1.625	6.375	2.39	4.14	1.01
-1.4375	6.9375	2.1	1.27	-0.18
-1.1875	6.4375	1.44	1.31	0.33
-1.25	5.8125	-0.47	-0.12	0.86
-1.625	5.75	-0.37	-0.6	-0.35
-2.4375	4.25	1.76	-0.1	-0.02
-2.5	3	-0.23	0.1	0.24
-2.625	1.5	-0.22	0.33	0.7
-2.25	0.875	1.85	0.39	-0.41
-2	0.375	1.51	0.63	0.56
-1.8125	0.3125	-0.4	0.36	0.34
************TIME_SERIES************
ClassID: 2
TimeSeriesLength: 55
TimeSeriesData: 
-1.9375	2.4375	-0.23	0.09	0.56
-1.875	2.3125	1.4	-0.19	0.02
-1.75	2.3125	1.39	0.13	0.3
-1.75	2.25	1.37	0.05	0.1
-1.75	2.25	1.37	0.01	0.26
-1.75	2.25	-0.03	0.07	0
-1.625	2.3125	1.46	-0.41	-0.89
-1.8125	2.375	1.4	-4.42	-2.32
-3	1.8125	-3.41	-6.94	1.52
-3.3125	-0.4375	-1.14	-2.83	7.84
-3.125	-0.8125	2.22	-2.59	7.93
-1.6875	-1.3125	-2.87	5.74	7.08
0.8125	0.6875	2.41	7.48	1.09
2.1875	3.5	-0.52	7.18	-2.31
3.9375	5.875	1.35	8.36	-4.28
3.875	7.25	-1.21	8.23	-2.29
3.0625	9.625	-0.41	4.42	-1.92
2.25	10.8125	-2.59	0.84	-0.02
2.375	10.875	-0.19	-3.18	2.63
2.125	11.6875	-0.52	-7.5	1.65
3.375	11.3125	-0.07	-7.12	1.73
6.4375	10.9375	-0.8	-6.16	0.87
8.4375	10.9375	-3.5	-6.83	-1.16
12.375	9.4375	-0.94	-4.93	-2.65
15.5	8.125	-1.11	-3.3	-4.48
17.4375	5.75	-0.65	-1.41	-6.59
18.5625	2.25	-0.02	3.25	-5.85
18.625	0	-0.18	5.22	-5.51
15.5625	-1.0625	-0.66	6.62	-3.33
12.875	-1.3125	1.5	6.76	-1.81
8.1875	-1.25	-3.02	7.81	1.5
5.625	-1	-0.47	7.24	4.74
4.0625	0	-1.03	3.48	3.38
3.5	1.4375	-0.9	-1.3	1.25
2.625	3.5625	-0.16	-4.14	-0.21
1.6875	4.3125	-0.11	-6.05	-0.25
0.8125	3.75	-0.44	-7.38	-0.4
-0.0625	1.6875	1.4	-6.1	-0.23
-0.5625	0	-0.33	-5.87	0.49
-1.0625	-1.375	-0.28	-4.02	1.33
-0.75	-1.9375	-0.27	-0.03	2.29
0.875	-0.25	2.23	4.62	3.34
1	2.8125	-0.96	3.51	0.85
0.9375	5.3125	1.5	1.69	0.21
1.0625	6.1875	-0.9	0.71	1.29
1.4375	5.9375	1.9	1.56	0.76
0.5625	5.5625	-0.41	1.18	0.58
0.125	5.5	-1.01	0.74	0.44
0	4.875	-0.19	0	0.07
0.125	3.9375	1.69	1.04	1.64
-0.3125	3.375	-0.88	-0.42	-0.11
-0.25	2.6875	-0.69	-0.44	0.1
0.125	2	1.35	-0.13	-0.08
0.25	1.375	-0.74	0.25	-0.08
0.9375	1.625	1.94	0.75	1.11
************TIME_SERIES************
ClassID: 2
TimeSeriesLength: 48
TimeSeriesData: 
-1.1875	3.6875	-0.22	-0.26	-0.04
-1.125	3.625	-0.1	-0.15	-0.03
-1.125	3.8125	1.42	0	-0.05
-1.1875	3.8125	1.28	-0.12	-0.03
-1.25	3.75	-0.07	-0.12	0.08
-1.3125	3.6875	-0.03	-0.09	-0.05
-1.3125	3.75	-0.04	0.09	-0.19
-1.25	3.625	-0.38	-0.41	-1.32
-1.5	3.625	-0.22	-3.25	-1.82
-2.625	3.375	-0.23	-6.58	1.08
-3.5625	2	-0.82	-5.73	3.67
-3.875	-0.5	1.74	-1.15	8.7
-2.75	-1.75	-1.24	3.91	9.69
2.4375	-2.3125	-0.69	10.73	1.8
6.625	0.625	-3.26	10.2	-2.29
10.75	3.5	-0.63	9.91	-6.96
13.375	6.5625	-0.6	7.14	-5.81
11.3125	9.25	-0.63	1.94	-0.49
8.6875	10.375	-1	-1.24	2.24
6.25	11.1875	-2.98	-7.03	3.59
4.8125	12.25	-2.64	-8.37	4.43
7.125	14.5	-3.66	-10.07	0.58
10.9375	16.1875	-3.29	-9.36	-3.66
16.4375	16.6875	-2.87	-5.02	-6.5
20.125	16.125	-2.91	-0.31	-7.32
22.25	14.1875	-0.72	2.93	-7.96
22.1875	12.0625	-2.63	4.55	-5.62
20.3125	8.875	-0.63	7.14	-4.44
17.5	5.1875	-2.94	7.82	-1.34
13.875	0.6875	-0.75	12.11	3.01
11.9375	-0.8125	1.41	8.9	3.04
10.5	-0.1875	1.69	3.69	3.05
1.625	1	-0.81	-3.23	1.64
7.75	3.9375	-0.52	-6.46	-0.5
6.125	5.5	1.46	-7.46	-1.17
3.8125	5.8125	-0.89	-6.89	-0.77
0.875	5.75	-0.79	-4.68	1.12
-0.4375	5	-0.32	0.06	3.34
-0.875	5	-0.3	-1.1	1.41
-0.375	3.75	-0.06	0.22	1.47
-0.4375	3.625	1.32	-0.36	1.12
-0.1875	3.375	-0.4	0.73	1.46
0.875	3.625	-0.47	1.26	0.42
2.625	3.0625	1.78	2.32	0
2.375	3.125	-0.16	1.29	-0.14
2.3125	2.8125	1.55	0.71	-0.41
2.1875	2.125	1.56	0.64	-0.21
1.75	1.6875	-0.64	-0.18	0.76
************TIME_SERIES************
ClassID: 2
TimeSeriesLength: 47
TimeSeriesData: 
-1.0625	6.0625	-0.09	0.1	0.11
-1	6.125	-0.04	-0.11	-0.06
-0.9375	6.125	-0.07	0.02	0
-1	6.1875	-0.09	-0.09	0.09
-1	6.1875	-0.02	-0.01	-0.01
-1	6.3125	-0.07	-0.17	-0.19
-1	6.3125	-0.23	-0.89	-1.05
-1.125	6.5	-0.55	-4.92	-1.63
-2.75	6.4375	-0.23	-8.08	1.77
-3.5	5	-1.17	-4.65	6.16
-2	2.5625	1.31	2.91	8.18
0.6875	1.8125	-1.06	9.85	4.95
5.4375	4.9375	-0.17	11.08	0.86
9.75	7.9375	-0.64	12.12	-2.37
11.6875	11.125	-1.04	9.02	-1.56
12.4375	13.5625	-0.42	3.03	-0.49
10.4375	15.1875	-5.72	-10.02	2.91
10.875	15.6875	-2.59	-10.67	0.37
13.1875	14.5625	-0.33	-9.77	-1.97
16.0625	14.75	-2.73	-10.18	-3.49
21.0625	13.0625	-0.54	-6.25	-7.45
24.125	11	-3.76	0.7	-7.43
24.75	8	-3.63	4.24	-9.66
22.8125	6.75	-3.37	6.14	-7.33
19.75	4.875	-0.36	11.46	-4.56
15.625	3.3125	-3.19	12.29	3.89
12.5	2.9375	-0.23	10.71	4.02
10.25	3.9375	-3.82	3.27	5.25
9.125	7	-3.43	-3.31	-0.69
8.3125	8.75	-2.62	-6.69	-3.53
6.625	10.3125	-0.67	-6.73	-3.45
3.0625	11.125	-0.02	-11.08	-0.92
-1.0625	9.875	-0.46	-8.22	1.46
-3.3125	8.4375	-0.41	-5.39	4.48
-4.25	7.375	-0.23	-0.56	5.42
-3.5	7.75	-0.5	3.53	4.64
-2.1875	9.125	2.46	7.03	3.08
-1.0625	10.875	-0.82	4.34	1.19
0	10.9375	-0.12	1.85	-0.74
1.25	9.75	-0.48	0.07	-0.82
1.6875	8.9375	-0.26	-0.35	-1.01
2.3125	7.5	1.34	-0.02	-0.1
2.3125	6.125	-0.11	0.32	0.66
2.1875	5.625	-0.08	0.26	0.45
2.25	5.0625	1.5	0.24	-0.06
2.5	4.4375	-0.1	0.41	-0.34
2.8125	4.125	-0.04	-0.09	0.44
************TIME_SERIES************
ClassID: 2
TimeSeriesLength: 45
TimeSeriesData: 
-0.6875	2.125	-0.05	0.18	0.28
-0.625	2.0625	-0.02	0.01	0.1
-0.625	2	-0.16	0.29	0.3
-0.5	2	-0.05	0.17	-0.02
-0.375	1.9375	-0.03	-0.01	-0.31
-0.375	1.875	-0.12	-0.05	-0.29
-0.375	1.875	-0.23	-2.78	-1.23
-1	2.4375	-0.79	-6.74	0
-2.6875	1.8125	-1.2	-7.39	5.28
-2.5625	0.1875	-1.25	-1.25	8.18
-0.3125	-1.4375	2.35	7.29	7.36
2.375	-1.5	-3.47	11.6	3.52
7.125	0.75	-1.21	13.18	-3.32
12.625	4.6875	-1.23	10.64	-3.5
13.8125	8.5	-3.55	3.6	-2.25
12.875	11.0625	-3.45	0.4	0.76
12.125	14	-1.14	-10.75	1.9
14.125	15.75	-1.22	-13.15	0.72
17.5	15.4375	-0.95	-12.61	-1.88
21.3125	13.625	-0.81	-10.53	-5.55
25.25	10.375	-3.36	-2.52	-9.09
27.5	6.1875	-3.38	2.06	-9.79
27.0625	4.375	-5.3	6.43	-8.01
24.4375	1.5	-2.76	10	-5.51
20.8125	-1.4375	-0.51	13.43	0.15
16.125	-2.25	-0.35	11.42	3.87
14.4375	-1.0625	-0.84	7.37	3.45
12.8125	2	-5.29	-0.79	1.5
12.0625	5.0625	-0.4	-8.02	-3.58
9.25	7.1875	-2.73	-6.67	-1.58
6.1875	9.25	-0.42	-12.23	-2.42
2.6875	9.625	1.97	-9.81	-0.28
-0.8125	9.3125	-1.15	-8.24	1.22
-3.9375	7.75	-1.17	-2.69	3.96
-3.8125	6.4375	1.52	7.65	6.8
-1.375	7.25	-0.89	5.14	3.23
-0.5625	9.25	-1.2	3.03	0.09
3.1875	7.5625	2.28	2.14	-1.07
3.875	7	-0.36	-0.03	0.21
3.625	6.25	-0.21	-0.03	0.33
3.375	5.25	-0.55	0.05	0.28
3.5	4.125	1.53	0.49	-0.21
3.4375	3.1875	1.4	0.51	0.15
3.4375	2.4375	1.59	0.02	-0.24
3.125	2.0625	-0.54	-0.53	0.19
************TIME_SERIES************
ClassID: 2
TimeSeriesLength: 45
TimeSeriesData: 
0.25	2.125	-0.08	0.16	0.17
0.25	2.0625	1.32	0.15	-0.01
0.25	2.125	1.29	-0.07	0.12
0.25	2.25	-0.16	-0.23	0.06
0.3125	2.375	-0.04	-0.19	0.1
0.375	2.5	-0.13	-0.51	-0.29
0.1875	3.25	-1.07	-5.98	-2.71
-1.5	4.25	-0.36	-7.79	2.88
-3.1875	2	-2.95	-4.91	7.37
-1.4375	-1.125	-0.29	1.9	8.95
3.125	-3.5625	-0.61	8.69	5.23
6.0625	-1.9375	-2.78	12.7	-0.26
9.4375	1.4375	-0.08	12.39	-6.27
10.25	4.125	-3.2	9.15	-4.57
9.1875	8.25	-1.21	0.6	-0.69
9.6875	11	-1.05	-4.12	2.6
9.5	15.1875	-3.42	-13.31	1.21
11.625	16.5625	-0.62	-11.49	0.41
16.5	16.4375	-0.78	316.19	-4.3
20.25	14.5625	-2.75	-9.36	-6.99
25.1875	11.0625	-2.74	-1.34	-8.91
27.25	8	-2.88	5	-10.29
25.75	4.9375	-2.66	6.86	-6.32
23.3125	1.875	-2.74	10.37	-3.28
19.75	-0.6875	-0.99	10.42	0.25
15.0625	-2.375	1.33	10.86	2.63
12.3125	-1.25	-3.61	5.9	2.21
10.625	1.6875	-2.65	-4.24	-1.21
10.125	2.375	-1.03	-6.29	-2.64
8.4375	3.8125	-2.93	-8.11	-2.35
4.9375	6.5625	-0.71	-10.86	0.05
2.3125	7.6875	-0.2	-8.89	1.59
0.6875	6.625	-0.51	-3.9	2.04
-0.4375	6.125	-0.92	-0.25	4.18
0.5	4.125	2.01	6.67	5.71
1.3125	4.75	-0.02	5.14	2.85
2.375	5.375	1.92	4.02	0.16
2.4375	5.5	-0.69	1.21	0.34
2.75	5.6875	1.44	0.04	-1.13
2.25	4.875	-0.8	-0.29	0.35
1.5	4	-0.17	0.3	0.26
1.375	3.25	-0.2	-0.11	0.12
1.4375	2	1.4	0	0.26
1.5	1.25	-0.32	0.24	-0.16
1.3125	0.75	-0.45	-0.43	0.31
************TIME_SERIES************
ClassID: 2
TimeSeriesLength: 54
TimeSeriesData: 
0	2.375	-0.01	-0.05	0.11
0	2.375	1.32	0.07	0.04
0.0625	2.375	-0.04	-0.14	-0.01
0.125	2.375	1.28	-0.04	-0.03
0.1875	2.375	1.32	-0.13	-0.12
0.1875	2.4375	-0.05	-0.41	-0.16
0.1875	2.375	-0.12	-2.34	-0.68
-0.4375	2.9375	-0.53	-7.54	1.41
-1.4375	1.5	-0.15	-5	6.9
-0.625	-0.0625	2.3	-1.27	7.75
2.125	-2.9375	1.82	11.16	5.91
5.3125	-2.0625	-3.5	12.65	-0.71
10.9375	3.25	-0.08	11.44	-5.63
12.375	7.1875	-2.57	8.71	-3.77
11.8125	11.5625	-0.94	2.15	-1.23
10.625	14.75	-5.47	-7.54	3.4
9.9375	16.6875	-2.84	-13.17	1.92
11.75	15.8125	-0.29	-12.15	-0.45
15.875	14.25	-3.38	-9.92	-3.1
20.625	12.375	-0.14	-5.73	-6.65
24.375	10.0625	-3.07	-1.68	-8.66
25.8125	8.9375	-3.36	3.29	-8.85
16.8125	7.9375	-2.84	9.28	-5.31
22.25	5.4375	-0.3	11.18	-2.74
17.9375	0.6875	1.45	13.6	1.46
14.375	0.5625	-0.1	10.39	2.53
11.875	3.375	-2.72	4.69	2.44
9.3125	7.3125	-5.75	-0.85	0.91
7.1875	8.9375	-3.77	-7.36	-4.06
5.25	9.6875	-1.17	-7.13	-2.46
2.6875	11.25	-1.02	-8.49	-2.22
1.25	12.5	1.34	-6.82	-2.41
-1.4375	13.75	-0.88	-6.96	0.6
-3.8125	12.125	-2.65	-4.49	4.26
-5.1875	10.625	-0.55	2.32	6.24
-4.875	10.875	1.78	5.02	6.22
-4.0625	12.25	-0.58	3.81	2.19
-1.8125	11.25	-0.27	2.47	0.65
0.4375	9.4375	1.47	1.14	-0.55
1.1875	8.5625	-0.25	-0.07	-0.57
2.1875	6.8125	-0.21	0.15	-0.63
2.8125	5.25	-0.04	0.4	-0.01
3.0625	4	-0.23	0.11	0.1
3.25	3.1875	1.61	0.11	-0.13
3.375	2.125	2.34	0.86	0.11
3.375	2	-0.27	0.11	0.14
3.5625	1.8125	-0.52	-0.17	0.15
4.0625	1.0625	-0.02	0.48	-0.06
4	0.9375	-0.43	0.05	0.29
4.0625	1	-0.12	-0.21	-0.24
4	0.8125	-0.06	0.1	0.09
4.0625	0.625	1.43	0.45	-0.04
4.1875	0.75	-0.38	-0.37	0.04
4.5625	0.375	1.28	0.2	0.29
************TIME_SERIES************
ClassID: 2
TimeSeriesLength: 46
TimeSeriesData: 
-1.0625	3.875	-0.09	0.03	0
-1.0625	3.8125	1.28	0.04	-0.06
-1.0625	3.8125	-0.02	0.1	0
-1.0625	3.875	1.29	0.09	-0.03
-1.0625	3.8125	1.29	0.01	0.12
-1.0625	3.75	1.29	0	0.09
-1	3.6875	1.35	-1.39	-0.48
-1.125	3.6875	-0.26	-5.35	0.12
-2.0625	3.0625	-0.04	-9.63	4.27
-3.0625	-0.5	-0.85	-5.24	7.54
-1.9375	-3.75	-2.59	4.68	9.26
2.1875	-7.875	-0.51	13.53	1.21
6.6875	-6.0625	-1.19	11.77	-6.16
10.8125	-0.8125	-0.75	11.49	-6.97
13.4375	3.5	-0.63	7.23	-4.61
12.3125	8.5625	-3.17	0.33	1.47
12.875	12.25	-3.18	-7.55	4.35
15.4375	15.875	-0.37	-11.05	2.37
19.375	18.625	1.83	-13.19	-2.15
24.4375	18.875	-0.59	-11.81	-6.81
28.125	15.375	-0.62	-6.11	-8.3
30.75	11.4375	-3.65	0.09	-9.2
30.8125	7.8125	-2.93	6.33	-8.76
28.5625	5.8125	-5.27	6.97	-5.56
16.875	1.9375	-0.91	12.06	-1.17
20.8125	0.125	-2.68	11	2.25
18.25	0.375	-0.48	9.96	3.87
16.5625	2.125	-1.19	3.98	1.91
15.25	4.0625	-2.63	-0.98	-0.47
13.4375	6.125	-0.76	-5.54	-4.86
10.6875	8.625	-0.94	-11.52	-2.55
7.125	10.0625	-2.97	-12.94	-1.69
4.375	10.5	1.28	-9.13	0.19
0.5625	8.875	-0.5	-5.73	2.2
-2.125	8.125	-0.16	-0.41	6.06
-2.0625	7.25	2.19	6.74	6.11
-1	8.4375	-1.01	3.25	3.96
1.1875	9.125	-0.92	1.6	0.64
2.9375	7.625	-0.39	2.07	0.33
3.4375	7.5	-0.35	1.13	-0.06
3.75	7.1875	1.29	0.37	-0.53
3.875	6.5	-0.52	0.33	-0.06
4.625	5.4375	1.86	1.03	-0.03
4.6875	4.9375	-0.66	-0.11	0.34
4.8125	4.375	-0.02	-0.01	-0.09
4.375	3.875	-1.2	0.22	0.26
************TIME_SERIES************
ClassID: 2
TimeSeriesLength: 43
TimeSeriesData: 
-1.8125	2.625	1.37	0.06	-0.01
-1.75	2.6875	-0.01	0.04	0.03
-1.6875	2.6875	-0.1	-0.09	0.06
-1.625	2.75	-0.02	-0.12	-0.09
-1.5625	2.75	-0.18	0.16	-0.07
-1.625	2.8125	-0.06	-0.35	-0.37
-1.8125	2.75	-0.12	-2.82	-1.06
-2.75	3.3125	-0.32	-8.93	1.56
-4.625	2.5	-1.2	-8.57	6.78
-5	-2.0625	-0.39	-1.23	7.81
-2.4375	-7.375	-0.31	11.85	6.72
2.8125	-7.25	-0.27	13.77	-2.06
8.5	-2.0625	-0.92	12.79	-6.41
11	3.6875	-3.09	10.9	-5.13
12.6875	8.6875	-1.08	1.71	-2.79
11.5	11.6875	-3.53	-4.12	4.65
12.5	14.6875	1.34	-8.55	1.47
13.0625	17.375	-3.12	-17.4	2.05
18.3125	16.75	-0.25	-10.96	-3.19
22.5	14.6875	-1.26	-8.75	-7.66
26	10.6875	-5.66	1.1	-10.38
27.375	7.3125	-1.25	7.87	-9.71
24.8125	4.375	-3.58	9.04	-6.8
21.8125	1.0625	-0.9	13.63	-1.89
16.9375	-2	-0.9	11.03	0.78
13.1875	-2.25	-2.88	9.74	5.11
11.375	-0.3125	-3.48	0.89	2.95
11.3125	1.4375	-1.15	-2.48	-0.76
9.875	3.5	-1.04	-5.97	-2.66
7.75	6.4375	-0.14	-9.62	-4.09
5	7.8125	-1.06	-12.56	-0.96
2.25	8.375	1.73	-8.23	1.98
-0.5	6.625	-0.07	-2.26	5.1
-2.6875	6.75	-0.01	2.83	5.68
-1.25	7.375	-0.63	1.59	2.12
0.5625	7.9375	-0.56	2.07	0.4
3.0625	6.5	1.64	2.21	0.37
3.625	6	1.3	1.8	0.71
3.8125	5.625	-0.66	0.88	0.06
3.75	4.9375	-0.57	0.99	0.1
4.1875	3.875	-0.28	0.67	0.11
4.375	3.3125	1.76	0.65	-0.62
4.625	2.5625	-0.39	-0.29	0.36
************TIME_SERIES************
ClassID: 2
TimeSeriesLength: 44
TimeSeriesData: 
-1.5625	3.125	-0.04	0	-0.03
-1.5	3.1875	-0.05	0.03	-0.03
-1.4375	3.1875	1.28	0.08	-0.06
-1.4375	3.1875	1.34	0.05	-0.04
-1.4375	3.1875	-0.03	0.04	0.04
-1.375	3.1875	-0.02	0.01	-0.1
-1.375	3.1875	1.31	-0.52	-0.65
-1.5625	3.1875	1.58	-1.25	-1.06
-2.4375	4.25	-0.98	-7.87	0.15
-3.875	2.9375	-0.23	-8.28	5.98
-5	0.6875	-1.23	-1.6	9.74
-1.125	-1.3125	2.47	7.81	7.64
3.1875	-0.4375	-0.3	11.23	-0.08
9.3125	3.25	-0.54	12.7	-3.21
12.25	5.875	-1.13	11.52	-3.57
12.75	8.6875	-1.07	5.7	-0.95
11.0625	10.625	-5.79	-5.14	3.82
12.4375	12.6875	-0.98	-9.49	2.04
14.75	13.8125	-0.39	-12.92	-0.5
19.1875	14.25	1.62	-12.82	-3.84
23.1875	12.75	-0.55	-9.76	-5.41
26.875	10.125	-2.84	-2.39	-9.46
29.125	6.9375	-3.53	5.58	-10.07
28.3125	4.0625	-3.54	7.55	-8.52
25.9375	2.3125	-2.68	13.41	-1.64
21.75	-1	-2.6	14.25	3.11
17.25	-2.0625	-3.03	10.19	2.13
15.6875	0	-1.26	3.28	0.27
14.3125	3.5	-2.79	-4.87	-0.31
13.25	8.0625	-0.19	-7.75	-3.14
10.6875	9.3125	-0.31	-8.7	-2.05
7.75	9.625	-0.64	-9.44	-2.58
5.8125	10.375	2.33	-5.75	0.1
2.375	14.5625	-0.97	-5.66	2.07
1.4375	14.1875	-0.21	-0.21	5.43
2.0625	11.25	-0.7	1.04	3.28
3.0625	8	1.94	3.16	3.19
3.3125	6.4375	-0.61	1.71	1.96
4.3125	5.5625	-0.86	2.2	0.72
4.75	4.375	-0.62	2.57	0.38
5.5625	3.25	-0.04	1.89	-0.5
5	2.6875	-0.75	1.01	-0.08
4.8125	2.0625	-0.76	-0.13	-0.13
5	1.375	-0.36	0.4	0.29
************TIME_SERIES************
ClassID: 2
TimeSeriesLength: 46
TimeSeriesData: 
0.375	1.125	-0.14	0.09	-0.08
0.4375	1.125	-0.07	-0.1	-0.14
0.375	1	-0.21	-0.09	0.02
0.4375	0.9375	1.3	0	-0.05
0.4375	0.875	-0.01	-0.01	0.02
0.4375	0.875	-0.07	-0.08	-0.26
0.5	0.875	-0.21	-1.01	-1.1
0	1.25	-0.15	-4.93	-1.13
-1.375	1.375	-0.27	-8.08	2.53
-2.4375	-0.5	-0.89	-9.39	6.68
-2.875	-3.1875	-3.17	-2.75	8.83
-0.125	-7.125	1.52	14.2	3.83
4.6875	-6.1875	-0.93	12.98	-1.07
7.5625	-2.375	-0.49	14.02	-2.52
10.75	1.375	-2.73	10.06	-4.58
11.3125	4.875	-3.56	1.53	-2.6
11.625	8	-3.28	-2.78	0.01
12.625	10.75	-3.21	-8.62	0.04
14.875	14.5625	-1	-12.32	0.88
18.8125	16.875	1.28	-13.17	325.58
23.25	16.5625	-1.05	-11.78	-6.77
27.5625	13.375	-0.86	-2.6	-10.38
29.875	7.8125	-3.27	3.27	-11.04
28.75	4.125	-3.34	5.83	-8.04
24.8125	0.5625	-5.13	10.65	-3.77
20.875	-1.5625	-2.6	12.29	1.76
17.0625	-2.125	-3.19	12.79	3.86
15.75	-0.0625	-3.26	4.05	2.31
14.75	2.5625	-1.23	-1.39	-0.92
13.8125	4.8125	-1.06	-6.42	-2.84
10.6875	6.875	2.02	-8.28	-3.72
7.125	7.9375	-0.13	-9.22	-1.38
3.25	8.0625	1.55	-8.37	0.91
0.5	7.5	1.47	-5.48	2.2
-1.6875	8.25	-1.15	0.85	5.1
-1.25	10.25	-0.84	1.19	3.76
-0.0625	10.4375	-0.74	2.32	2.26
0.9375	9.9375	-0.18	1.75	1.62
1.0625	8.4375	-0.55	2.46	1.71
1.6875	7.9375	-0.29	1.47	0.51
1.75	7.5	-0.53	0.88	0.07
2.3125	6.0625	-0.08	1.56	0.62
2.4375	5.25	-0.95	1.49	-0.49
2.0625	4.8125	-0.6	-0.47	-0.05
1.9375	4	-0.55	-0.85	-0.02
2.1875	2.9375	-0.49	-0.09	0.92
************TIME_SERIES************
ClassID: 2
TimeSeriesLength: 54
TimeSeriesData: 
-0.9375	1.5	1.28	0.02	0.36
-1	1.5625	-0.17	-0.3	0.28
-0.9375	1.375	1.42	0.41	0.39
-0.875	1.375	-0.04	-0.09	0.16
-0.8125	1.375	-0.12	0.03	0.27
-0.6875	1.4375	-0.13	-0.11	-0.16
-0.625	1.5625	-0.13	-3.85	-1.21
-0.6875	2.375	-3.71	-7.85	-1.45
0.5	0.375	-1.13	-3.46	4.71
1.25	-2.3125	-1.23	-2.25	7.08
1.8125	-3.875	-0.08	2.4	8.62
5.3125	-5.0625	4.64	8.15	4.84
6.6875	-4	-0.26	8.57	0.32
6.9375	-0.1875	-0.55	7.97	-6.77
8.8125	3.625	2.02	8.11	-6.46
8.375	6.625	-1	6.27	-2.66
6.3125	9.625	-3.52	2.74	-0.44
5.625	12.1875	-3.57	-1.42	2.63
6.5	15.25	-2.6	-6.33	2.47
8.125	18.1875	-0.88	-7.36	2.15
11.5625	20.75	-0.55	-9.34	-0.62
14.5	21.125	-0.33	-9.33	-4.5
16.9375	19.3125	-3.12	-8.54	-4.48
19.5625	15.4375	-3.76	-2.89	-5.26
22.875	11.625	-1.26	0.77	-5.45
22.4375	9.1875	-3.26	1.68	-7.96
22.25	7.3125	-0.58	5.59	-6.25
20.4375	4.75	-0.31	8.88	-1.59
17.3125	3.3125	-0.59	9.32	1.22
13.6875	2	-0.63	9.06	4.24
12.1875	1.6875	-0.61	6.86	4.26
11.1875	2	-1.2	2.1	2.21
9.8125	2.8125	-0.65	0.72	1.84
8.875	4.375	-0.22	-5.37	-1.38
8.0625	5.875	-0.51	-6.51	-2.33
6	6.375	-0.22	-7.53	-3.88
3.3125	5.25	-0.1	-6.56	-1.58
1.125	3.5	-0.32	-5.82	-1.4
0.0625	2	-0.19	-1.74	1
-0.25	1.625	-0.98	1.37	2.73
-0.625	2.4375	-0.26	1.39	2.06
0.375	2.3125	-0.5	3.03	3.26
-0.125	3.4375	1.56	2.26	3.86
0	4.125	1.46	1.37	1.97
-1.3125	4.875	-0.41	0.45	0.34
-1.375	4.25	1.47	0.47	0.86
-1.625	3.6875	1.49	0.35	0.85
-2	3.375	1.46	0.18	0.37
-2.125	3.125	1.3	0.49	0.74
-2.3125	2.875	-0.57	-0.36	0.15
-2.125	2.375	-0.47	-0.3	0.4
-2.0625	1.875	-0.29	-0.19	0.06
-2	1.5625	-0.6	-0.35	-0.16
-1.5	1.3125	1.51	0.29	0.63
************TIME_SERIES************
ClassID: 2
TimeSeriesLength: 56
TimeSeriesData: 
-1.1875	2.375	1.38	0.06	0.32
-1.1875	2.375	-0.05	-0.09	0.29
-1.1875	2.375	1.28	-0.06	0.32
-1.1875	2.375	0.04	0.22	0.51
-1.1875	2.4375	-0.06	-0.11	-0.04
-1.1875	2.4375	1.37	0.25	0.23
-1.1875	2.4375	-0.09	-0.24	0.08
-1.25	2.375	1.37	-2.08	-0.18
-2.0625	3.1875	-3.32	-6.51	-1.27
-2.5625	2.625	-2.94	-5.01	3.34
-1.125	-0.125	-0.72	-2.95	3.68
-0.6875	-2.25	1.96	0.97	6.81
0.3125	-3.3125	2.52	8.92	7.55
0	-1	2.1	9.16	0.24
-1.75	3.375	-1.06	8.59	-4.69
-0.5	6.625	1.57	8.71	-5.41
-0.375	8.875	-0.16	6.59	-2.31
-0.3125	10.6875	-0.67	2.2	0.91
-0.875	11.5	-5.2	-6.59	3.09
2.6875	11.5625	1.79	-6.81	7.08
3.0625	13.9375	-5.7	-10.95	3.47
9.0625	16.0625	2.31	-7.6	-1.84
13.375	15.5625	1.91	-7.32	-6.38
16.5	13.4375	-0.88	-4.59	-6.56
19.375	10.375	-1.25	0.27	-7.16
19.125	8.375	-0.89	4.14	-6.7
16.9375	7	-0.83	5.26	-6.85
13.25	5.5	-0.66	7.6	-2.75
10.5625	3.6875	-0.25	9.21	-0.96
7	2.3125	-0.63	9.08	2.9
4.125	1.5	-0.27	7.45	5.91
1.9375	2.375	-0.63	2.84	3.23
-0.4375	3.4375	-0.8	-2.11	-0.81
-1.125	4.1875	1.55	-4.66	-0.26
-2.375	3.9375	-0.51	-6.43	-3.1
-3.125	2.9375	-0.02	-6.32	-0.35
-3.9375	1.375	-0.36	-4.88	-0.05
-3.3125	1.6875	1.52	-2.64	1.82
-2.5625	1.875	1.53	-3.49	2.48
-3.3125	2.6875	-0.56	-0.63	3.28
-4	3	1.84	1.87	2.88
-4.125	4	1.96	2.47	0.57
-4.1875	5.125	1.9	2.61	1.68
-4.5	5.25	1.61	2.22	0.77
-4.4375	5.1875	-0.27	0.68	0.02
-4.1875	4.375	-0.3	0.79	0
-4.75	3.125	1.35	0.66	0.22
-4.5	2.1875	1.78	0.58	0.99
-4.9375	1.9375	1.28	0.17	0.48
-5	1.1875	1.41	0.28	0.38
-5	0.75	1.43	0.1	0.3
-5.4375	0.6875	-0.4	-0.41	-0.36
-5.1875	-0.0625	-0.08	-0.19	0.34
-4.9375	-0.4375	-0.09	0.15	0.48
-5	-0.5	1.35	-0.01	-0.23
-5.1875	-0.8125	1.43	0.45	0
************TIME_SERIES************
ClassID: 2
TimeSeriesLength: 53
TimeSeriesData: 
-1.5625	2.0625	1.32	0.1	0.3
-1.5625	2.1875	1.34	0.08	0.37
-1.5625	2.25	1.31	0.07	0.23
-1.5625	2.25	-0.13	0	0.43
-1.5	2.3125	-0.02	0	0.19
-1.4375	2.3125	1.3	0.04	0.25
-1.4375	2.375	1.28	-0.01	0.03
-1.4375	2.375	1.33	0.1	-0.19
-1.5	2.3125	-0.35	-1.26	-0.53
-2	2.5625	-1.17	-5.37	-1.66
-2.3125	1.9375	-2.86	-5.12	2.57
-1.75	-0.0625	-0.49	-2.87	6.53
-1.3125	-1.1875	2.52	0.43	7.48
-0.3125	-2.0625	1.92	7.71	8.7
1.0625	-0.75	3.99	9.93	3.04
0.3125	3.8125	-1.26	8.57	-3.16
1	6.625	1.41	9.98	-3.77
1.125	8.8125	-0.79	4.96	-2.86
0.9375	10.3125	-3.18	1.59	-0.05
2.375	12.25	-2.9	-4.56	3.08
2.9375	14.6875	-3.22	-10.65	3.3
5.8125	17.125	-2.92	-10.77	-0.71
9.125	17.25	-1.17	-10.59	-2.97
12.6875	15.875	-1.04	-6.72	-6.74
16.1875	13.125	-2.65	-0.73	-7.54
17.125	10.8125	-3.13	1.77	-7.05
16.0625	8.25	-2.99	5.48	-6.69
15.8125	5.125	-0.07	10.42	-1.91
14	2.125	1.66	9.73	0.62
12.8125	0.5625	1.41	10.62	1.58
9.125	1.0625	-0.98	6.59	2.16
7.4375	2	-0.76	3.69	2.39
5.1875	3.75	-2.81	-2.43	-0.94
4.125	5.0625	-1.2	-5.03	-2.58
2.875	5.875	-0.71	-7.24	-2.15
-0.125	7	2.19	-6.83	-1.84
-2.8125	7.5625	-0.87	-7.05	0.84
-3.9375	5.4375	-0.12	-3.32	2.03
-2.4375	3.6875	1.38	-1.36	3.6
-2.0625	3.125	-0.25	1.2	2.84
-1.125	3.0625	1.36	3.3	3.58
-1.4375	3.5625	-0.52	2.64	1.7
-1.0625	3.5	-0.47	2.03	0.54
-0.5625	2.9375	1.28	1.62	0.88
-1.125	3.3125	2.12	0.86	-0.27
-1.4375	3.125	1.91	-0.07	-0.3
-1.3125	2.25	1.42	0.26	0.78
-1.5	1.875	-0.04	0.12	0.2
-1.375	1.5	-0.31	0.12	0.32
-1.875	1.75	-0.57	-0.33	-0.45
-1.6875	1.375	1.52	0.04	0.16
-1.5625	1	-0.94	-0.26	0.14
-1.0625	0.5	1.59	0.37	0.44
************TIME_SERIES************
ClassID: 2
TimeSeriesLength: 52
TimeSeriesData: 
-0.75	-0.5625	1.35	0.17	0.29
-0.875	-0.4375	-0.16	-0.13	0
-0.8125	-0.5	1.29	0.25	0.52
-0.875	-0.4375	-0.13	-0.06	0.12
-0.875	-0.4375	1.31	0.08	0.2
-0.9375	-0.5	-0.02	-0.02	0.12
-1	-0.4375	-0.51	-0.42	-0.08
-1.125	-0.375	1.7	-2.16	0.35
-2.9375	1.0625	-3.23	-6.98	-0.39
-2.5	-1	-0.53	-2.26	7.73
-0.9375	-2.25	1.5	2.66	8.55
-0.6875	-0.5625	2.17	4.38	4.35
-0.1875	1.25	1.72	7.56	1.76
-0.1875	3.6875	-0.55	8.62	-2.23
-0.4375	6.375	-0.59	7.47	-7.16
0.75	7.3125	-0.85	7.18	-4.18
0.25	8.75	-0.41	1.51	1.42
-1.125	10.875	-3.07	-4.77	3.56
-0.0625	12.4375	-0.91	-8.1	4.55
3.125	14.625	-0.45	-8.12	1.24
6.125	16.0625	-3.59	-12.36	-2.52
10.875	15.125	-0.46	-6.55	-2.34
13	13.875	-1.11	-6.8	-7.34
14.6875	10.9375	-3.01	0.67	-6.94
15.6875	9.0625	-2.62	3.94	-8.07
16.625	7.3125	-0.07	7.93	-7.37
15.125	4.5625	2.2	10.98	-1.72
13.375	2.0625	1.9	10.64	0.02
10.625	0.875	1.74	9.59	2.32
8.9375	1.25	1.85	6.85	3.47
6.8125	2.5	-1.09	3.47	2.37
5.25	3.8125	-3.01	-5.39	-2.26
3.875	5.9375	-3.15	-6.58	-2.66
4	6.6875	-0.51	-7.39	-3.18
2.5	5.5625	-0.13	-7.96	-0.49
0.1875	4.75	-1.02	-9.61	-0.62
-2	2.875	-0.05	-5.19	3.25
-1.125	0	1.67	0.78	5.76
-1.1875	0.5625	1.36	3.91	2.95
-0.5625	1.75	-0.75	5.47	4
0.25	2.6875	2.18	2.78	1.61
0.125	4.125	-1.35	0.75	0.26
0.0625	4.5	1.55	0.83	-0.47
0.3125	4	-0.13	0.59	0.04
0.0625	3.6875	-0.74	-0.18	0.2
0.3125	2.6875	1.41	-0.11	0.46
0.1875	2.3125	-0.72	-0.26	0.31
-0.0625	2.125	1.42	0.01	-0.02
-0.5	1.9375	-0.51	-0.16	0.29
-0.5	1.375	2.01	0.2	0.78
-0.4375	1.1875	-0.46	0.08	-0.1
0	1.375	1.71	0.46	0.11
************TIME_SERIES************
ClassID: 2
TimeSeriesLength: 54
TimeSeriesData: 
-2.125	2.8125	-0.05	-0.1	0.18
-2.125	2.8125	1.3	0.14	0.26
-2.125	2.8125	-0.07	-0.06	0.32
-2.125	2.8125	1.28	0	0.28
-2.125	2.8125	-0.1	-0.02	0.28
-2.1875	2.75	-0.06	0	0.16
-2.125	2.75	-0.08	-0.18	-0.03
-2.1875	2.8125	-0.29	-1.98	-0.83
-3.25	3.5	-0.99	-6.39	-1.17
-4.1875	3	-3.83	-5.78	2.05
-3.8125	0.75	-0.4	-2.87	5.4
-3.1875	-1.875	-0.07	-0.2	8.87
-3.625	-4.3125	-0.18	8.48	8.94
-2.5	-4.5625	2.13	11.04	-1.59
-2.4375	-1.5625	-0.76	11.13	-6.15
-2.25	2.125	-1.13	7.19	-8.34
-0.125	4.5	-0.96	5.73	-1.97
0.8125	6.125	-1.04	-0.93	-1.16
1.1875	8.0625	-1	-5.59	3.59
2.9375	10.5625	1.93	-6.46	5.17
5	13.75	-0.39	-10.23	0.25
7.4375	14.6875	-2.62	-8.25	-1.03
9.8125	14.3125	-3.66	-10.1	-4.94
13.75	12.5625	-1.24	-4.49	-6.73
16.0625	9.9375	-3.11	0.63	-6.98
17.1875	5.9375	-3.08	4.87	-7.69
17.25	2.6875	-0.72	7.6	-5.32
15.8125	0.25	-1.09	9.62	-1.99
13.625	-0.75	-0.4	7.41	-1.51
11.8125	-1.5	1.64	9.25	3.22
10	-0.125	-1.17	8.27	3.16
7.75	2.875	-0.64	-0.27	-0.97
5.875	4	-0.42	-3.07	-1
4	4.9375	-1.07	-6.37	-4.87
2.875	4.375	-0.96	-6.82	-0.49
1.25	3.5625	-0.99	-6.7	0.48
0.375	3.375	-0.97	-7.2	0.6
-0.4375	2.5	-0.68	-5.76	2.28
-0.9375	2.1875	-0.32	-1.7	2.4
0.125	2.875	0	1.96	2.29
0.625	2.5	2.16	5.03	4.46
0.625	2.0625	1.8	3.86	3.13
-0.5	3.375	1.71	1.2	0.6
-0.0625	3.125	2.22	1.18	0.44
0.4375	2.3125	-0.23	0.61	0.49
0.75	1.625	1.37	-0.11	-0.09
0.5	1.0625	-0.43	-0.03	0.14
0.625	0.5625	-0.18	-0.06	0.3
0.8125	-0.0625	1.92	0.51	0.79
0.75	0	-0.2	0	0.17
0.5	0.125	-0.02	-0.36	-0.22
0.375	0.0625	-0.11	-0.21	0
0.3125	-0.25	0.13	0.31	0.42
0.5625	-0.0625	-0.01	0	0.17
************TIME_SERIES************
ClassID: 2
TimeSeriesLength: 56
TimeSeriesData: 
-0.8125	2.5625	-0.02	-0.01	0.35
-0.8125	2.625	1.32	0.07	0.3
-0.875	2.625	-0.01	-0.16	0.2
-0.8125	2.5625	1.29	0.05	0.35
-0.8125	2.625	-0.1	0.06	0.31
-0.8125	2.6875	-0.02	-0.04	0.08
-0.8125	2.6875	-0.26	-0.24	-0.34
-1	2.8125	-0.74	-2.57	-0.54
-2.125	3.4375	-2.91	-6.45	-0.85
-2.875	2.5	-3.14	-4.86	4.28
-1.625	0.1875	1.9	-1.56	4.46
-1.3125	-1.125	-0.23	1.39	7.99
-0.0625	-1.5	1.39	6.55	6.76
2.5	-1.9375	2.28	8.86	-0.05
3.1875	-1.1875	-0.55	10.17	-4.18
3.5625	0.1875	1.42	10.79	-4.87
4.375	2.375	-1.13	5.87	-4.3
2.875	4.8125	-3.54	-1.37	0.24
2.0625	6.8125	-5.63	-4.15	4.79
3.375	10	-1.09	-11.2	0.32
5.8125	12.4375	-5.65	-14.58	-0.26
10.5625	12.8125	1.84	-8.93	-1.23
13.5	13.625	-3.75	-9.69	-6.23
17.5625	11.9375	-0.38	-1.8	-4.88
19.4375	10.125	-3.66	1.76	-7.81
20.4375	7.1875	-1.01	8.21	-5.93
19.125	3.125	1.46	7.3	-6.56
17.5625	1.8125	-0.85	10.03	-1.3
14	1	2.02	6.98	-0.72
10.375	0.4375	1.87	6.33	0.54
7.0625	-0.0625	-0.3	7.19	4.58
5.3125	0.125	-2.75	4.75	2.61
3.5	1.375	-3.47	-1.15	-0.01
2.75	2.5	-0.9	-5.59	-0.84
2.1875	2.375	-3.79	-5.75	-0.1
1.5625	2.5	1.28	-9.05	-1.14
-0.5625	2.1875	-2.85	-8.63	0.45
-2.125	0.9375	-2.99	-7.46	1.76
-1.8125	-1.6875	-0.28	-1.48	2.27
-0.3125	-2.5	4.12	3.75	2.4
0.1875	-1.8125	-0.09	5.3	4.65
0.375	0.4375	2.17	3.71	2.4
1	1.25	-0.35	1.63	1.36
1.0625	2.1875	-0.03	0.98	0.34
1.6875	2.25	1.49	1	0.6
1.375	2.75	1.61	-0.11	-0.53
1.125	2.5625	-0.39	-0.36	-0.41
1.125	1.875	0	0.15	0.4
1	1.375	-0.15	-0.01	0.44
0.5625	1.25	-0.49	-0.02	0.68
0.5	1.25	1.44	0.02	0.39
0.5	1	2.02	0.27	0.14
0	0.9375	-0.14	-0.02	-0.12
-0.0625	1	-0.25	-0.33	-0.08
-0.25	0.875	-0.7	-0.5	0.27
0.1875	1	-0.14	0.6	1.17
************TIME_SERIES************
ClassID: 2
TimeSeriesLength: 54
TimeSeriesData: 
-0.625	3.5625	-0.04	0.03	0.17
-0.625	3.5625	1.28	0.15	0.24
-0.6875	3.625	-0.14	-0.07	0.32
-0.6875	3.5625	-0.11	-0.04	0.34
-0.625	3.5	1.53	0.19	0.32
-0.6875	3.5	-0.1	-0.16	0.17
-0.6875	3.5625	-0.27	-0.62	0.08
-0.9375	3.8125	-0.88	-2.37	0.07
-2.125	4.4375	-3.14	-6.63	0.12
-2.25	2.3125	-0.52	-6.26	4.34
-2.875	-2.125	-0.69	-1.82	5.57
-2.3125	-7.1875	2.52	6.55	7.09
-1	-8.75	1.93	9.12	4.43
-0.125	-7.375	-0.69	10.19	-5.89
0	-4.5625	1.53	9.81	-6.3
0.125	-0.9375	-0.21	7.17	-5.95
-0.75	2.6875	-2.75	0.77	-2.04
-0.8125	5.4375	-0.41	-4.57	2.01
0.0625	8.8125	-2.58	-5.03	6.36
1.0625	12.3125	-3.43	-9.57	1.83
3.6875	15	-3.23	-7.91	0.44
8.25	17.1875	-1.05	-8.96	-2.43
10.3125	18.5625	-5.21	-7.26	-8.01
15.125	16.375	-3.25	1.21	-7.8
18.125	13.1875	-0.25	5.45	-8.4
19.3125	9.375	-0.32	7.24	-5.96
16.9375	6.0625	1.28	7.76	-4.77
15.375	3.4375	-0.32	9.29	-1.04
12.9375	1.8125	-0.2	8.64	0.78
10.8125	0.5	4.49	8.81	3.54
8.625	-0.625	-0.69	6.12	3.48
6.625	0.75	-2.79	-2.39	-0.81
5.6875	1	-0.93	-5.66	-0.94
4.125	1.25	-0.04	-7.28	0.5
2.125	2.125	-1.28	-7.43	-0.98
1.0625	2.875	-0.92	-5.66	2.29
-0.9375	3.75	-0.26	-6.14	0.31
-2.125	3	-0.12	-2.26	0.47
-1.8125	2	1.68	1.19	0.16
-1.375	1.125	1.44	5.18	4.48
-2	2.8125	-0.94	2.98	2.92
-2.5625	3.625	-0.32	2.4	2.73
-2.125	3.25	1.97	1.93	1.82
-2.125	2.625	-0.29	1.2	1.35
-1.75	3.125	-0.01	0	0.39
-1.6875	3.5625	-0.11	0.31	0.31
-1.5625	3.375	-0.07	0	-0.35
-0.9375	2.6875	1.7	0.6	0.73
-0.5625	2.0625	-0.16	0.06	0.74
-0.375	1.75	1.39	-0.05	0.79
-0.3125	1.625	-0.37	-0.12	-0.23
-0.25	1.5625	1.43	0.13	-0.02
0	1.8125	1.51	-0.06	0.11
0.25	2.4375	-0.32	0.35	0.44
************TIME_SERIES************
ClassID: 2
TimeSeriesLength: 51
TimeSeriesData: 
-0.9375	2.8125	-0.06	0.02	0.16
-0.9375	2.8125	1.3	0.12	0.42
-1	2.8125	-0.15	0.12	0.45
-1	2.9375	-0.05	-0.14	0.02
-0.9375	2.9375	1.3	0.19	0.29
-1	2.9375	-0.04	-0.03	0
-1.0625	2.875	-0.68	-0.46	-0.44
-0.8125	2.625	1.63	-2.32	-0.32
-2.5625	3.125	-0.77	-6.65	-0.57
-2.9375	2.0625	-0.27	-5.83	6.25
-3.125	-1.75	2.15	-3.59	7.86
-4.6875	-5.625	-0.68	8.25	7.26
-2.25	-7.9375	1.69	11.86	2.96
-1.5	-4.5625	-0.98	7.76	-5.15
1	-1.0625	2.37	9.6	-4.81
1.9375	1.3125	-0.7	6.03	-4.99
1.5625	4	-0.85	2.44	-2.43
1.9375	5.9375	-1.02	-0.37	0.3
1.6875	7.75	-2.71	-4.62	3.68
1.75	11.5625	-3.58	-8.61	3.01
4.125	14.6875	-2.91	-8.43	1.46
6.375	18.4375	-5.95	-10.11	-2.94
8.875	19.25	-3.72	-7.08	-5.55
14.0625	17.1875	-0.77	0.25	-6.56
16.3125	14.75	-1.14	5.38	-5.6
17.4375	11.1875	1.87	7.08	-6.4
15.3125	8.75	-0.16	7.13	-5.57
13.5	5.1875	3.98	11	-2.19
11.25	2.9375	-0.08	9.19	2.34
10.3125	0.9375	4.41	7.94	3.39
7.625	-0.1875	-1.27	5.06	2.29
5.1875	0.4375	-3.74	-2.2	-1.94
4.3125	1.875	-0.56	-7.3	-0.4
2.75	1.8125	-2.99	-8.95	-3.13
2.4375	-0.875	-0.69	-2	3.9
1.875	-1.5625	-1.3	-6.67	1.02
2.4375	-2.625	1.41	-3.55	4.57
0.8125	-0.8125	-0.24	-4.17	1.28
0.5625	0.5	-0.31	-0.38	2.61
0.625	2.0625	2.09	2.87	2.41
0.8125	4.1875	-0.72	3.41	1.73
1.25	5.625	1.96	2.7	0.95
0	5.5	-0.17	2.05	-0.02
-1.3125	4.375	-0.03	1.75	0.6
-2	3.75	-0.19	1.1	1.12
-1.75	3.125	1.46	0.1	0.36
-1.75	2.625	-0.26	-0.06	-0.04
-1.9375	2	-0.28	-0.44	0.5
-2.1875	1.4375	-0.11	-0.2	0.69
-2.25	1	-0.34	-0.06	0.66
-1.875	0.75	1.97	0.41	0.22
************TIME_SERIES************
ClassID: 2
TimeSeriesLength: 51
TimeSeriesData: 
2.5625	1.6875	1.35	-0.05	0.11
2.5625	1.625	1.28	0.08	0.11
2.5625	1.6875	1.37	-0.12	0.04
2.5625	1.6875	1.39	-0.09	0.06
2.5625	1.625	1.28	-0.01	0.11
2.5625	1.625	-0.08	-0.05	0.22
2.625	1.6875	1.33	0.09	0.08
2.6875	1.75	-0.23	-0.74	-0.68
2.625	1.6875	-0.51	-4.7	-1.51
1.3125	1.0625	-1.14	-7.12	1.38
0.1875	-0.6875	-0.55	-5.15	5
-0.0625	-4.0625	1.35	3.24	9.45
2.1875	-7.25	1.56	7.29	7
5.625	-6.6875	-0.68	7.57	0.12
10.3125	-4.5625	-0.42	8.55	-5.68
11.1875	-2.5625	-1.92	8.75	-5.98
11.4375	0.4375	-1.12	6.1	-5.34
9.125	3.875	-3.49	2.56	-0.12
6.9375	7.375	-1.13	-2.23	3.7
6.25	11.5	-0.7	-5.51	4.73
6.625	14.5625	-0.26	-9.55	2.06
9.125	15.3125	-1.03	-10.57	-0.08
12.125	14.625	-0.61	-8.86	-2.24
15.75	4.5625	-0.41	-5.88	-6.79
18.9375	9.625	-2.79	-3.38	-7.44
20.875	6.4375	-1.24	3.76	-7.7
21.4375	3.8125	-2.69	4.88	-7.01
19.875	1.4375	-2.68	7.57	-3.92
16.75	-0.4375	-1.21	7.52	-1.64
14.875	-0.8125	-0.63	12.3	3.77
13.6875	-0.1875	-0.99	7.28	2.95
12.3125	0.3125	-0.9	3.12	2.69
11.875	0	-0.84	-2.62	0.26
11.3125	-0.0625	-0.28	-3.8	-0.74
11.1875	1.25	-0.84	-4.79	-2.28
9.125	4.5	-0.55	-7.48	-2.37
5.8125	6	-0.54	-6.96	-1.01
1.9375	6.1875	-0.83	-6.45	0.66
-1.9375	5.625	-1.19	-3.82	3.32
-4.625	3.4375	-0.54	-0.77	3.72
-6.1875	1.6875	-0.21	1.27	3.99
-5.6875	0	1.62	5.65	3.59
-4.5625	0.375	1.36	4	1.03
-3.375	0.3125	1.67	1.97	-0.09
-2.6875	0.6875	-0.13	0.62	0.05
-1.75	0	1.65	0.08	-0.57
-0.8125	-1	1.28	-0.61	0.15
-0.5	-1.3125	1.55	0.09	0.42
-0.4375	-1.4375	-0.23	-0.57	0.18
-0.5625	-1.5	-0.05	0.07	-0.15
-0.5	-1.8125	1.57	0.04	-0.24
************TIME_SERIES************
ClassID: 2
TimeSeriesLength: 53
TimeSeriesData: 
0.875	4.1875	1.28	0.02	0.35
0.9375	4.0625	1.39	0.08	0.11
0.9375	4.0625	1.32	0.05	0.23
0.9375	4	1.34	0.02	0.21
0.875	4.0625	-0.01	0.15	0.23
0.875	4.0625	-0.07	0.14	0.23
0.875	4.1875	-0.01	0.02	-0.03
0.9375	4.0625	-0.14	-2.14	-1.18
0.4375	4.0625	-1.04	-6.38	0.25
-0.375	2.4375	-1.19	-6.97	2.71
-0.5	-2.1875	1.8	-0.47	5.61
0.5	-4.9375	1.89	3.4	6.24
2.1875	-5.8125	-0.87	6.06	4.04
4.4375	-4.5	-1.13	9.26	1.01
7	-1.375	-0.75	7.75	-2.58
8.8125	1.4375	-0.79	8.8	-2.94
9.6875	4.1875	-1.11	5.36	-2.81
9.0625	7.375	-0.93	1.82	-0.12
7.4375	10.5625	-0.07	-6.64	3.22
6.625	10.875	-2.94	-9.75	4.83
9.6875	8.8125	-0.58	-10.06	0.05
13.25	7.875	-0.1	-8.5	-2.67
16.75	7.8125	-0.56	-6.97	-5.03
20.625	6.625	-0.13	-1.79	-6.89
22.375	5.8125	-2.61	-0.05	-7.6
22.125	5.25	-3.04	3.82	-6.72
20.8125	3.875	-3.67	7.52	-4.45
18.5	0.875	-2.15	9.39	-2.77
15.75	-0.8125	-3.62	8.58	1.76
13.75	-1.75	-0.92	8.65	3.06
12.375	-0.625	-0.41	3.22	3.65
11.3125	0.5	-0.72	-2.25	1.27
10.3125	2.1875	-1.19	-4.62	-1.12
9.8125	5	-1.17	-7.79	-2.32
7.375	6.9375	-0.54	-7.94	-1.58
4.8125	7	2.15	-8.44	-1.42
1.125	5.8125	-0.05	-4.13	2.62
-1.0625	5.5	1.39	-2.55	3
-3.375	4.6875	-1.14	1.22	4.12
-3.25	4.9375	1.77	7.01	5.09
-3	8.375	-0.8	1.91	1.71
-1.3125	8.75	-0.55	1.91	0.57
-0.3125	7.8125	1.53	1.07	-0.68
-0.875	7.125	1.28	0.59	0.11
-0.875	5.875	1.37	0.35	1.17
-0.5625	4.9375	1.35	0	1.14
-0.1875	4.625	1.4	-0.16	0.59
0.0625	3.875	1.31	0.04	-0.08
0.1875	3.125	-0.1	0.34	-0.26
0.3125	2.5	1.36	-0.02	-0.16
0.875	2.125	1.56	-0.03	0.59
1.25	2.1875	-0.12	-0.12	0.62
1.6875	2.1875	1.33	-0.08	0.01
************TIME_SERIES************
ClassID: 3
TimeSeriesLength: 48
TimeSeriesData: 
0.4375	-1.5	-0.13	0.28	0.37
0.5	-1.625	1.34	0.1	-0.03
0.5625	-1.5625	1.52	0.18	0
0.5625	-1.5	1.36	0.06	0.21
0.5	-1.5625	1.33	-0.21	-0.02
0.4375	-1.6875	1.41	-0.5	-0.16
0.375	-1.625	1.45	-0.91	0.53
0	-1.75	-0.1	1.25	6.96
0.5	-2.125	-0.07	5.81	10.07
3.625	-1.875	-0.75	5.56	4.07
7.5	-1.625	-0.5	6.97	-1.25
11.625	-0.8125	-2.87	4.68	-7.53
14.6875	0.1875	-1.24	1.61	-10.57
15	2.4375	-0.96	-5.54	-11.82
13.375	3.25	-1	-7.92	-6.75
9.1875	2	-1.04	-7.57	-1.93
4.6875	-0.375	-0.91	-7.91	1.41
-1.375	-3.4375	-0.29	-4.72	6.3
-5.625	-4.5	-0.06	-3.06	8.95
-7.5	-4.625	-0.74	0.92	11.3
-6	-3.8125	-0.36	5.77	10.94
-1.3125	-1.3125	-0.21	6.7	7.23
3.5	1	-0.76	4.26	1.6
8.6875	2.4375	-1.16	1.65	-3.27
12.5625	2.75	-0.04	1.18	-5.1
15.625	2.8125	-0.31	0.09	-6.73
16.8125	3.1875	-1.16	-0.62	-7.33
17.0625	3.3125	-0.58	-0.9	-7.58
16.3125	3.1875	-0.13	-0.02	-9.1
13.375	2.9375	-1.09	0.43	-9.03
9.75	3.375	-3.23	-1.22	-6.83
5.8125	3.375	-2.98	-0.71	-1.6
2.8125	2.6875	-3.34	1.51	5.63
-1.125	2	2.33	2.05	12.53
-2.25	2.25	1.8	-0.74	11.45
-2.25	3.1875	2.06	0.6	7.57
-1.8125	4.875	1.57	0.5	2.45
-1.875	5.125	1.66	-0.58	-0.89
-2.0625	4.125	2.25	1.1	-0.55
-2.4375	3	-0.49	-0.02	0.19
-2.75	2.25	-0.36	0.25	0.82
-2.6875	1.875	-0.17	-0.14	0.39
-2.625	1.6875	1.36	0.27	0.41
-2.5625	1.6875	-0.18	0.17	0.3
-2.3125	1.75	-0.09	0.14	-0.09
-1.6875	1.375	-0.02	0.08	-0.22
-1.375	1.25	1.33	0.02	-0.28
-1.0625	0.875	-0.21	0.38	0.19
************TIME_SERIES************
ClassID: 3
TimeSeriesLength: 46
TimeSeriesData: 
9	-2.625	-0.13	-0.01	0.04
8.875	-2.5625	-0.01	0.19	-0.01
8.8125	-2.5625	-0.1	0.22	0.2
8.8125	-2.6875	1.3	-0.09	-0.09
8.75	-2.8125	-0.14	-0.03	-0.03
8.75	-2.875	1.35	0.09	-0.08
8.6875	-2.8125	1.49	-0.49	0.14
8.1875	-2.5625	-0.54	2.05	4.23
8.5	-1.625	-0.15	4.48	5.91
11.0625	-1.375	-0.5	5.5	1.29
14.0625	-2.25	-1.11	4.85	-4.56
16.875	-3.1875	-0.93	2.06	-8.15
17.3125	-1.9375	-2.66	-3.19	-9.56
15.25	0.5625	-0.63	-7.7	-7.27
12.125	0.8125	-0.18	-9.4	-3.97
6.3125	-0.0625	-1.02	-8.93	2.04
1.4375	-1.125	-0.22	-7.11	7.11
-2.6875	-0.9375	-0.68	-2.66	10.93
-3.75	-1	-0.1	2.06	12.48
-1.4375	0	-1.21	6.91	11.04
2.75	1.375	-0.56	7.18	6.69
8.4375	2.9375	2	3.08	-0.19
12.1875	2.875	1.48	2.37	-2.43
15.625	2.875	-3.12	-0.44	-5.32
17.8125	2.4375	-2.92	-0.86	-6.65
20	1.6875	-1.19	-0.62	-7.79
20.1875	2.5	-0.31	-0.82	-8.54
19.3125	3.4375	-0.58	-0.41	-9.18
17.125	3.1875	-3.83	-0.94	-8.95
14.25	4.375	-2.82	2.61	-6
10.625	4.8125	-3.24	-0.81	-3.78
5.3125	4.0625	-0.65	0.53	5.39
0.6875	2.4375	1.42	2.31	13.51
-3.0625	0.375	2.38	-0.1	13.51
-6	1.4375	1.9	0.58	7.64
-4.125	3.5625	1.93	-0.33	1.91
-3.375	4.125	1.45	0.49	-0.64
-2.375	3.3125	1.43	0.15	-0.44
-2.375	3	-0.23	-0.39	-0.74
-2.4375	2.125	-0.24	0.01	0.01
-2.4375	1.5	-0.2	0.2	0.5
-2.125	1.1875	1.55	-0.23	-0.41
-2.25	1.125	-0.28	-0.19	0.1
-1.5625	0.5	1.51	0.22	-0.15
-1.3125	0.25	1.75	0.43	0.05
-1.25	0.0625	-0.05	0	-0.06
************TIME_SERIES************
ClassID: 3
TimeSeriesLength: 47
TimeSeriesData: 
5.3125	0.25	-0.01	-0.17	0.06
5.3125	0.25	1.38	-0.01	0
5.25	0.25	-0.06	-0.11	0.07
5.25	0.1875	-0.04	0.05	-0.05
5.3125	0.125	-0.08	0.07	-0.18
5.25	0	1.32	-0.13	-0.21
5.1875	-0.1875	1.45	-0.58	0.33
4.9375	-0.375	-0.27	-2.24	2.22
4.8125	-0.875	-0.95	1.32	5.89
5.75	-2	-0.13	5.55	5.32
8.875	-4.125	-0.99	7.95	0.95
13.25	-4.1875	-0.57	7.36	-3.56
16.4375	-1.5625	-0.59	2.11	-8.57
18.3125	1.0625	-2.96	-2.53	-9.43
17.75	3.5	-3.67	-6.29	-7.83
15.3125	4.875	-0.98	-9.32	-4.98
12	4.375	-1.2	-8.93	-1.52
7.3125	2.75	-0.03	-8.78	1.74
2.4375	0.9375	-0.78	-5.75	7.45
-1	-0.125	-0.85	0.31	10.9
-1.9375	-0.625	-0.45	4.96	11.26
0.1875	-0.3125	-0.25	6.52	7.62
4.9375	1	2.25	5.21	4.4
9.875	2.5	1.61	3.12	0.47
12.875	2.875	-0.64	1.37	-2.59
15.5	3.25	-3.26	-0.94	-7.29
17.0625	2.6875	-3.7	-0.64	-9.08
17.9375	2.5	-2.82	-0.36	-10.13
17.1875	3.375	-1.21	0.02	-9.43
15.3125	3.8125	-0.58	0.83	-8.16
10.25	3.6875	-2.68	-0.83	-5.43
4.75	3.0625	-0.91	-0.29	-0.92
-0.25	2.4375	1.38	1.41	3.61
-6.875	0.8125	-1.17	-0.32	9.07
-9.625	-0.9375	2.04	1.58	11.44
-10.9375	0	2.38	0.65	8.76
-11.0625	1.8125	-1	-1.59	4.13
-7.75	2.625	2.54	0.03	-0.25
-6.5625	2.1875	1.32	0.33	0.44
-5.6875	2.125	-0.24	-0.47	-0.9
-5.25	2.3125	-0.27	-0.34	-0.49
-5.125	1.9375	1.4	0.68	-0.09
-5.25	1.75	1.56	0.3	0.15
-5.75	1.625	-0.35	0.09	0.6
-5.875	1.4375	1.46	0.29	0.39
-6.0625	1.5	1.42	0.12	0.57
-6.0625	1.875	1.53	-0.04	0.06
************TIME_SERIES************
ClassID: 3
TimeSeriesLength: 43
TimeSeriesData: 
4.375	1.875	-0.11	0.01	0.3
4.3125	1.8125	-0.02	0.14	0.19
4.25	1.8125	-0.09	-0.01	0.08
4.375	1.8125	-0.01	0	0.07
4.4375	1.75	-0.03	0.1	0
4.4375	1.6875	-0.02	-0.08	-0.1
4.5	1.5625	1.37	-0.1	0.09
4.5	1.5	-0.21	0.28	1.24
4.5625	1.5625	-1.06	4.64	4.45
5.625	2.0625	-2.95	6.77	3.76
8.5625	2.625	-2.67	5.2	-2.19
11.375	2.75	-0.62	-0.53	-8.45
12.375	3.4375	-0.26	-2.46	-7.85
11.25	4	1.93	-6.02	-6.88
7.6875	2.75	2.23	-8.18	-5.81
3.1875	-0.4375	-1.13	-7.35	0.61
-2.25	-5.75	-0.25	-6.03	6.78
-5.5625	-8.1875	-0.92	-0.11	12.07
-5.8125	-7.6875	-1.12	2.89	11.27
-3.3125	-5.1875	-0.34	5.08	8.82
1.75	-1.5	-0.58	6.71	5.04
6.25	1.6875	1.34	3.99	-0.02
10.3125	3.375	1.28	3.04	-2.03
13	3.8125	-0.92	-0.71	-5.42
16.0625	3.875	-0.55	-3.24	-9.54
16.9375	2.625	-0.36	-0.95	-8.46
16.6875	0.4375	-0.04	-1.8	-9.86
15.25	0.25	-0.8	-1.21	-9.45
11.25	0.0625	-2.69	-0.42	-6.98
7.375	0.125	-2.62	-0.25	-2.46
0.75	0.25	-0.19	3.02	7.05
-4.3125	0.75	-0.37	0.56	9.6
-4.5625	-0.3125	1.84	3.56	10.98
-6.625	2.5625	-0.23	-1.38	4.86
-5.75	11.8125	-0.08	-1.55	2.1
-4	2.6875	1.88	0.13	0.01
-2.25	1.9375	2.05	0.36	-0.75
-1.25	1.625	-0.19	-0.38	-0.7
-0.875	1.5	-0.41	-0.52	-0.52
-0.75	1.0625	-0.2	0.2	-0.28
-0.4375	0.3125	-0.35	0.09	-0.04
-0.1875	-0.25	1.36	0.89	0.22
0.1875	-0.125	-0.04	0.65	0.41
************TIME_SERIES************
ClassID: 3
TimeSeriesLength: 49
TimeSeriesData: 
2.6875	0	1.32	0.08	0.14
2.6875	0	-0.07	-0.07	0.19
2.6875	-0.0625	-0.02	0.11	0.11
2.75	-0.1875	-0.05	0.28	0.17
2.8125	-0.1875	1.28	-0.09	0.13
2.875	-0.125	-0.07	-0.39	-0.16
2.875	-0.125	1.4	-0.23	0.15
2.8125	-0.25	1.43	2.34	2.19
3	0.125	-1.04	5.73	4.93
4.875	1.0625	-2.63	4.65	0.93
7.75	2.1875	-0.51	2.43	-4.74
10.1875	2.75	-0.71	0.69	-9.15
10.4375	2.8125	-0.5	-1.9	-9.34
7.9375	3.4375	-0.04	-7.39	-6.11
3.125	3.375	-1.2	-9.32	-1.77
-1.0625	2.25	-1.15	-8.8	1.59
-6.125	0.125	-0.73	-5.92	5.57
-10.0625	0.4375	-1.26	-0.03	11.75
-11.1875	1.875	-0.56	2.83	12.4
-8.25	3.75	-0.07	5.41	10.08
-3.375	13.125	-0.72	6.27	5.79
1.4375	6.25	0.01	2.99	-0.6
5.125	5.625	-1.22	1.65	-2.37
7.5	5.125	-1.22	-0.08	-5.23
11.375	4.3125	-0.9	-0.9	-7.62
13.4375	3.5	-0.38	-0.07	-8.99
13.625	3.5	-0.06	0.35	-10.28
11.25	3.875	-0.68	0.91	-7.91
7.5	6.0625	-2.91	-0.15	-7.01
4.5625	9.125	-1.01	0.46	-3.45
-0.875	11.3125	-2.94	-1.33	3.07
-6.375	10.375	1.42	-0.5	8.78
-11.375	7.625	-0.07	-1.46	14.71
-12.5625	5.9375	1.71	1.48	9.94
-12.875	6.8125	1.45	-0.87	3.21
-12	6.9375	-0.42	-0.48	2.28
-8.8125	5.625	-0.29	-1.09	-1.72
-6.8125	4.3125	-0.31	-0.29	-1.16
-5.375	3.125	-0.45	-0.13	-0.58
-4.875	2.25	-0.36	-0.16	-0.4
-4.4375	1.3125	1.65	0.65	0.29
-4.4375	1.0625	-0.18	0.23	0.76
-4.5	0.8125	-0.11	1.17	-0.1
-4.125	1.1875	-0.23	-0.47	-0.12
-3.8125	1.3125	-0.47	-0.25	0.2
-3.5	1.625	-0.33	-0.72	0.17
-3	1.5	-0.14	-0.22	0.06
-2.5	1.0625	-0.51	-0.36	0.56
-1.875	0.5625	1.41	1.09	-0.2
************TIME_SERIES************
ClassID: 3
TimeSeriesLength: 45
TimeSeriesData: 
-2.25	1	-0.15	-0.14	0.21
-2.3125	1.0625	-0.06	-0.04	0.2
-2.3125	1.0625	-0.06	-0.03	0.13
-2.375	1.0625	-0.08	-0.1	-0.08
-2.375	1.125	-0.06	-0.04	0.04
-2.375	1.125	-0.07	-0.06	0.18
-2.4375	1.125	-0.14	-0.31	0.04
-2.5625	1.125	1.46	-1	0.18
-2.6875	0.75	1.47	-0.7	1.74
-2.6875	0.125	-0.9	6.12	7.54
-1.0625	0.0625	-2.86	6.24	4.21
2.625	0.9375	-0.06	5.5	-2.08
5.875	1.5	-1.13	2.97	-6.14
7.875	2.875	-1.17	-3.46	-9.99
7.875	3.125	-0.96	-7.12	-10.12
4.875	2.25	1.44	-8.65	-5.11
1.0625	0.125	-0.39	-8.71	-0.99
-3.875	-2	-0.72	-5.38	5.78
-7.75	-2.25	-0.2	-2.08	10.57
-9.0625	-1.3125	-2.88	-0.45	12
-6.9375	0.0625	-1.23	3.24	8.57
-2.875	1.875	2.3	8.1	5.17
1.125	5.5	-0.29	5.66	1.21
4.5625	6.6875	-0.67	2.97	-4.6
6.6875	5.8125	-1.21	0.16	-7.1
8.6875	4.6875	-0.15	-1.42	-8.14
9.5625	4.5	-0.99	-1.17	-8.46
9.625	4.8125	-0.88	-0.43	-9.91
7.5625	4.25	-2.95	0.09	-9.7
4.25	4.25	-3.17	-1.28	-5.4
-1.3125	5.0625	-0.9	0.75	1.21
-6.6875	5.375	-0.85	0.83	11.76
-13.375	5.0625	-0.78	-0.32	12.51
-13.625	3.0625	-0.03	0.87	9.84
-12.375	4.0625	-0.2	-1.54	2.15
-9.8125	2.875	1.75	1.49	1.63
-8.125	2.375	1.52	-0.29	0.27
-6.5	2.5625	1.7	0.24	-0.4
-6.125	3.375	-0.53	-0.67	-0.28
-5.6875	3.8125	-0.1	-0.22	-0.36
-4.9375	3.5	1.47	0.12	-0.27
-4.625	3.125	1.46	0.53	-0.07
-4	2.3125	1.67	0.74	-0.03
-4.1875	2.0625	1.81	0.86	-0.54
-4.8125	2.5	-1.06	-0.54	0.31
************TIME_SERIES************
ClassID: 3
TimeSeriesLength: 46
TimeSeriesData: 
0.8125	3.375	1.33	-0.06	0.02
0.8125	3.375	-0.04	0.05	0.11
0.75	3.4375	-0.18	0	0.19
0.6875	3.4375	-0.04	0.13	0.08
0.625	3.5	-0.01	0.02	0.18
0.5625	3.5	1.29	0.04	0.11
0.5	3.4375	1.47	-0.44	-0.03
0.25	3	1.76	-1.21	1.7
0.1875	2.375	-0.41	4.21	6.77
1.6875	2	-0.7	5.96	4.84
4.25	2.5625	-0.92	4.83	-0.17
8.5	3.1875	-1.06	3.9	-6.13
10.1875	3.6875	-0.99	0.75	-6.99
10.3125	5	-0.02	-3.82	-9.03
8.125	6.125	-0.72	-6.99	-7.69
3.75	5.3125	-0.74	-8.42	-4.55
-0.625	2.9375	-0.44	-7.46	-0.58
-6.6875	0	-2.6	-6.75	4.22
-11.125	-1.625	-3.42	-1.96	9.75
-13.5	-1.1875	-2.87	2.67	11.58
-11.8125	0.4375	-0.62	5.1	10.11
-7.9375	2.3125	-1.15	6.64	7.2
-3.4375	4.375	-0.42	4.27	1.95
0.375	5.6875	-0.5	1.86	-1.16
3.3125	6.1875	-0.02	0.08	-3.67
6.8125	6.1875	-1.14	-0.55	-6.76
9.625	6.0625	-0.98	0.05	-9.12
11.3125	6	-0.05	-0.44	-12.03
10.125	5.5	-0.85	-0.17	-10.68
6.5625	4.9375	-2.79	-0.61	-8.18
3.0625	4.5625	-3.16	0.51	-3.12
-1.4375	5.4375	-1.23	1.7	3.29
-7.8125	5.1875	-1.19	-0.74	10.03
-11.25	3	1.41	1.78	11.75
-13.1875	1.875	-0.36	-0.19	8.81
-12.5	2.875	1.75	-1.49	2.38
-11.0625	2.75	1.89	-0.02	0.03
-9.0625	2.5625	-0.4	0.11	-0.11
-7.5625	2.9375	1.67	0.07	-1.17
-7.375	3.1875	-0.52	0	-0.12
-7	3.5625	-0.07	0.39	-0.25
-6.625	3.75	1.29	0.23	-0.12
-6.5625	3.6875	-0.06	0.48	0.14
-5.8125	3.25	1.49	0.76	0.51
-5.4375	3.5	1.89	0.67	-0.33
-5.625	3.4375	-0.9	-0.35	0.29
************TIME_SERIES************
ClassID: 3
TimeSeriesLength: 48
TimeSeriesData: 
-0.4375	3.5	-0.1	0.12	0.27
-0.5	3.4375	-0.07	-0.03	0.08
-0.5	3.375	-0.07	0.03	0.14
-0.5	3.3125	-0.14	0.04	0.28
-0.4375	3.3125	-0.04	-0.03	-0.03
-0.375	3.1875	1.29	0.03	-0.09
-0.4375	3.125	-0.02	-0.12	0.18
-0.5	2.9375	1.63	-0.26	2.05
-0.625	2.1875	-0.17	4.04	6.32
0.4375	1.625	-0.79	6.3	4.65
4.25	1.5625	-0.79	5.78	-0.62
8.6875	2.1875	-0.91	3.52	-8.51
11.3125	3.25	-1.04	0.12	-11.2
10.3125	4.625	-1.14	-7.45	-10.75
6.1875	4.5625	-0.02	-8.79	-5.32
0.4375	3.8125	-2.71	-10.78	-0.45
-5.9375	1.3125	-2.96	-7.85	3.99
-11	-0.5625	-3.43	-0.88	10.71
-13.9375	-1.1875	-1.21	2.15	13.32
-12.6875	-0.5625	-0.65	6.74	11.95
-7.5625	0.9375	1.69	7.86	7.01
-3.1875	3.25	-0.07	5.2	3.51
2.625	5.1875	-0.8	0.77	-4.12
5.9375	5.625	-0.49	-1.05	-6.73
10.1875	5.1875	-1.16	0.18	-9.01
11.9375	5.5625	-0.77	-1.48	-11
12.375	5.9375	-0.86	0.04	-10.95
10.5	5.8125	-0.72	0.28	-9.3
5.3125	5.0625	-1.01	-0.11	-7.65
-0.1875	4.625	-3.56	1.09	-0.41
-6.3125	4.4375	-2.67	0	6.37
-9.75	3.6875	-0.21	3.3	10.04
-12.875	3	-1.19	-1.5	9.83
-12.6875	3.1875	-1.16	-0.85	8.8
-9.3125	3.8125	1.77	-1.38	0.99
-8	4.3125	1.63	-0.41	0.57
-5.75	4.0625	1.39	0.1	0.41
-4.5625	4.3125	1.3	0.4	-0.7
-4.625	4.625	-0.77	0.61	0.18
-4.1875	4.4375	-0.24	0.3	0.1
-3.5	3.875	1.79	0.42	-0.55
-3.625	3.6875	-0.29	0.38	-0.07
-2.8125	4	-0.2	-0.11	0.21
-2.9375	4.25	-0.78	-0.19	0.51
-2.6875	4.6875	-0.54	-0.75	-0.15
-2.25	4.4375	-0.25	-0.01	0.05
-2	4	1.32	0.29	-0.29
-1.75	4	-0.55	-0.15	0.17
************TIME_SERIES************
ClassID: 3
TimeSeriesLength: 43
TimeSeriesData: 
0.3125	0.625	-0.09	0	0.15
0.3125	0.5625	-0.13	0.09	0.23
0.4375	0.4375	-0.03	-0.16	-0.02
0.5	0.375	-0.03	0.02	0.06
0.5	0.3125	1.28	-0.03	0.01
0.5	0.3125	1.33	-0.04	-0.09
0.5	0.3125	-0.02	-0.09	0.37
0.5	0.0625	-0.15	-0.22	0.83
0.5625	-0.375	-0.38	5.64	5.89
1.9375	-0.5625	-0.27	6.75	4
5.25	0.5625	-0.01	3.65	-2.72
9.75	0.8125	-0.46	1.49	-7.55
11.3125	0.8125	-0.53	-1.66	-9.79
8.9375	2.0625	-0.76	-5.55	-7.53
5.5625	2.9375	-2.65	-8.1	-4.09
1.0625	2.0625	-0.71	-9.6	-1.41
-3.25	-0.1875	-3.36	-7.55	4.82
-7.8125	-2.8125	-2.65	-1.79	10.63
-9.375	-3.5625	-0.12	2.1	12.58
-7.3125	-2.625	-0.17	6.73	12.48
-2.375	-1.3125	-0.65	7.33	5.87
4.125	0.5625	-1.04	4.77	1.59
8.375	1.875	-1.01	2.39	-3.3
11.375	2	-0.93	-0.51	-7.05
14.5	1.875	-0.09	-1.65	-10
15.6875	2.6875	-0.38	-1.51	-10.42
14.875	3	-0.04	-1.18	-9.26
12.25	2.5	-1.18	-0.6	-8.17
7.1875	2.1875	-0.64	-1.01	-7.88
1.75	2.5	-3.82	1.1	-1.96
-3.5625	3	-3.42	0.97	4.81
-8.3125	1.9375	-0.79	0.66	10.66
-10.5625	1.625	-0.7	0.91	10.78
-12.25	1.6875	-0.32	0	5.66
-12.375	1.5	-0.48	0.05	4.13
-10.25	1.8125	2.49	-0.23	0.05
-8.6875	0.9375	1.7	0.65	0.07
-7.5	0.6875	1.3	-0.02	0.07
-6.375	0.8125	1.67	0.17	-0.22
-6.125	0.875	-0.15	-0.1	0.13
-5.6875	0.6875	1.36	0.31	-0.08
-5.25	0.375	1.57	0.93	-0.47
-5.1875	0.6875	-0.58	-0.52	-0.07
************TIME_SERIES************
ClassID: 3
TimeSeriesLength: 46
TimeSeriesData: 
-3	1	-0.08	0.01	0.13
-3.0625	1.0625	1.32	-0.11	0.11
-3.125	1.125	-0.19	0.18	0.28
-3.125	1.1875	-0.09	0.06	0.09
-3.125	1.4375	1.32	0.08	-0.01
-3.1875	1.5625	-0.05	-0.1	0.01
-3.375	1.625	-0.04	-0.67	0.05
-3.625	1.5	1.74	-3.11	0.15
-4.1875	0.9375	-0.06	-0.95	4.86
-4.25	-0.0625	-0.83	5.54	10.14
-1.1875	-1.375	-2.58	6.61	5.4
3.5	-1.6875	-0.07	7.15	-1.87
9.8125	-1.875	-0.03	4.68	-7.12
13.125	-1.25	-0.17	0.65	-9.19
14.0625	0.875	-0.39	-4.16	-9.59
12.8125	2.1875	-2.25	-5.8	-7.24
9.6875	2.5625	-1.05	-5.73	-4.96
6.125	2.625	0.07	-6.25	-2.85
0.3125	2.625	-0.57	-6.59	0.68
-4.4375	1.875	-1.2	-6.24	3.09
-9.9375	1.125	-2.95	-3.82	7.68
-12.5	0.375	-0.84	-0.16	9.56
-12.6875	0.125	-1.11	3.32	9.68
-9.9375	0.875	-0.18	5.89	7.62
-5.5625	2.8125	-0.41	6.13	5.65
-1.375	4.6875	-0.56	3.9	1.61
2.75	5.625	-0.33	1.42	-2.75
6.4375	5.375	-0.55	0.14	-5.29
10.0625	5.25	-0.47	-1.22	-9.65
11.8125	4.5	-0.41	-0.88	-11.46
11	3.5625	-0.51	-1.56	-10.99
8.375	3.125	-0.28	0.54	-10.16
2.4375	3.875	-3.09	-0.37	-5.04
-1.9375	3.5625	-1.24	0.98	2.82
-8.25	2.8125	-0.53	1.04	12.28
-11.375	2.4375	1.58	3.33	13.44
-13.6875	4.1875	-0.59	-1.16	8.51
-12.6875	5.1875	1.72	-0.81	2.31
-10.5625	5.0625	1.59	-0.84	0.25
-9.0625	4.9375	1.76	-0.74	-1.03
-7.75	4.625	1.71	0.19	-0.03
-7.5625	4.9375	-0.13	0.28	0.07
-7.25	4.625	-0.19	0.68	0.47
-6.75	4.25	0.36	0.29	0.07
-7.3125	3.25	1.65	2.34	0.01
-6.5	3.0625	-0.32	0.05	1.26
************TIME_SERIES************
ClassID: 3
TimeSeriesLength: 50
TimeSeriesData: 
-1.625	1.875	1.36	0.06	-0.1
-1.625	1.8125	1.31	0.09	0.17
-1.625	1.6875	1.3	0.08	0.24
-1.625	1.625	-0.03	0.09	0.17
-1.5625	1.5625	1.3	0.16	0.14
-1.4375	1.5625	1.52	0.01	-0.09
-1.5	1.5625	1.37	-0.13	0.52
-1.5	1.375	1.6	0.25	2.1
-1.1875	0.4375	-0.29	5.81	6.41
0.9375	-0.4375	-0.29	5.88	2.18
5.1875	-0.0625	-0.76	3.88	-3.13
8.625	0.6875	1.57	2.51	-7.31
9.9375	1.5	-0.45	-1.7	-9.67
7.8125	2.0625	-3.23	-6.18	-6.95
5.25	1.5625	-0.53	-6.74	-5.66
0.8125	0.8125	-3.04	-9.77	-1.85
-3.8125	-0.5	-2.76	-8.92	3.91
-9.5625	-0.125	-2.87	-4.97	10.59
-11.75	0.3125	-0.53	0.97	15.11
-10.3125	0.5	-0.21	6.99	15.21
-3.25	0.8125	1.86	9.85	6.49
2.0625	2.625	-0.13	4.6	0.6
6.75	4.625	-0.07	2.01	-2.48
9.0625	4.3125	326.75	-0.68	-7.85
11.4375	3.1875	-0.02	-1.3	-8.15
13	3.4375	-0.35	-0.94	-8.01
13.375	3.625	-0.04	-1.03	-8.53
11.8125	3.625	-0.7	-1.13	-8.55
8.6875	2.75	-0.49	-0.07	-7.97
3.25	1.625	-3.28	-0.15	-3.03
-1.3125	1.625	-3.06	1.28	0.73
-7.125	2.0625	-1.25	1.27	7.82
-11.0625	3.5625	-0.8	1.02	8.62
-12.4375	4.1875	-0.08	-0.49	9.22
-12.625	5	-0.05	-0.47	6.04
-10.6875	5.25	2.5	-0.51	0.52
-9.125	4.75	1.95	0.37	0.63
-7.5	4.125	-0.01	-0.25	-0.3
-6.75	3.6875	-0.27	-0.11	-0.4
-5.6875	2.9375	-0.13	0.27	-0.01
-5.4375	2.9375	-0.35	0.13	-0.07
-4.875	2.6875	1.35	0.36	-0.04
-4.4375	2.5625	1.46	0.44	-0.06
-4.3125	2.4375	1.46	0.38	0.16
-4.3125	2.5	2.26	1.06	-1.52
-4.6875	1.9375	326.94	-0.19	0.05
-4.3125	1.8125	-0.61	-0.58	0.38
-3.875	1.6875	-0.15	-0.34	0.38
-3.375	1.875	-0.09	0.07	0.9
-2.8125	1.9375	1.28	0.2	0.37
************TIME_SERIES************
ClassID: 3
TimeSeriesLength: 45
TimeSeriesData: 
-1.0625	0.875	-0.01	0.18	0.05
-9.0625	0.875	1.28	-0.03	-0.13
-1.125	0.8125	-0.08	-0.05	0.2
-1.125	0.75	-0.12	-0.04	0.09
-1.125	0.6875	1.32	0.09	0.04
-1.125	0.625	-0.04	0.18	0.14
-1.125	0.5625	-0.05	-0.11	0.26
-1.1875	0.5625	1.28	-0.57	0.7
-1.125	0.25	-0.06	-0.38	1.87
-0.6875	-0.5625	-0.72	6.02	6.43
1.875	-1.125	-0.18	6.28	3.51
5.5	-0.75	-0.28	5.58	-1.71
10.5625	0.375	-0.4	1.96	-8.66
12.6875	1.25	-2.78	-4.29	-10.54
11.375	2.75	-0.68	-4.21	-8.44
8.625	2.8125	-0.03	-5.04	-6.32
2.75	0.5625	-2.86	-8.57	-1.47
-1.8125	-2.1875	-3.27	-6.98	3.6
-7.0625	-4.125	-3.73	-4.55	8.95
-9.875	-5	-2.79	-0.93	10.53
-9.6875	-4.0625	1.36	3.99	9.93
-7.5625	-2.125	-0.39	6.51	9.22
-2.625	0.4375	1.79	7.37	4.63
1.375	2.625	-1.2	2.14	0.18
5.75	3.125	1.74	1.36	-4.91
7.25	2.25	-1.27	-0.44	-6.25
9.25	2.125	-0.05	-2.33	-8.31
10.3125	2.3125	-1.09	-0.19	-7.11
10.1875	2.8125	-0.5	0.12	-8.89
7.5625	3.375	-0.98	-2.22	-11.24
3.0625	2.5	-2.7	-0.19	-6.31
-3.125	0.5625	-2.86	1.34	2.54
-7.9375	0.3125	-1.83	1.14	8
-12.625	0.6875	-0.2	0.65	11.55
-12.6875	0.75	1.8	1.56	9.31
-10.75	1.6875	2.23	-1.16	3
-9.0625	2	2.48	0.33	1.96
-6.5625	2.625	2.4	-1.03	-0.75
-6.0625	2.8125	1.31	-0.28	-0.02
-5.4375	2.6875	-0.19	-0.14	-0.34
-4.625	2.0625	1.54	0.81	-0.05
-4.375	2.0625	-0.08	0.15	-0.25
-4.25	1.9375	1.68	0.4	-0.55
-4.5	1.8125	-0.04	-0.31	-0.17
-4.3125	1.25	-0.25	-0.14	0.23
************TIME_SERIES************
ClassID: 3
TimeSeriesLength: 46
TimeSeriesData: 
0.625	-0.0625	1.33	0.11	0.08
0.5625	-0.0625	1.29	0.03	0.11
0.5625	-0.125	-0.04	-0.04	0.08
0.5625	-0.125	1.32	0.07	-0.05
0.5	-0.1875	-0.05	-0.03	0.04
0.5	-0.125	-0.08	-0.25	0.11
0.5625	-0.0625	1.42	-0.34	0
0.625	-0.1875	1.29	-0.65	0.18
0.5625	-0.625	2.18	-2.17	1.37
0.375	-1.5625	-0.94	3.45	8.91
3.125	-2.125	-0.22	5.63	6.7
7.375	-2.3125	-0.29	6.05	0.62
13.1875	-3	-0.76	6.05	-7.1
15.875	-2.9375	-2.59	1.47	-10.2
16.25	-1.625	-3.07	-3.26	-10.11
14.3125	-0.8125	-0.16	-7.12	-7.07
10.375	-1.1875	-1.21	-8.4	-2.51
6.125	-2.4375	-0.3	-7.48	1.95
0.9375	-3.75	-0.46	-5.98	4.32
-2.4375	-4.125	-1.05	-4.14	4.67
-5.8125	-4	-0.83	0.57	7.68
-6.75	-3.0625	-0.01	3.24	9.48
-5.125	-0.875	1.78	6.8	9.03
-1.875	1.3125	-0.22	4.54	4.47
2.125	3.0625	1.92	2.13	-0.37
5.6875	2.5	-0.28	1.38	-3.47
7.8125	2.0625	-0.88	-0.49	-6.04
10.25	1.375	-0.46	-0.3	-7.26
11.125	0.9375	-0.49	-0.3	-8.22
10.1875	1.25	-0.59	-0.8	-7.62
8.4375	1.5	-0.61	-1.39	-7.23
5	1.0625	-0.35	0.11	-2.22
1.625	0.9375	-0.27	2.22	1.08
-3	1.3125	-1.85	0.25	5.56
-6.375	1.5625	-0.74	0.05	7.63
-7.0625	1.375	-0.1	0.23	6.44
-7.875	3.3125	1.62	-1.21	2.53
-6.625	3.5625	1.84	-0.31	1.16
-5.5625	3.5	1.77	-0.56	0.28
-5.0625	3.4375	2.03	-0.43	-0.65
-5.125	11.0625	1.44	0.26	0.44
-5.0625	3	1.56	0.29	0.06
-5	2.8125	1.69	0.52	0.12
-5	2.625	-0.37	-0.05	0.21
-4.6875	2.125	1.6	0.27	0.26
-4.9375	1.6875	1.35	0.11	0.28
************TIME_SERIES************
ClassID: 3
TimeSeriesLength: 44
TimeSeriesData: 
-0.5	0.5	1.39	0.02	-0.02
-0.5	0.5	1.28	-0.14	0.02
-0.5	0.5	1.31	-0.08	0.07
-0.5625	0.5	1.35	-0.13	0.14
-0.625	0.5	-0.24	0.1	0.35
-0.5625	0.4375	1.45	-0.15	0
-0.5625	0.375	1.39	-0.26	0.65
-0.6875	-0.0625	1.85	0.91	5.5
0.125	-1.0625	-1.21	5.28	9.77
4.0625	-1.6875	-1.15	7.11	3.39
10.1875	-1.0625	-0.29	6.6	-4.66
14.9375	0.5	-0.75	4.16	-9.68
16.5625	3	-3.3	-1.63	-11.93
14.9375	4.125	-3.84	-7.18	-11.44
10.25	3.125	-3.14	-7.58	-4.42
5.25	0.9375	-1.15	-8.34	0.36
0	-1.625	-3.18	-7.38	3.81
-5.9375	-3.1875	-2.96	-5	7.07
-9.9375	-3.625	-3.13	-1.77	9.5
-11.375	-3.375	-0.63	3.25	9.85
-8.5625	-2.25	2.48	6.69	7.28
-5	0	2.28	6.63	6.21
0.5	3.1875	-0.02	2.88	2.43
5.8125	4.0625	-0.5	1.7	-2
10.125	3.9375	-1.14	-0.38	-5.45
13.1875	3.625	-3.17	-0.22	-6.45
15.125	3.625	-0.65	-0.68	-9.24
15.25	4.1875	-0.69	-0.63	-10.24
12.625	4.625	-0.21	0.62	-8.46
7.4375	5.4375	-0.42	-0.6	-8
1.3125	5.25	-3.77	-0.02	-0.7
-6.75	5.375	-3.07	0.64	8.85
-10.6875	5.4375	1.49	1.14	10.52
-12.75	4.625	-0.32	1.03	8.39
-12.375	4.5625	2.13	-0.84	2.88
-11.3125	3.875	-0.26	-0.67	1.87
-8.5	3.875	1.93	-1.01	-0.36
-7.9375	3.6875	1.56	0.47	-0.33
-8.0625	3.9375	-0.37	-0.11	-0.03
-7.9375	3.875	1.47	0.16	-0.34
-7.8125	3.3125	1.46	0.58	0.65
-7.5	2.875	1.76	0.2	-0.15
-7.5625	2.4375	1.9	0.73	0.31
-7.3125	2	-0.02	0.64	0.72
************TIME_SERIES************
ClassID: 3
TimeSeriesLength: 43
TimeSeriesData: 
1.5	1	1.41	0.01	-0.07
1.5	0.9375	-0.12	0	0
1.5	0.875	1.28	-0.02	0.04
1.5	0.875	1.32	0.17	0.08
1.4375	0.875	1.3	0.15	0.05
1.375	0.9375	-0.03	-0.12	0.18
1.3125	0.875	-0.01	0.07	0.26
1.3125	0.75	1.45	-1.1	0.57
1.25	0.25	1.54	0.3	4.59
1.3125	-0.5	-0.08	8.38	10.1
5.125	-0.25	-2.92	4.95	0.41
10.75	-1.125	-0.44	3.84	-6.26
14.75	-2.125	-0.93	1.9	-9.33
15.5	-1.125	-1.02	0.21	-9.94
14.25	1.875	-1.25	-4.9	-9.29
10.375	4.3125	-2.58	-9.33	-5.2
5.9375	4.3125	-2.84	-10.91	-1.42
0	3.0625	-2.78	-7.09	4.24
-4.875	2.25	-2.88	-4.16	8.63
-8.5625	2.6875	-0.45	0.97	14.07
-7.625	4.1875	-0.3	4.63	13.56
-2.0625	13.8125	-0.13	6.15	9.75
3.9375	6.875	-0.93	3.24	2.98
9.8125	6.5625	-0.64	1.92	-3.83
13	4.75	-3.19	-0.22	-7.66
16.75	2.9375	-1.13	-0.28	-10.05
18.25	2.625	-1.09	-0.6	-10.76
17.75	3.625	-1.2	-1.05	-10.49
15.3125	3.9375	-1.28	0.15	-8.7
10.8125	4.0625	-2.82	-1.25	-2.2
5.125	3.25	-0.92	0.79	2.96
-1	2.8125	-0.42	0.56	8.42
-5.0625	1.875	2.27	2.95	7.59
-8.8125	2.4375	-0.88	-0.99	6.01
-9.625	3	-0.64	-0.64	3.38
-9.5	3.5625	1.4	-0.37	1.31
-7.25	3	2.53	0.46	0.2
-6.3125	2.9375	-0.05	0.02	0.84
-5.8125	3.375	-0.19	-0.02	0.05
-4.75	3.1875	-0.04	0.25	-0.07
-4.6875	3	-0.55	-0.03	0
-4.5	2.9375	-0.29	-0.07	-0.2
-4.3125	2.6875	-0.36	0.85	0.26
************TIME_SERIES************
ClassID: 3
TimeSeriesLength: 42
TimeSeriesData: 
3.75	0.9375	-0.14	-0.02	0.01
3.75	0.875	1.3	0	0
3.6875	0.875	-0.24	-0.1	0.19
3.625	0.8125	1.28	-0.05	-0.03
3.625	0.75	-0.14	0	0.07
3.5625	0.6875	1.3	0	0
3.5625	0.5625	-0.03	-0.43	-0.07
3.5	0.3125	1.68	-1.06	0.45
3.0625	-0.9375	-0.22	2.16	6.27
4.3125	-3.0625	326.79	7.78	7.95
7.875	-4.625	-1.09	8.17	3.03
13.375	-3.9375	-3.03	5.65	-4.83
18.25	-2	-1.13	2.23	-10.43
20.0625	0.3125	-3.34	-4.51	-12.09
18	1.9375	-3.02	-7.84	-8.73
13.1875	1.6875	-0.45	-7.57	-3.99
7.75	0	-3.6	-10.28	0.27
1.9375	-2.5625	-0.98	-7.16	4.57
-2.5625	-4.0625	-0.52	-3.73	9.99
-5.875	-4.375	1.33	3.39	13.07
-4.9375	-2.75	1.96	8.65	13.32
-1.1875	-0.5625	-0.31	6.85	6.8
4.375	1.75	-0.19	4.42	2.31
8.6875	3.1875	-2.58	0.67	-4.28
12.5	2.4375	-2.99	-0.24	-7.13
14.8125	2.4375	-3.12	-1.37	-7.24
16.1875	2.375	-0.85	-0.97	-8.48
16.3125	3.125	-0.29	0.11	-8.63
14.125	4.0625	-1.21	-1.83	-9.55
10.625	3.25	-0.3	0.71	-7.12
4.25	1.875	-2.58	-0.49	-2.38
-0.875	1.4375	-2.66	0.51	6.08
-4.9375	0.375	-0.03	2.17	12.9
-8.1875	1.75	-3.36	-0.38	8.69
-6.625	2.8125	1.44	-0.4	3.38
-5.1875	2.9375	1.53	-0.07	2.93
-3.125	3.8125	1.42	-0.26	-0.78
-2.6875	3.875	1.6	0.27	-0.11
-2.25	4.125	1.78	0.48	-0.48
-2	3.9375	-0.04	0.31	0.59
-2.0625	3.75	-0.39	-0.24	0.15
-2.3125	2.75	-0.36	1.14	-0.13
************TIME_SERIES************
ClassID: 3
TimeSeriesLength: 43
TimeSeriesData: 
0.8125	2.8125	-0.01	-0.14	0.07
0.8125	2.6875	1.31	-0.05	-0.01
0.8125	2.5625	-0.03	0.16	0.1
0.75	2.5625	-0.11	0.07	0.2
0.75	2.5625	0.02	-0.05	-0.02
0.75	2.4375	1.28	-0.38	0.2
0.75	2.125	1.75	-2.02	0.73
0.4375	0.9375	-0.79	0.72	5.22
1.25	-0.5625	-0.13	6.93	7.48
3.9375	-1.5625	-1.03	7.66	1.82
8.625	-1.25	-0.71	6.82	-4.14
12.5625	-0.625	-0.91	3.29	-10.12
14.8125	2	-3.26	-1.14	-12.21
13.5	3.5625	-1.2	-7.47	-10.77
9.4375	2.5625	-2.77	-11.34	-4.5
3.25	0.625	-2.64	-9.63	2.07
-1.8125	-0.9375	-1.22	-8.31	6.86
-5.6875	-2.5625	-0.38	-1.66	11.64
-8.875	-3.6875	-0.75	2.73	14.26
-7.8125	-2.6875	1.56	6.97	12.89
-4.5	-1.5625	-0.37	9.1	7.89
2.0625	0.3125	-0.69	4.71	-0.11
6.5	1.875	-3.02	0.12	-5.18
11.25	3.0625	-3.11	-0.42	-7.59
14.625	4.125	-0.55	-1.16	-8.46
16.6875	5.25	-0.29	-0.19	-8.37
17.0625	5.0625	-0.73	-0.56	-7.94
15.5625	5.1875	-1.18	-1.85	-9.15
12.125	4.5	-0.31	0.44	-6.09
6.75	4	-0.89	0.86	-0.34
0.125	3.125	-1.05	-0.89	0.57
-4.25	3.125	-2.98	1.01	7.46
-9.125	3.6875	-0.38	-0.68	6.22
-10.0625	2	1.74	2.67	8.82
-9.75	2.4375	1.36	-1.22	4.4
-7.9375	2.5	1.87	0.04	2.3
-5.75	3.3125	1.4	-0.21	-0.27
-4.5625	3.75	-0.37	0.19	-0.03
-3.3125	4	-0.39	-0.08	-0.72
-2.625	3.875	-0.31	-0.1	-0.61
-2.375	3	1.32	1.01	-0.78
-2.625	2.875	-1.16	-0.42	-0.12
-2.5625	2.25	-0.46	-0.04	0.07
************TIME_SERIES************
ClassID: 3
TimeSeriesLength: 45
TimeSeriesData: 
0.8125	2.0625	-0.11	0.05	0.03
0.75	2.0625	-0.03	0.13	-0.04
0.75	2.125	0	0.02	-0.01
0.5	2.3125	-0.19	0	0.31
0.375	2.3125	-0.24	-0.12	0.29
0.3125	2.3125	1.31	-0.02	0.04
0.3125	2.25	-0.03	-0.25	-0.15
0.1875	2.0625	-0.05	-0.76	-0.16
0	1.5	2.12	-1.74	0.39
-0.8125	0.8125	-0.45	2.91	7.46
0.875	-0.125	-0.85	6.72	8.81
5.5	-1.6875	-2.58	6.64	2.6
13.0625	-2.6875	-0.26	6.13	-7.14
18.25	-2.125	-2.7	2.14	-10.85
20.1875	0.0625	-2.78	-6.15	-12.55
18.75	2.9375	-2.73	-9.04	-9.57
14.25	2.3125	-3.08	-10.65	-3.63
7.6875	-0.25	-1.23	-8.07	3.22
2.1875	-2	-1.14	-6.16	7.67
-1.625	-3.5625	-0.57	-0.93	10.62
-4.0625	-3.375	-1.09	3.52	12.62
-2.6875	-2.5	-0.77	6.32	9.34
2.125	-1.0625	-0.24	5.93	3.74
6.5	0.5625	-0.8	5.42	1.43
11.9375	2.6875	-0.08	0.73	-4.71
14.8125	3.25	-1.26	0.05	-5.99
17.1875	3.8125	-0.82	-1.48	-7.75
17.625	3.9375	-0.43	0.23	-8.16
17.5	4.125	-0.67	-0.85	-9.62
14.25	4.0625	-3.1	-0.05	-7.7
9.25	4.5	-3.49	-1.6	-5.74
3	4.1875	-1.11	0.93	-0.03
-3.5625	3.625	-0.25	-0.09	1.89
-7.5625	3.0625	-0.95	0.31	5.65
-11.25	2.75	-1.01	0.52	10.06
-10.9375	3.6875	-0.71	-0.9	4.42
-8.75	4.6875	1.69	-0.66	2.38
-7.0625	4.9375	1.59	-0.09	1.29
-5.0625	4.75	2.39	0.67	-0.16
-5.25	4.9375	-0.71	-0.27	0.48
-4.6875	4.875	-0.21	0.13	0.08
-4.6875	4.875	1.35	0.69	0.32
-4.8125	4.875	-0.16	-0.05	-0.2
-4.6875	4.5	0.75	-0.02	-0.43
-4.5	4.0625	-0.01	0.45	0.4
************TIME_SERIES************
ClassID: 3
TimeSeriesLength: 43
TimeSeriesData: 
2	2.5625	-0.06	-0.06	0.09
2.0625	2.5	1.37	0.21	0.01
2.125	2.375	-0.04	0.19	-0.13
2	2.3125	1.36	-0.02	-0.14
1.8125	2.25	1.3	-0.08	0.06
1.625	2.125	-0.18	-0.25	0.27
1.5625	1.875	1.53	-1.91	0.79
1.5	0.5625	-0.56	1.81	5.34
2.625	-1	-0.45	5.6	6.86
6.4375	-2.5625	-3.34	7.56	3.14
11.5625	-2.5625	-3.55	6.16	-2.12
18.3125	-1.3125	-0.16	2.95	-10.75
20.5625	0.875	-3.39	-0.97	-12.12
19	4.5	-3.44	-7.74	-10.67
14.875	5.6875	-3.33	-12.41	-4.86
7.375	3.5625	-3.22	-11.43	2.27
1.125	0.5	-2.97	-5.43	9.2
-4.5	-1.5625	-0.66	-0.33	10.7
-6.75	-2.0625	-0.07	4.73	12.53
-5.3125	-0.8125	-0.26	6.23	10.34
-0.875	0.625	-0.67	4.77	4.33
4.75	1.625	-0.19	4.25	1.46
8.5	2.5625	-0.28	1.47	-1.51
12.125	2.875	-3.35	-0.96	-4.23
15.8125	3.125	-1.16	-0.03	-7.54
17.25	4.3125	-2.62	-0.56	-8.67
16.75	5.375	-1.08	-0.51	-8.68
14.375	6.3125	-1.17	-0.98	-10.07
10	6.0625	-2.62	1.67	-6.1
3.9375	6.3125	-2.71	-0.94	-2.01
-1.5625	5.8125	-0.47	0.25	4.23
-7.875	5.5625	-1.08	-0.39	9.67
-10.0625	3.875	-0.66	2.91	11.32
-10.375	5.4375	-0.81	-3.05	3.27
-7.625	4.875	2.3	0.27	1.67
-5.8125	5.1875	1.31	-0.71	0.1
-4.0625	4.875	1.89	0.26	-0.41
-3.6875	4.625	-0.54	0.54	0.04
-2.25	3.5625	1.32	0.74	-0.09
-1.875	3.1875	-0.12	0.48	-0.11
-1.375	2.5	-0.35	0.39	0.71
-1	2.1875	-0.28	0.93	-1.58
-1.5625	1.8125	-1.09	-0.33	0.23
************TIME_SERIES************
ClassID: 3
TimeSeriesLength: 49
TimeSeriesData: 
8.4375	5.9375	-0.07	0.04	0.14
8.4375	5.9375	-0.06	-0.09	0.14
8.4375	6	-0.07	-0.02	0.09
8.4375	6.0625	1.28	-0.04	0.07
8.4375	6.125	-0.07	-0.08	0.1
8.4375	6.1875	1.34	0.03	0.29
8.375	6.1875	-0.12	-0.22	0.24
8.375	6.25	-0.06	-0.12	0.25
8.4375	6.375	1.3	-0.21	0.12
8.5	6.375	1.33	-0.21	0
8.625	6.4375	2.01	0.41	1.06
8.8125	6.1875	1.78	4.14	6.1
9.4375	5.625	-0.1	5.55	6.11
11.25	4.4375	-2.65	5.49	0.76
15.9375	3.1875	-2.97	4.57	-7.6
18.375	3.5	-0.62	0.06	-11.81
17.5	4.3125	-3.23	-6.53	-10.65
14.0625	4.4375	-2.91	-9.89	-7.44
7.125	2.125	-0.91	-11.31	0.96
1	-0.4375	-0.79	-7.22	10.47
-5.5	-2.25	-0.46	-1.8	16.95
-6.125	-0.5625	-0.52	3.1	16
-1.4375	3.8125	1.38	7.7	11.01
3	7.0625	-0.07	5.76	4.16
8	9.375	-0.08	3.23	-2.2
10.8125	8.8125	-3.48	0.36	-6.54
15.625	7.125	-0.85	0.02	-8.98
18.1875	6.1875	-0.42	-0.85	-6.04
18.6875	6.3125	-0.32	-0.09	-2.22
19	6.6875	-0.1	0.81	-0.32
18.9375	7.0625	-0.01	0.05	-0.72
19	7.1875	-0.67	0.48	-2.52
18.625	7.5	-2.82	0.07	-8.06
18	7.5	-0.64	0.72	-11.04
14.75	7.0625	-3.69	0.04	-9.54
12.125	6.8125	-4.03	1.34	-4.98
7.1875	6.125	-0.33	0.04	5.65
1.3125	4.25	1.46	0.11	17.24
-2.625	5.4375	2.51	1.58	12.04
-5	8.5	-3.27	-4.25	2.47
-4.75	8.625	-0.04	-0.08	2.95
-2.875	7.9375	1.94	-0.69	-0.46
-2.625	6.6875	1.97	0.15	-0.19
-2.125	5.5625	-0.3	0.23	0.46
-2.125	5	-0.11	0.79	1.16
-2	5.25	-0.39	-0.33	0.01
-1.9375	5	-0.1	-0.09	-0.18
-1.75	4.1875	1.47	-0.05	-0.1
-1.875	3.125	1.28	0.94	0.88
