GRT_PIPELINE_FILE_V3.0
PipelineMode: CLASSIFICATION_MODE
NumPreprocessingModules: 1
NumFeatureExtractionModules: 0
NumPostprocessingModules: 0
Trained: 1
Info: 
PreProcessingModuleDatatypes:	MovingAverageFilter
FeatureExtractionModuleDatatypes:
ClassificationModuleDatatype:	DTW
PostProcessingModuleDatatypes:
PreProcessingModule_1
GRT_MOVING_AVERAGE_FILTER_FILE_V1.0
NumInputDimensions: 5
NumOutputDimensions: 5
FilterSize: 4
GRT_DTW_Model_File_V2.0
Trained: 1
UseScaling: 0
NumInputDimensions: 5
NumOutputDimensions: 1
NumTrainingIterationsToConverge: 3666458941
MinNumEpochs: 0
MaxNumEpochs: 100
ValidationSetSize: 20
LearningRate: 0.1
MinChange: 1e-05
UseValidationSet: 0
RandomiseTrainingOrder: 1
UseNullRejection: 0
ClassifierMode: 1
NullRejectionCoeff: 3
NumClasses: 3
NullRejectionThresholds:  0 0 0
ClassLabels:  3 1 2
DistanceMethod: 1
UseSmoothing: 0
SmoothingFactor: 5
UseZNormalisation: 0
OffsetUsingFirstSample: 0
ConstrainWarpingPath: 1
Radius: 0.2
RejectionMode: 0
NumberOfTemplates: 3
OverallAverageTemplateLength: 39
***************TEMPLATE***************
Template: 1
ClassLabel: 3
TimeSeriesLength: 41
TemplateThreshold: 206.544
TrainingMu: 95.4031
TrainingSigma: 37.0469
AverageTemplateLength: 39
TimeSeries: 
0.8125	2.75	0.65	-0.095	0.03	
0.8125	2.6875	0.423333	-0.01	0.0533333	
0.796875	2.65625	0.29	0.01	0.09	
0.78125	2.59375	0.2975	0.0325	0.0675	
0.765625	2.53125	0.29	-0.05	0.12	
0.75	2.42188	0.735	-0.595	0.2775	
0.671875	2.01562	0.565	-0.4325	1.5325	
0.796875	1.23438	0.5275	1.3125	3.4075	
1.59375	0.234375	-0.05	3.3225	3.8125	
3.5625	-0.609375	-0.665	5.5325	2.595	
6.59375	-1	-0.695	6.175	-1.24	
9.98438	-0.359375	-1.4775	4.1575	-6.1625	
12.375	0.921875	-1.52	0.375	-9.31	
12.5781	1.875	-2.035	-4.165	-9.4	
10.25	2.1875	-2.4675	-7.395	-6.3525	
6.09375	1.45312	-1.9575	-9.1875	-1.585	
1.29688	-0.078125	-1.7525	-7.735	4.0175	
-3.28125	-1.64062	-1.2475	-4.2175	8.7075	
-6.04688	-2.46875	-0.1975	-0.0675	11.4125	
-6.71875	-2.625	0.015	4.285	11.67	
-4.78125	-1.90625	-0.0625	5.8775	8.7325	
-0.9375	-0.515625	-0.63	5.225	3.8725	
3.82812	0.921875	-1.7975	3.3775	-1.2475	
8.60938	2.34375	-1.8425	0.8125	-5.335	
12.2656	3.57812	-1.7425	-0.4125	-7.4	
14.9062	4.375	-1.17	-0.5825	-8.09	
15.9844	4.90625	-0.6875	-0.94	-8.48	
15.3594	5	-0.6275	-0.54	-7.8875	
12.875	4.6875	-0.7775	-0.2775	-5.88	
8.64062	4.20312	-0.8575	-0.36	-3.7525	
3.6875	3.6875	-1.3075	0.355	0.4	
-1.625	3.48438	-1.325	0.075	3.4775	
-5.82812	2.98438	-0.6675	0.5275	5.7675	
-8.29688	2.8125	-0.065	0.445	6.725	
-9.21875	2.65625	1.1475	0.2025	5.435	
-8.375	2.5625	1.5925	0.32	3.8125	
-7	3	1.065	-0.3	1.6	
-5.39062	3.39062	0.6275	-0.015	0.32	
-4.0625	3.73438	0.0825	-0.05	-0.4075	
-3.21875	3.65625	0.0625	0.255	-0.535	
-2.73438	3.4375	-0.135	0.1025	-0.5575	
***************TEMPLATE***************
Template: 2
ClassLabel: 1
TimeSeriesLength: 37
TemplateThreshold: 114.271
TrainingMu: 59.891
TrainingSigma: 18.1268
AverageTemplateLength: 36
TimeSeries: 
0.0625	0.96875	0.605	0.015	0.085	
0.0416667	0.958333	0.846667	-0.0133333	0.116667	
0.03125	0.9375	0.6025	-0.005	0.2075	
0.015625	0.96875	0.59	-0.0875	0.225	
0.015625	0.953125	0.5925	-0.0725	0.265	
0.03125	0.953125	0.2325	-0.025	0.2875	
0.046875	1	0.6125	-0.1825	0.0825	
0.046875	1.01562	1.0975	-1.5775	-0.28	
-0.234375	0.921875	0.0975	-3.13	-0.31	
-0.40625	0.25	0.055	-4.1225	1.055	
-0.09375	-1.3125	0.16	-4.1275	3.6825	
0.5	-3.46875	-0.49	-0.735	6.215	
2.10938	-6.09375	0.7	1.9875	7.31	
3.67188	-8.64062	-0.82	5.265	5.9125	
5.57812	-11.0625	-1.275	7.21	1.99	
7.92188	-12.625	-1.15	6.6675	-1.9175	
10.0312	-12.7812	-1.69	6.175	-5.0125	
12.7812	-11.5625	-0.875	3.795	-7.2675	
15.1094	-8.82812	-1.0475	1.3075	-8.03	
16.6719	-5.46875	-1.21	-1.09	-7.9	
17.0312	-2.32812	-1.3525	-3.16	-7.095	
15.8281	0.015625	-0.64	-4.385	-5.17	
12.9219	1.51562	-1.1175	-5.0125	-3.0575	
9.21875	1.90625	-0.9925	-4.7475	-0.565	
5.46875	1.76562	-1.015	-4.3225	1.2325	
2.25	1.51562	-1.285	-3.31	2.605	
-0.109375	1.5625	-0.6875	-1.9825	3.4	
-1.75	1.92188	-0.69	-0.9225	3.3325	
-2.625	2.48438	-0.5975	0.3775	3.1225	
-3.21875	3.03125	0.055	1.2125	2.4575	
-3.35938	3.34375	0.435	1.53	2.0725	
-3.34375	3.48438	0.3275	1.48	1.3525	
-3.1875	3.21875	0.835	1.495	1.1825	
-3.09375	2.95312	0.46	0.985	0.6675	
-2.9375	2.53125	0.1075	0.6675	0.345	
-2.84375	1.9375	0.7875	0.5475	0.195	
-2.85938	1.29688	0.26	0.145	0.0925	
***************TEMPLATE***************
Template: 3
ClassLabel: 2
TimeSeriesLength: 45
TemplateThreshold: 287.821
TrainingMu: 117.265
TrainingSigma: 56.8519
AverageTemplateLength: 44
TimeSeries: 
-1.14583	3.70833	0.366667	-0.136667	-0.04	
-1.15625	3.73438	0.595	-0.1325	-0.0375	
-1.17188	3.75	0.6325	-0.0975	-0.0075	
-1.21875	3.76562	0.65	-0.0825	-0.0125	
-1.26562	3.75	0.285	-0.06	-0.0475	
-1.28125	3.70312	-0.13	-0.1325	-0.37	
-1.34375	3.67188	-0.1675	-0.915	-0.845	
-1.67188	3.59375	-0.2175	-2.5375	-0.5625	
-2.23438	3.15625	-0.4125	-3.9925	0.4025	
-2.89062	2.125	0.1175	-4.1775	2.9075	
-3.20312	0.78125	-0.1375	-2.3875	5.785	
-1.9375	-0.640625	-0.2525	1.94	5.965	
0.609375	-0.984375	-0.8625	5.9225	4.475	
4.26562	0.015625	-1.455	8.6875	0.56	
8.29688	2.09375	-1.295	9.495	-3.315	
10.5156	4.98438	-1.28	7.2975	-3.8875	
11.0312	7.42188	-0.715	4.4375	-2.755	
9.90625	9.34375	-1.3025	0.2025	-0.1175	
7.76562	10.7656	-1.8125	-3.675	2.4425	
6.71875	12.0781	-2.57	-6.6775	2.71	
7.28125	13.5312	-3.1425	-8.7075	1.235	
9.82812	14.9062	-3.115	-8.205	-1.2875	
13.6562	15.875	-3.1825	-6.19	-4.225	
17.4375	15.7969	-2.4475	-2.94	-6.36	
20.25	14.7656	-2.2825	0.5375	-6.85	
21.2188	12.8125	-1.7225	3.5775	-6.335	
20.5625	10.0781	-1.73	5.61	-4.84	
18.4688	6.70312	-1.7375	7.905	-2.0975	
15.9062	3.48438	-0.7275	8.9925	0.0675	
13.4531	1.21875	-0.1475	8.13	1.94	
9.48438	0.171875	0.385	5.3675	2.685	
7.95312	0.984375	0.4425	0.725	1.8075	
6.5	2.5625	0.455	-3.365	0.755	
4.82812	4.0625	-0.19	-6.01	-0.2	
4.64062	5.25	-0.185	-6.3725	-0.33	
2.59375	5.51562	-0.135	-4.7425	0.63	
0.84375	5.39062	-0.575	-3.1525	1.275	
-0.203125	4.875	-0.3675	-1.375	1.835	
-0.53125	4.34375	0.16	-0.295	1.835	
-0.46875	3.9375	0.14	-0.1275	1.365	
-0.03125	3.59375	0.0975	0.4625	1.1175	
0.71875	3.42188	0.5575	0.9875	0.75	
1.42188	3.29688	0.1875	1.4	0.435	
2.04688	3.15625	0.675	1.395	-0.0325	
2.375	2.78125	1.1825	1.24	-0.19	
