GRT_PIPELINE_FILE_V3.0
PipelineMode: CLASSIFICATION_MODE
NumPreprocessingModules: 1
NumFeatureExtractionModules: 0
NumPostprocessingModules: 0
Trained: 1
Info: 
PreProcessingModuleDatatypes:	MovingAverageFilter
FeatureExtractionModuleDatatypes:
ClassificationModuleDatatype:	DTW
PostProcessingModuleDatatypes:
PreProcessingModule_1
GRT_MOVING_AVERAGE_FILTER_FILE_V1.0
NumInputDimensions: 5
NumOutputDimensions: 5
FilterSize: 4
GRT_DTW_Model_File_V2.0
Trained: 1
UseScaling: 0
NumInputDimensions: 5
NumOutputDimensions: 0
NumTrainingIterationsToConverge: 3
MinNumEpochs: 0
MaxNumEpochs: 100
ValidationSetSize: 20
LearningRate: 0.1
MinChange: 1e-05
UseValidationSet: 0
RandomiseTrainingOrder: 1
UseNullRejection: 0
ClassifierMode: 1
NullRejectionCoeff: 3
NumClasses: 3
NullRejectionThresholds:  0 0 0
ClassLabels:  1 3 2
DistanceMethod: 1
UseSmoothing: 0
SmoothingFactor: 5
UseZNormalisation: 0
OffsetUsingFirstSample: 0
ConstrainWarpingPath: 1
Radius: 0.2
RejectionMode: 0
NumberOfTemplates: 3
OverallAverageTemplateLength: 29
***************TEMPLATE***************
Template: 1
ClassLabel: 1
TimeSeriesLength: 26
TemplateThreshold: 143.187
TrainingMu: 47.3334
TrainingSigma: 31.9512
AverageTemplateLength: 22
TimeSeries: 
7.9375	0.55	0.2	-0.45	2.57779e+263	
7.97917	0.333333	0.0166667	-0.363333	2.57779e+263	
7.98438	0.575	0.0475	-0.4475	2.57779e+263	
8.01562	0.215	-0.04	-0.26	2.57779e+263	
8.07812	0.6375	-0.06	-0.19	2.57779e+263	
8.23438	1.21	0.305	0.5675	2.57779e+263	
8.53125	0.8475	1.77	1.8075	2.57779e+263	
8.71875	0.725	3.1625	2.11	2.57779e+263	
8.875	0.23	3.6875	1.51	2.57779e+263	
8.875	-0.5	3.9	-0.385	2.57779e+263	
8.625	-1.1425	2.72	-3.0875	2.57779e+263	
8.14062	-1.635	1.2	-5.535	2.57779e+263	
7.32812	-1.685	-0.39	-6.7975	2.57779e+263	
6.20312	-1.7325	-2.4825	-6.3675	2.57779e+263	
4.9375	-1.3075	-4.77	-4.5575	2.57779e+263	
4.23438	-0.9475	-7.3375	-0.7175	2.57779e+263	
3.92188	-0.9475	-8.3425	3.85	2.57779e+263	
4.54688	-0.815	-7.6475	6.635	2.57779e+263	
6.17188	-0.695	-5.48	8.77	2.57779e+263	
8.39062	-0.5525	-1.735	8.96	2.57779e+263	
10.8438	-0.5725	2.085	7.6325	2.57779e+263	
12.9062	-1.15	4.5375	6.4175	2.57779e+263	
14.0781	-1.26	5.565	3.58	2.57779e+263	
13.8594	-1.305	5.5875	0.235	2.57779e+263	
12.8906	-1.4175	4.27	-2.9375	2.57779e+263	
11.1562	-0.855	2.2575	-4.9625	2.57779e+263	
***************TEMPLATE***************
Template: 2
ClassLabel: 3
TimeSeriesLength: 30
TemplateThreshold: 2036.05
TrainingMu: 236.13
TrainingSigma: 599.974
AverageTemplateLength: 31
TimeSeries: 
3.5	0.1025	0.075	0.3525	2.57779e+263	
3.90625	-0.045	0.195	1.77	2.57779e+263	
5.73438	-0.7275	1.37	3.8675	2.57779e+263	
7.85938	-1.2975	2.9275	4.1075	2.57779e+263	
9.45312	-2.425	4.3175	2.695	2.57779e+263	
10.2656	-2.3825	5.1325	-0.6575	2.57779e+263	
9.20312	-1.7475	3.795	-4.9425	2.57779e+263	
7.32812	-1.1325	1.675	-7.37	2.57779e+263	
5.5	-0.655	-1.2475	-7.995	2.57779e+263	
4.5625	-0.62	-4.25	-7.425	2.57779e+263	
4.0625	-0.555	-6.38	-5.28	2.57779e+263	
3.78125	-0.8075	-7.5	-2.855	2.57779e+263	
4.15625	-0.865	-7.35	0.785	2.57779e+263	
4.40625	-0.945	-6.1025	4.2825	2.57779e+263	
5.35938	-1.67	-3.96	7.23	2.57779e+263	
7.34375	-2.05	-1.7275	9.445	2.57779e+263	
10.0156	-2.575	0.93	9.6175	2.57779e+263	
12.6406	-3.0825	2.9575	8.295	2.57779e+263	
14.3125	-3.09	4.0925	4.69	2.57779e+263	
12.4375	-2.7025	4.19	0.935	2.57779e+263	
11.0625	-2.0775	2.8	-3.2425	2.57779e+263	
9.03125	-0.8175	1.63	-7.3475	2.57779e+263	
7.04688	0.315	0.5975	-9.2125	2.57779e+263	
7.76562	0.3	-0.0025	-10.055	2.57779e+263	
6.92188	0.2775	0.165	-9.85	2.57779e+263	
6.3125	-0.9875	0.165	-7.7375	2.57779e+263	
5.9375	-1.9625	0.23	-5.405	2.57779e+263	
5.625	-2.455	0.2175	-2.7125	2.57779e+263	
5.59375	-2.535	0.4975	0.575	2.57779e+263	
5.75	-1.77	0.38	3.8425	2.57779e+263	
***************TEMPLATE***************
Template: 3
ClassLabel: 2
TimeSeriesLength: 34
TemplateThreshold: 311.56
TrainingMu: 94.3385
TrainingSigma: 72.4071
AverageTemplateLength: 35
TimeSeries: 
6.73438	-0.28	0.4325	-0.29	2.57779e+263	
7.04688	-0.325	1.85	-0.435	2.57779e+263	
7.46875	-0.3775	2.9675	-0.165	2.57779e+263	
7.84375	-0.33	3.86	0.27	2.57779e+263	
8.07812	-0.2125	4.05	1.35	2.57779e+263	
8.03125	-0.2975	2.0475	3.29	2.57779e+263	
7.64062	-0.43	-0.2375	4.43	2.57779e+263	
6.46875	-0.0325	-3.2525	3.6775	2.57779e+263	
4.42188	0.46	-7.07	1.41	2.57779e+263	
1.82812	1.07	-8.545	-1.81	2.57779e+263	
-0.359375	1.22	-9.0325	-3.0675	2.57779e+263	
-0.609375	0.1175	-7.405	-2.1725	2.57779e+263	
0.796875	-1.2875	-3.67	-0.21	2.57779e+263	
3.07812	-3.0825	-0.125	2.7225	2.57779e+263	
5.25	-4.36	4.67	3.3525	2.57779e+263	
5.96875	-4.5675	7.6725	3.0475	2.57779e+263	
5.75	-3.94	9.1225	1.52	2.57779e+263	
5.17188	-2.87	8.3375	-1.62	2.57779e+263	
4.5625	-1.8425	5.5025	-3.8825	2.57779e+263	
4.5	-1.0675	2.19	-5.4075	2.57779e+263	
5.03125	-0.27	-0.84	-6.66	2.57779e+263	
5.75	0.555	-3.6975	-6.25	2.57779e+263	
6.29688	1.4275	-6.6125	-4.925	2.57779e+263	
6.875	1.2925	-8.385	-2.5225	2.57779e+263	
7.45312	0.635	-8.975	0.2325	2.57779e+263	
7.82812	-0.6325	-6.65	1.68	2.57779e+263	
8.03125	-1.4675	-2.7425	1.41	2.57779e+263	
7.71875	-1.9775	0.8675	0.07	2.57779e+263	
7	-2.5375	4.6125	-0.47	2.57779e+263	
6.3125	-1.9375	6	-0.53	2.57779e+263	
5.98438	-1.695	5.925	0.3775	2.57779e+263	
5.90625	-1.1425	5.3525	1.4625	2.57779e+263	
5.90625	-0.495	3.0775	1.7625	2.57779e+263	
5.75	-0.4	0.705	1.975	2.57779e+263	
