GRT_LABELLED_TIME_SERIES_CLASSIFICATION_DATA_FILE_V1.0
DatasetName: initialTrainingData
InfoText: This data contains the initial training samples collected, in the format x_orientation, y_orientation, z_orientation, x_accel, y_accel, z_accel.
NumDimensions: 6
TotalNumTrainingExamples: 58
NumberOfClasses: 3
ClassIDsAndCounters: 
1	18
2	20
3	20
UseExternalRanges: 0
LabelledTimeSeriesTrainingData:
************TIME_SERIES************
ClassID: 1
TimeSeriesLength: 33
TimeSeriesData: 
346.875	0	-2.9375	0.11	0.11	-0.06
346.875	0	-3.125	0.32	-0.09	-0.39
346.875	-0.0625	-3.25	0.21	0.01	0.31
346.812	-0.0625	-3.375	0.1	-0.21	0.18
346.812	-0.125	-3.4375	0.12	-0.16	0.25
346.75	-0.0625	-3.4375	0.03	-0.14	0.2
346.688	0	-3.375	0.08	-0.08	-0.02
346.688	0.0625	-3.4375	0.11	0.04	-0.01
346.562	0.0625	-3.5625	0.12	-0.03	-0.16
346.438	0	-3.625	-0.07	-0.54	0.09
346.5	-0.0625	-3.875	0	-0.4	0.09
346.812	-0.0625	-4.1875	-0.05	-0.21	-0.73
346.938	-0.25	-4.875	-0.26	-4.71	-3.54
348.875	-2.25	-5.5625	-0.62	-5.52	2.89
352.625	-3.75	-6.125	0.08	-0.7	5.95
357.688	-2.6875	-7.6875	0.17	2.09	4.98
2.4375	-0.9375	-8.9375	0.64	4.67	4.68
5.3125	1.5625	-8.875	-0.95	7.27	4.38
6	6	-10	-3.03	7.8	-0.17
4.5	10.375	-7.1875	-4.88	6.29	-3.94
359.312	16.125	-2.4375	-7.14	-2.67	-10.44
353.562	18.25	6.6875	-3.37	-3.53	-12.19
349.188	15.4375	4.9375	-2.68	-8.35	-11.42
345.75	8	-0.375	1.72	-6.45	2.2
345.5	-2.9375	0.0625	-2.15	-11.16	5.53
350	-10.5	-3.6875	-3.33	4.47	18.2
355.625	-12.1875	-1.8125	0.83	10.44	6.52
357.25	-7.5625	-3.5625	-0.02	1.44	-4.59
358.188	-6	-3.0625	-0.07	1.2	-3.4
358.312	-5.75	-4.3125	0.11	0.36	-0.88
357.75	-6.4375	-3.75	0.29	0.16	0.75
356.75	-6.5625	-3.9375	-0.26	-0.6	0.76
355.75	-6.625	-4.0625	-0.19	-1.11	0.42
************TIME_SERIES************
ClassID: 1
TimeSeriesLength: 37
TimeSeriesData: 
344.562	-4.25	-7.75	0.03	0.17	-0.41
345.625	-4.625	-7.75	0.64	1.03	-0.31
345.5	-5.375	-7.0625	-0.28	-0.59	0.68
345.688	-6.125	-7	0.03	-0.56	0.97
346.312	-6.25	-6.8125	0.43	0.08	0
346.875	-6.3125	-6.4375	0.72	0.04	0.02
346.938	-6.5	-5.4375	0.19	-0.59	-0.15
347.125	-6.5	-5.3125	0.22	-0.13	0.65
347.062	-6.25	-4.8125	1.07	0.72	-0.33
346.875	-5.4375	-5.5	0.25	-0.04	-0.04
346.375	-4.9375	-5.875	-0.12	-0.1	0.4
345.812	-4.8125	-5.5625	-0.15	-0.3	0.04
345.875	-4.5	-6.125	-0.01	-0.29	0.24
346.438	-3.9375	-7.125	0.5	1.19	-0.46
346.125	-3	-8.6875	-0.13	-0.81	-1.56
346.125	-2.125	-10.0625	0.81	-5.38	-3.69
346.688	-3	-10.9375	-0.69	-10.63	0.71
352.625	-6.1875	-8.9375	-1.15	-2.29	9.45
0.125	-4.6875	-10.0625	-1.08	5.85	8.54
5.75	-1.8125	-11.125	-2	11.95	4.15
8.3125	3.25	-12.875	-4.06	8.04	-3.26
7.625	7.5625	-12.375	-4.57	2.44	-6.82
3.875	10.9375	-12.8125	-4.11	1.17	-6.54
357.562	12.5	-11.8125	-4.33	-3.16	-7.85
349.875	11.875	-11.4375	-2.69	-9.03	-8.82
345.875	7.6875	-8.0625	0.15	-14.99	-8.52
345.25	-1.125	-4.75	-1.77	-9.82	7.86
348.375	-8.375	-1.5625	-0.67	0.69	10.55
351.25	-9.9375	-0.25	-1.21	6.04	9.52
354.375	-8.3125	2.3125	1.1	5.42	-0.73
354.75	-7.3125	2	0.37	1.93	0.37
355.188	-6.75	0.6875	0.39	1.06	-0.39
355.5	-6.5	-0.9375	0.2	0.9	1.15
354.5	-6.25	-1	-0.37	-0.82	0.55
353.688	-5.8125	-1.5625	-0.29	-0.75	-0.85
353.75	-5.8125	-1.625	-0.04	-0.47	0.13
354	-5.625	-1.75	0	-0.12	0.41
************TIME_SERIES************
ClassID: 1
TimeSeriesLength: 25
TimeSeriesData: 
352.75	-2.25	-2.9375	-0.05	0.07	0.62
352.688	-2.3125	-2.875	0.08	0.14	0.09
352.75	-2.25	-2.875	-0.03	0.05	-0.1
352.688	-2.25	-2.9375	0.03	-0.03	0.21
352.625	-2.25	-2.9375	0	0.01	0.16
352.688	-2.25	-2.9375	0	-0.15	0.19
352.75	-2.25	-2.9375	0.05	0	0.11
352.812	-2.25	-3	0.02	0.07	-0.04
352.688	-2.5	-2.9375	-0.33	-3.85	-1.03
354.688	-3.6875	-3.8125	1.35	-3.4	2.56
357.688	-3.8125	-5.375	-0.03	-4.92	8.09
3.625	-0.5	-8.9375	2.02	4.24	6.75
6.625	3.4375	-11.875	-4.07	6.04	2.98
9.4375	8.5625	-14.9375	-3.79	13.79	-0.76
184.062	14.75	-12.6875	-8.01	4.17	-8.11
179.25	18	-8.4375	-6.78	1	-10.16
171.938	18.875	-3.4375	-6.3	-11.85	-15.02
167.312	14.5	-4.4375	-1.83	-8.41	-7.36
164.312	7.1875	-2.25	2.04	-10.3	-0.39
162.812	-3.125	-0.5	-1.84	-9.58	15.31
168.375	-8.4375	-1.75	0.18	10.67	16.04
171.312	-8.125	0.625	1.59	6.78	1.04
171.562	-6.1875	0.625	-0.53	0.63	-1.07
172.062	-5.1875	-0.3125	0.04	0.69	-0.23
171.625	-4.1875	-0.9375	-0.08	-0.09	-0.7
************TIME_SERIES************
ClassID: 1
TimeSeriesLength: 26
TimeSeriesData: 
170.625	-1.8125	-4.625	0.08	0.02	-0.01
170.75	-1.8125	-4.6875	0.03	0.21	0.29
170.75	-1.6875	-4.6875	-0.1	-0.11	-0.06
170.75	-1.6875	-4.6875	-0.01	-0.09	0.09
170.875	-1.6875	-4.6875	0.04	0.15	-0.12
171	-1.6875	-4.8125	0.02	0.13	0.09
170.875	-1.75	-4.8125	0.01	0.1	0.34
170.75	-1.75	-4.8125	0	-0.08	0.24
170.812	-1.75	-4.9375	0	0.02	0.13
170.75	-1.75	-5.1875	0.11	-0.24	-0.39
170.562	-1.75	-5.6875	0.26	-2.91	-1.86
171.875	-2.6875	-6.3125	1.37	-6.05	1.74
176.062	-3.75	-8.125	-0.24	-5.05	6.77
183.312	-2.4375	-13.0625	0.08	6.16	9.56
188.812	1.75	-17.625	-4.1	11.1	4.98
191.438	6.625	-20.875	-5.11	9.84	-5.25
189.188	12.625	-21.6875	-7.36	4.66	-7.96
183.188	17.375	-20.0625	-6.95	-1.1	-11.44
173.188	19.75	-17	-5.22	-9.45	-11.73
164.562	16.875	-11.25	-1.91	-15.78	-9.68
160.062	7.4375	-9	-1.46	-14.18	2.65
163	-2.6875	-5.1875	-2.77	0.8	19.57
168.625	-7.3125	-5.0625	-2.43	6.71	11.14
173.875	-6.4375	-4.5	1.36	5.53	0.49
174.562	-4	-3.5	0.28	2.34	-1.53
175.312	-3.1875	-3.5625	-0.26	0.39	-0.78
************TIME_SERIES************
ClassID: 1
TimeSeriesLength: 27
TimeSeriesData: 
173.438	0.4375	-7.75	-0.06	-0.19	0.13
173.562	0.4375	-7.875	0	0.19	-0.45
173.562	0.5	-7.9375	0.03	0.05	-0.06
173.5	0.5	-8	-0.01	0.1	-0.08
173.5	0.4375	-8	0.1	-0.01	0.04
173.5	0.5	-8	-0.09	-0.06	0
173.5	0.5	-7.9375	-0.02	0.01	0.03
173.5	0.5	-7.9375	0.02	0.25	-0.24
173.438	0.4375	-8	0.11	0.21	-0.21
173.25	0.3125	-8.125	0.15	-2.54	-2.44
173.312	-0.3125	-10	2.37	-8.47	1.28
177.75	-3.0625	-8.375	1.4	-6.72	10.32
183.938	-2.25	-9.0625	-2.39	12.29	8.29
189.625	2.375	-16.6875	-4.8	7.81	1.42
192	8.1875	-19.9375	-6.12	8.34	-4.27
191.5	12.625	-23.875	-6.01	3.12	-9.4
185.812	16.3125	-20.6875	-4.56	-3.13	-15.48
178.562	16.6875	-19.75	-1.86	-11.84	-9.72
171.062	12.5	-12.1875	0.12	-15.63	-10.72
166.875	2.125	-8.8125	-3.1	-12.54	12.92
169.875	-6.75	-4.8125	-3.08	1.26	11.68
176	-9.6875	-4.0625	1.72	15.25	10.16
174.125	-6.125	-1.375	-1.19	-1.82	-2.52
175.688	-4.375	-0.5625	1.13	4.6	0.15
174.375	-2.0625	-1.5625	-0.21	-0.86	-2.01
173.688	-0.8125	-2.1875	0.01	-0.09	-1.43
172.812	-0.5	-2	-0.32	-0.86	-0.2
************TIME_SERIES************
ClassID: 1
TimeSeriesLength: 27
TimeSeriesData: 
173.75	0.4375	-7.875	-0.12	-0.19	-0.03
173.812	0.5	-7.9375	0.07	0	-0.17
173.75	0.4375	-8	-0.11	-0.08	0.18
173.812	0.4375	-8.0625	0.17	0.23	-0.14
173.688	0.5	-8	-0.04	-0.17	0
173.688	0.5	-8.0625	0.07	0.02	-0.07
173.625	0.5	-8.0625	-0.04	0	-0.16
173.688	0.5	-8.1875	0.15	0.14	-0.35
173.562	0.3125	-8.375	-0.08	-0.45	-0.06
173.812	0.3125	-9.375	0.3	-1.2	-1.08
174.438	-0.375	-9.625	0.34	-5.77	0.74
176.688	-1.5	-10.0625	0.57	-5.65	6.55
183.312	-0.4375	-14.1875	-2.32	3.08	7.59
191.688	3.25	-23	-0.63	14.19	2.87
194.812	9.3125	-29.125	-3.81	6.97	-4.65
193.125	14.125	-29.25	-4.37	3.4	-6.02
187.5	18.9375	-27.125	-6.58	-2.22	-11.31
176.75	22.3125	-20.9375	-6.14	-9.51	-12.84
166.375	19.375	-13.5625	-5.87	-11.02	-6.99
161.062	9.5625	-7.25	-5.03	-12.84	1.95
161.5	-1	-5.75	-1.6	-6.88	9.45
165.75	-7.6875	-3.25	-2.49	-0.64	16.13
171.75	-7.625	-3.5	-1.42	5.47	11.64
177.438	-2.4375	-3.375	1.53	9.4	-3.61
178	1.0625	-2.8125	-0.49	1.15	-5.73
177.312	2.6875	-6	-0.38	-0.66	-3.22
176.562	2.5625	-7.8125	-0.37	-0.85	-0.21
************TIME_SERIES************
ClassID: 1
TimeSeriesLength: 24
TimeSeriesData: 
172.812	4	-10.875	-0.09	-0.13	0.1
172.875	4	-10.9375	0.1	0.09	-0.03
172.812	4.0625	-10.9375	-0.12	-0.19	-0.07
172.812	4.0625	-10.9375	-0.06	-0.07	0.05
172.875	4.0625	-10.9375	-0.03	0	0.22
172.938	4	-11.0625	-0.1	0.15	0
172.938	4.125	-11.0625	0.21	0.51	-0.55
172.5	4.0625	-11.1875	0.39	-0.21	-1.34
171.688	3.6875	-11.5625	0.74	-5.45	-2.93
172.438	2.6875	-12.75	0.5	-10.09	0.01
179	-1.1875	-15.5625	-0.11	3.73	14.25
187.125	0.0625	-19.5	-2.91	9.25	8.35
195.562	2.25	-23.4375	-2.49	13.28	-1.45
198.312	4.125	-25.75	-4.8	9.31	-7.84
193.062	8.6875	-26.125	-4.96	4.62	-10.8
183.438	12.625	-22.4375	-8.56	-9.07	-8.34
174.938	12.6875	-15.0625	-3.81	-11.41	-5.53
169.875	10.25	-9.4375	-1.41	-11.3	-7.42
166	4.5	-4.8125	0.75	-9.93	-2.11
166.75	-4.125	-3.6875	-0.87	-2.36	15.01
170.062	-7.375	-3.625	-0.52	4.24	15.02
174.125	-5.4375	-3	-0.92	4.54	5.28
176.25	-1.875	-2.6875	0.61	4.11	-3.73
176.5	0.25	-3.125	-0.19	-0.09	-3.31
************TIME_SERIES************
ClassID: 1
TimeSeriesLength: 27
TimeSeriesData: 
170.5	4.25	-7.1875	0.08	0.22	-0.09
170.438	4.25	-7.25	0.06	0.12	0.32
170.375	4.3125	-7.1875	-0.16	-0.38	0.07
170.438	4.375	-7.25	0.12	-0.06	0
170.5	4.375	-7.3125	0.04	0.33	0.02
170.375	4.5	-7.375	-0.02	0.19	0.04
170.25	4.625	-7.5	-0.03	0.36	-0.37
169.875	4.8125	-7.8125	0.43	0.19	-1.37
168.75	5	-8.3125	0.51	-2.86	-4.25
167.375	4.875	-14.6875	-0.99	-10.11	4.2
170.312	2.8125	-18.25	-1.14	-7.99	5.41
180.188	0	-23.9375	-1.13	6.46	12.9
190.75	-0.125	-24.6875	-1.96	12.98	3.47
197.188	2.75	-28.6875	-4.18	8.73	-4.56
197.312	7.5625	-29.25	-5.33	7.68	-7.9
192	12	-24.375	-5.81	5.15	-9.1
184.938	16	-18	-5.36	-8.11	-8.71
177.375	17.3125	-12.5	-3.26	-8.41	-9.8
170.438	14.375	-9	-2.4	-8.35	-3.97
166.312	7.625	-6.6875	1.33	-4.85	3.26
162.562	1.125	-1	-1.79	-17.23	2.15
167.75	-4.4375	-2.0625	-0.74	6.28	14.77
174.812	-4.9375	-2.875	0.9	8.35	7.22
176.688	-1.125	-2.6875	-0.12	3.42	-3.11
177.5	1.3125	-3.625	0.08	3.03	-1.55
176.188	2.75	-2.75	-0.55	-0.71	-1.89
175.688	3.25	-3	-0.11	-0.54	-0.52
************TIME_SERIES************
ClassID: 1
TimeSeriesLength: 26
TimeSeriesData: 
173.062	4.375	-5.5625	0.01	-0.02	-0.07
173.125	4.4375	-5.625	0.02	0.1	-0.05
173.062	4.4375	-5.6875	0	-0.2	0.16
173.125	4.4375	-5.6875	0.11	0.09	0.02
173.125	4.4375	-5.8125	0.02	0.26	-0.28
173.125	4.4375	-5.8125	0.1	0.16	0
173.125	4.375	-6	0.09	0	-0.81
172.938	4.125	-6.5625	0.2	-3.82	-3.01
173.188	3	-7.75	1.47	-7.8	-1.66
177.438	-0.0625	-9.0625	-0.07	-7	8.15
186.438	-0.375	-12.875	-4.16	3.36	12.49
195.875	2.875	-17.25	-1.36	16.04	6.32
197.812	9.625	-20.6875	-3.88	9.46	-2.98
196.812	14.5	-22.25	-6.39	8.66	-5.59
191.625	20	-19.0625	-6.95	1.63	-10.47
180.938	24.375	-13.375	-7.87	-7.08	-10.18
170.688	23.8125	-9.6875	-3.9	-9.23	-8.98
164.438	17.3125	-5.125	-3.28	-10.56	-4.52
162.5	7.4375	-3.5	-0.7	-7.93	2.57
163.75	-0.375	-1.5	-1.19	-8.36	11.21
170.688	-6	-1.3125	-0.07	7.91	14.71
175.5	-5	-0.3125	-0.69	1.33	0.24
180.188	-2.375	-0.375	1.6	10.35	1.96
179	0.8125	0.75	-1.09	-1.23	-4.08
179.125	1.8125	0	-0.01	1.39	-1.85
179.188	1.6875	-0.5	-0.31	0.17	-0.05
************TIME_SERIES************
ClassID: 1
TimeSeriesLength: 27
TimeSeriesData: 
176.375	4.25	-5	0	0.18	-0.06
176.188	4.1875	-5	-0.08	-0.2	0.17
176.125	4.1875	-5	0.02	0.18	0.31
176.125	4.3125	-4.9375	0	0.12	0.01
176.25	4.3125	-5	-0.06	0.32	0.28
176.25	4.25	-5.125	-0.03	0.11	-0.18
176.188	4.3125	-5.1875	0.03	-0.26	-1.12
176	3.875	-5.75	0.16	-4.47	-2.39
177.812	1.9375	-6.25	0.39	-7.94	0.54
183.938	-0.0625	-9.1875	-1.2	-2.79	5.71
190.125	0.5625	-13.8125	2.31	3.11	8.27
197.062	3.4375	-17.125	-2.82	8.95	6.09
201.625	8.5625	-23.1875	-4.3	11.77	-1.57
201.125	12.875	-22.9375	-6.17	7.49	-6.52
195.688	17.8125	-21.1875	-6.22	3.44	-8.63
187	22	-16.25	-9.46	-4.56	-7.83
175.75	23.5	-9.4375	-7.22	-7.1	-8.32
165.438	20.3125	-3.375	-4.39	-15.75	-8.2
162.312	10.75	-0.5625	-1.3	-12.37	-0.96
164.938	0.25	-1.25	-1.62	-5.87	14.19
172.938	-5.0625	0.3125	-3.87	-0.85	12.53
180.812	-4.125	-3.0625	1.46	10.98	3.03
183	-0.3125	-2.5	0.22	4.37	-3.39
184.125	1.125	-3.5	-0.04	2.83	-1.59
182.938	2.0625	-4.3125	-0.8	-1.02	-0.95
182.5	2.25	-4.625	-0.37	-0.24	0.41
181.875	2.5	-4.5625	-0.19	-0.43	-0.1
************TIME_SERIES************
ClassID: 1
TimeSeriesLength: 31
TimeSeriesData: 
178.062	3.75	-5.5625	-0.06	-0.12	-0.03
178.125	3.625	-5.625	0.07	0.18	0.03
178.062	3.6875	-5.6875	0	0.13	0.17
178.062	3.6875	-5.6875	-0.04	0.17	0.06
178	3.8125	-5.75	-0.11	-0.04	0.06
177.938	3.875	-5.75	0.02	0.07	-0.31
177.875	3.75	-5.75	-0.24	-0.07	-0.23
177.812	3.6875	-5.9375	0.07	0.22	-1.28
177.5	3.0625	-6.4375	0.26	-0.51	-2.62
177.375	1.8125	-9.125	-0.22	-1.3	-0.66
178.438	-0.0625	-9.5	0.26	-5.85	0.54
182.5	-3.125	-9.875	0.64	-7.49	7.67
191.25	-3.6875	-12.1875	-0.9	0.49	10.29
201.375	-0.1875	-14.875	-3.29	5.78	5.97
209.125	4.625	-21	-3.31	16.35	-4
207.375	9.625	-21.8125	-7.99	5.32	-7.45
200.375	16.5625	-20.9375	-6.21	3.49	-7.54
189.062	22	-15.625	-8.13	-0.35	-6.88
175.5	24.0625	-7.5	-6.92	-10.44	-9.52
166.188	19.875	-3.875	-3.58	-13.01	-5.67
164.688	11.125	-3.5625	-1.01	-9.55	-0.59
167.438	3	-4.75	-0.99	-5.31	9.43
174.062	-3.625	-4.25	0.3	0.97	11.91
179.75	-4.75	-4.625	-1.48	3.83	6.84
184.562	-2.5625	-4.8125	0.9	7.28	-0.11
184.062	0.75	-4.125	-0.76	0.18	-3.09
184.562	1.6875	-5.125	0	1.62	-0.31
184.188	2.25	-6	0.08	0.28	-0.43
183.5	2.4375	-6.5625	0	-0.52	0.12
183	2.5	-6.375	-0.32	-0.44	0.35
182.5	2.5625	-6.375	-0.15	-0.49	-0.23
************TIME_SERIES************
ClassID: 1
TimeSeriesLength: 27
TimeSeriesData: 
178.375	4.6875	-7.9375	0	-0.12	-0.16
178.375	4.6875	-8	-0.13	0	0.13
178.438	4.75	-8	0.06	0.12	-0.3
178.375	4.8125	-8.0625	-0.1	-0.02	0
178.312	4.8125	-7.9375	-0.07	-0.11	-0.19
178.375	4.875	-8	-0.12	0.23	-0.09
178.375	4.8125	-7.9375	-0.04	0.05	-0.12
178.375	4.875	-7.9375	0.03	-0.11	-0.46
178.312	4.75	-8	0.27	-1.04	-1.44
178.375	4	-8.1875	-0.6	-8.22	-0.23
182.188	1.3125	-7.875	1.42	-7.79	3.86
189.562	-0.6875	-8.9375	0.49	-2.3	7.8
198.062	-0.1875	-10.9375	-4.6	4.81	9.87
204.375	3.0625	-16.6875	-3.34	16.68	0.96
204	8.5625	-19.625	-5.61	5.25	-7.55
200.312	14.3125	-21	-4.89	6.39	-6.04
191.812	20.25	-18.625	-6.95	-1.86	-8.42
183.312	22.5	-13.3125	-6.18	-4.68	-7.41
175.062	21.8125	-10.5	-4.08	-8.03	-9.06
170.438	17.1875	-10.3125	-2.91	-8.63	-3.66
168.5	8.8125	-8	0.22	-7.9	1.6
170.125	0.5625	-5.5	0.24	-4.94	9.3
173.75	-3.375	-5.0625	1.17	3.41	15.29
176.312	-2	-3.8125	0.3	4.49	4.79
178.875	0.9375	-5.375	-0.28	2.9	-2.81
180	2.8125	-6	-0.87	0.86	-1.51
180.312	3.625	-6.1875	-0.76	0.6	-1.47
************TIME_SERIES************
ClassID: 1
TimeSeriesLength: 30
TimeSeriesData: 
182.438	3.125	-8.6875	-0.23	0.27	-0.04
182.375	3.1875	-8.6875	-0.28	0.03	0.1
182.25	3.1875	-8.625	-0.15	-0.2	-0.03
182.25	3.1875	-8.625	-0.09	0.09	-0.1
182.188	3.1875	-8.625	-0.11	0.02	-0.1
182.125	3.1875	-8.5625	-0.15	-0.11	-0.13
182.188	3.1875	-8.5	-0.11	0.05	0.05
182.188	3.125	-8.5	-0.09	0.05	0.14
182.188	3.1875	-8.4375	-0.14	0.22	0.08
182.125	3.3125	-8.5625	-0.12	0.38	-0.44
181.812	3.4375	-8.5625	-0.29	-0.31	-1.26
181.5	3.375	-8.75	0.38	-1.1	-3.71
180.875	2.6875	-9.3125	-0.71	-8.8	-1
184.75	-0.3125	-10.5625	1.96	-4.84	3.88
189.312	-1.8125	-11.75	-1.4	-1.12	9.23
196.25	-0.3125	-14	0.27	5.24	7.91
202.312	3.25	-17.4375	-1.48	9.87	2.42
204.875	7.9375	-20.8125	-3.95	9.27	-1.8
202.5	13.875	-22.5	-5.32	4.23	-4.8
196.75	18.875	-22.25	-5.82	2.35	-5.99
190	22.0625	-19.375	-4.84	-1.28	-7.66
181.312	22.9375	-14.25	-4.59	-4.88	-5.47
174.312	20.375	-8.6875	-3.65	-8.2	-7.48
170.938	14.375	-8.375	-2.51	-8.2	0.8
171.5	9.0625	-8.3125	0.95	-6.46	-0.53
173.688	1.9375	-8.0625	-0.39	-4.84	6.57
178.812	-2.5625	-7.4375	2.04	6.22	10.61
181.125	-1.9375	-4.875	-0.55	2.67	2.37
183.062	-0.25	-4.0625	0	4.52	2.09
182.188	1.9375	-3.5625	-0.36	1.26	-0.11
************TIME_SERIES************
ClassID: 1
TimeSeriesLength: 29
TimeSeriesData: 
175.625	5.125	-3.4375	0.15	0.34	-0.12
175.688	5.1875	-3.4375	0	0.38	0.06
175.625	5.1875	-3.375	-0.07	0.07	0.02
175.5	5.1875	-3.375	0.04	0.09	0.02
175.375	5.25	-3.3125	-0.1	-0.18	-0.01
175.375	5.25	-3.3125	0.01	0.02	0.15
175.375	5.25	-3.3125	0.05	0.23	0.15
175.438	5.3125	-3.4375	0.11	0.18	-0.46
175.312	5.25	-3.5	0.04	-0.01	-1
175.188	4.75	-3.625	0.62	-0.87	-1.63
175.438	3.4375	-3.625	0.24	-5.75	-1.35
178.5	1.0625	-2.6875	-0.58	-10.24	0.26
186.75	-1.25	-5.25	-1.72	-3.33	6.95
195	-0.75	-8.8125	-0.88	6.9	7.29
202	2.4375	-13.375	-0.93	10.9	6.11
203.688	8.3125	-16.375	-2.94	7.81	-1.54
201.5	14.125	-18.75	-4.79	6.13	-5.18
195.688	19.75	-18.0625	-6.55	4.48	-6.92
187.438	23.5625	-15.0625	-7.69	-2.79	-9.24
176.438	24.75	-9.75	-7.45	-7.97	-10.05
169.188	19.9375	-4.6875	-3.6	-10	-6.02
166.062	10.8125	-2.25	-1.95	-10.47	2.03
168.312	2	-2.3125	1.32	-1.69	10.49
171.5	-1.875	-2.1875	0.56	-1.29	8.31
175.25	-2.3125	-3.5625	1.61	5.25	4.65
177.688	-0.5625	-5.1875	0.04	2.94	1.07
179.188	1.375	-6.125	0.13	2.05	-2.6
179.812	1.9375	-6.8125	-0.14	1.1	-0.9
179.75	2.1875	-7	-0.19	0.44	-0.1
************TIME_SERIES************
ClassID: 1
TimeSeriesLength: 31
TimeSeriesData: 
176.125	3.4375	-5.4375	-0.02	-0.19	0.04
176.125	3.5	-5.5	0.09	-0.1	0
176.188	3.5625	-5.5	-0.04	-0.01	-0.06
176.312	3.625	-5.5	0.11	0.31	0.01
176.375	3.625	-5.4375	-0.06	0.06	-0.05
176.438	3.625	-5.5625	0.03	0.16	0.12
176.375	3.75	-5.5625	-0.12	-0.15	0.05
176.438	3.8125	-5.5625	-0.06	0.07	-0.37
176.438	3.75	-5.625	0.02	-0.23	-1.11
176.375	3.1875	-5.875	0.53	-3.39	-2.48
177.25	1.8125	-6.6875	0.3	-8.17	-2.16
181.125	0	-13.25	-0.69	-6.06	3.99
189.062	-0.5	-23.0625	-0.25	3.76	9.06
195.812	0.4375	-24	-0.36	6.82	6
202.625	3.1875	-24.375	-2.24	11.6	5.84
205.062	8.75	-25.4375	-4.39	9.84	-3.98
202.875	13.9375	-23.5625	-6.16	6.51	-7.37
196.562	19.125	-19.3125	-7.07	3.32	-7.57
186.188	22.8125	-14.625	-8.23	-2.05	-4.19
176.312	23.5	-6.5625	-4.7	-9.02	-9.2
170.375	20.25	-4.5	-2.06	-11.76	-6.06
167.562	13.0625	-2.8125	0.11	-7.89	1.72
169.375	4.9375	-2.5625	0.25	-4.52	7.83
173.75	-0.5	-2.3125	-0.66	-1.69	7.36
179.188	-2.1875	-4.4375	0.25	4.06	3.97
181.875	-0.875	-5.9375	0.72	5.89	-0.24
183.75	0.375	-8	0.16	2.42	-1.52
183.375	1.125	-8.0625	-0.21	0.55	0
183	1.5625	-7.9375	-0.14	-0.47	0.17
182.812	1.6875	-7.625	-0.25	-0.15	0.29
182.5	1.9375	-7.4375	-0.07	-0.04	-0.07
************TIME_SERIES************
ClassID: 1
TimeSeriesLength: 28
TimeSeriesData: 
176.875	5	-2.5	0.04	0.07	-0.13
176.812	5	-2.5	-0.03	0.12	0.29
176.75	5	-2.4375	-0.1	-0.2	0.26
176.75	5	-2.5	-0.03	0.13	0.08
176.75	5	-2.625	-0.03	0.26	0.19
176.625	5.0625	-2.5625	0	-0.18	-0.19
176.625	5	-2.625	-0.04	0.04	0.2
176.688	5	-2.6875	-0.03	0.25	0.21
176.625	5.0625	-2.6875	0.19	0.31	-0.36
176.5	5	-2.75	0.15	-0.17	-2.37
176.312	4.125	-3.4375	0.62	-6.68	-4.46
179.312	1	-4.875	0.87	-7.18	0.91
185.062	-3.125	-7.4375	-2.85	-3.68	11
192.188	-3.6875	-10.625	-0.83	12.01	9.21
196.938	0.25	-13	-3.87	8	6.19
199.062	6.9375	-14.5	-5.26	7.64	-2.81
198.188	13.5625	-16.5625	-5.98	5.25	-6.68
192.875	19	-15.6875	-6	1.85	-9.45
185.562	22.1875	-13.4375	-7.53	-4.39	-8.86
176.688	22.3125	-9.625	-3.03	-10.3	-10.06
171.688	15.9375	-5.4375	-1.73	-11.62	-1.62
171.312	6.875	-4.6875	-0.34	-5.69	5.56
172.875	0.625	-3.9375	0.71	-3.47	8.25
176	-2.0625	-4.5625	1.97	4.28	5.66
177.062	-2	-5.0625	-0.21	0.45	2.79
179.188	-1.3125	-5.5	0.21	4.06	2.01
179.438	0.375	-5.625	0	0.85	-1.37
179.812	1	-5.1875	0.37	0.88	0.18
************TIME_SERIES************
ClassID: 1
TimeSeriesLength: 31
TimeSeriesData: 
175.062	4.4375	-2.375	0	0.02	0
175	4.5	-2.375	0.06	-0.02	0.25
175.062	4.5625	-2.3125	-0.16	-0.02	0
175.125	4.4375	-2.375	-0.03	-0.09	0.28
175.188	4.375	-2.3125	0.1	0.08	-0.09
175.125	4.375	-2.1875	-0.03	0.08	0.33
175.125	4.4375	-2.25	0.11	-0.09	0.01
175.062	4.4375	-2.1875	0	0.19	0.2
175.125	4.5625	-2.3125	0.16	0.35	-0.03
175	4.5625	-2.375	0.19	0.93	-0.72
174.188	4.5	-2.875	-0.48	-4.94	-5.47
175	2.75	-4.875	2.26	-9.18	-0.37
179.312	0.4375	-7.25	-0.94	-9.61	9.01
188.625	1.375	-13.5	1.53	9.04	11.19
195.625	5.4375	-16.9375	-3.66	14.43	3.95
197.875	11.125	-20.875	-6.51	9.76	-1.93
196.188	17.1875	-21.75	-8.21	5.86	-7.1
189.5	23.1875	-20.9375	-7.33	-0.71	-7.19
182.562	26.1875	-17.75	-5.81	-5.02	-7.93
174	26.375	-14.9375	-2.6	-7.31	-8.42
167.75	21.3125	-12.4375	-0.81	-11.53	-4.67
168	11.25	-7.625	-0.21	-10.94	2.29
171.812	2.75	-4.9375	-0.85	-5.58	9.89
178.438	-1.125	-3.8125	-0.58	6.48	10.72
181.625	-0.5	-5.4375	1.49	8.66	1.46
181.25	1.1875	-5.1875	-0.22	1.2	-0.76
180.625	1.8125	-4.875	-0.22	0.91	0.37
179.812	2.375	-5.0625	-0.5	-0.63	0.35
179.438	3.125	-5.1875	0.19	0.55	-0.53
178.75	3.5625	-5.0625	-0.47	-0.26	-0.39
178.062	4	-4.625	-0.12	-0.34	-0.36
************TIME_SERIES************
ClassID: 1
TimeSeriesLength: 30
TimeSeriesData: 
175.5	8	-3.5	-0.1	-0.06	-0.12
175.75	7.9375	-3.5	-0.15	0.07	0.38
175.938	7.9375	-3.5	-0.06	0.39	-0.19
175.938	8	-3.4375	-0.1	0.18	-0.18
175.938	8	-3.375	-0.11	0.05	-0.06
175.938	7.875	-3.375	-0.09	-0.19	0.22
176.188	7.8125	-3.5625	0.22	0.57	0.03
176.125	7.875	-3.6875	0.1	0.6	-0.13
175.625	8.0625	-3.875	-0.03	-0.19	-1.2
175.062	7.875	-4.25	0.43	-1.94	-5.33
174.5	6.125	-8.3125	0.18	-5.94	-4.14
177.688	1	-9.625	-2.02	-6.46	6.38
183.062	-1.125	-14.1875	-1.78	-2.27	9.89
192.25	-1	-17.125	-0.51	6.2	6.79
201.25	1.125	-20.6875	-1.23	9.51	4.85
206	6	-24.625	-4.39	10.15	0.67
206	12.5	-25.625	-5.72	5.8	-6.79
202.688	17.375	-24.6875	-7.15	4.48	-7.76
195.125	22.8125	-21.75	-7.12	-1.51	-9.13
183.875	27.0625	-15.0625	-6.37	-7.25	-8.53
175.062	25.4375	-7.3125	-3.46	-8.4	-9.07
168.75	18.625	-3.625	-0.73	-11.83	-2.15
169.438	9.0625	-1.5	-2.47	-8.27	8.86
175.375	2.3125	-1.0625	0.44	3.08	8.01
179.188	-0.1875	-2.25	1.21	5.15	5.64
181.25	-0.125	-2.3125	1.31	3.14	2.51
180.438	1.375	-1.0625	0.03	-0.6	-2.39
181.062	1.6875	-1.6875	-0.24	0.96	0.51
181.125	1.8125	-2.125	-0.53	-0.18	-0.03
181	1.6875	-2.3125	-0.53	-0.02	0.54
************TIME_SERIES************
ClassID: 2
TimeSeriesLength: 31
TimeSeriesData: 
180.688	9.0625	-4.125	0.12	0.51	-0.11
180.375	8.875	-4.125	-0.04	0.12	0.13
180.062	8.75	-4	-0.05	-0.15	0.3
179.938	8.75	-4.0625	0.03	0.09	0.04
179.875	8.75	-4.0625	-0.07	0.02	-0.12
179.812	8.8125	-4.125	-0.02	0.33	-0.06
179.562	8.75	-4	-0.22	-0.19	0.04
179.562	8.6875	-4	-0.05	0.37	-0.2
179.375	8.6875	-3.9375	0.06	0.26	-1.47
178.625	8.5	-5.25	-0.17	-4.17	-2.53
179.562	6.9375	-7.3125	0.04	-9.58	-0.77
185.812	3.875	-9.5	1.11	-4.44	8.17
194.125	4.0625	-12.0625	-0.54	3.2	9.63
202.125	7.5	-17.5	-0.74	13.77	4.45
203.5	11.5	-20.4375	-4.59	10.86	-0.62
201.25	17.0625	-20.0625	-7.51	6.36	-6.23
194.438	22.4375	-17.9375	-8.17	3.17	-7.63
184.688	25.875	-13.5	-8.32	-4.19	-10.19
174.875	24.75	-7.125	-5.93	-8.72	-7.78
168.375	18.375	-2.6875	-2.44	-11.51	-2.74
166.688	10.8125	-0.8125	-1.74	-12.74	3.24
171.188	2.5625	-1.8125	-0.38	-1.9	8.98
176.938	-0.3125	-2.6875	0.39	4.32	6.12
181.375	0.1875	-3.5	0.84	6.89	2.91
182.438	2.0625	-4	-0.48	1.96	-0.02
182.5	3.625	-4.625	-0.31	1.67	-0.52
182.062	4.6875	-4.6875	-0.25	-0.24	-1.09
181.312	5.0625	-4.5	-0.19	-0.58	-0.7
181.312	5.1875	-4.8125	-0.4	0.22	0.29
181.125	5.3125	-4.875	-0.15	-0.19	0.13
181	5.375	-4.75	-0.38	-0.08	0.15
************TIME_SERIES************
ClassID: 2
TimeSeriesLength: 81
TimeSeriesData: 
179.5	6.125	-3.8125	-0.16	-0.14	0.13
179.625	6.0625	-3.8125	0.18	0.44	-0.21
179.562	6	-3.875	-0.07	0.03	0.29
179.438	6	-3.875	-0.18	-0.12	0.15
179.375	6	-3.9375	0.01	0.17	0.22
179.375	6	-4	-0.14	-0.04	-0.15
179.5	6	-4.125	-0.13	0.25	0.26
179.5	6.0625	-4.3125	0.01	0.29	-0.71
179.312	5.9375	-4.4375	0.08	-0.07	-2.35
178.875	5.625	-6.1875	-0.47	-6.15	-6.1
181.062	3.5625	-10.5	-0.47	-9.42	-3.32
187.438	0	-13.875	0.17	-0.91	13.66
193	0.625	-14.8125	-1.32	2.39	10.97
201.188	3.5625	-16.875	-1.17	10.87	2.66
204.812	7.125	-19.8125	-3.47	13.2	2.75
202.438	13.875	-19.25	-6.51	7.9	-3.25
195.438	22	-17.8125	-8.19	4.56	-7.15
187.312	27.0625	-13.375	-8.46	-2.29	-11.45
176.75	29.25	-7.8125	-6.32	-9.45	-11.44
169.938	24.0625	-5.125	-3.95	-6.95	-5.7
166.812	14.8125	-3.75	-2.4	-7.24	0.4
166.312	5.9375	-4.1875	-0.87	-8.12	8.72
170.438	-0.125	-4.0625	0.11	-0.66	9.11
175.062	-1.9375	-4.875	0.25	4.73	6.12
179.875	-1.125	-4.875	1	4.51	-0.23
181.375	0	-5.0625	-0.67	1.62	-0.41
182.125	0.875	-5	0	1.23	-0.4
182.062	1.4375	-4.9375	-0.39	-0.25	0.12
182.375	2.0625	-5.1875	-0.35	0.34	0.57
182.375	2.8125	-5.25	-0.15	0.47	-0.48
182.062	3.4375	-5.0625	-0.59	-0.26	-0.82
181.312	2.3125	0	0.29	0.08	0
181.75	2.5	-0.6875	0.37	0.44	0.21
181.562	3.5	-1.75	0.31	0.08	-0.36
181.125	4.3125	-2.5	-0.05	-0.35	-0.29
181	4.875	-2.875	0.21	0.36	-0.22
180.438	4.9375	-2.5625	0.17	0.18	0.48
180	5.0625	-1.9375	-0.16	-0.43	-0.33
179.688	5.125	-1.75	0.09	-0.78	-0.54
179.688	4.4375	-2.0625	0.21	0.24	0.08
179.625	4.5	-2.375	-0.55	-0.66	0.35
179.75	4.75	-2.3125	-0.35	-0.44	0.06
180.438	5.0625	-2.75	0.16	0.23	-0.11
180.812	5.4375	-3.25	-0.52	-0.85	0.15
182	5.625	-3.5	-0.3	-0.93	-1.06
183.062	5.4375	-3.625	-1.38	-4.52	-2.06
185.812	4.25	-4.1875	-0.17	-2.91	0.37
190.25	2.8125	-4.4375	-0.24	-4.21	4.26
196	2.1875	-4.125	1.68	3.59	6.22
200.688	4.9375	-5.9375	1.31	8.46	4.26
201.562	9.5625	-5.625	-0.82	7.22	1.08
199.5	13.875	-3.875	-2.19	5.59	-3.46
195.062	17.1875	0.625	-3.84	4.72	-6.08
188.438	16.875	6.125	-2.66	2.2	-5.35
181.125	13.125	10.375	-0.42	-1.58	3.95
172.312	10.6875	14.25	-0.98	-10.35	4.18
168.5	12.25	14.5625	-2.61	-12.48	3.92
171.938	16.1875	15.6875	-3.06	-7.11	-1.05
181.625	20.125	21.875	-3.57	-3.35	-7.86
190.562	21.625	20.125	-5.16	1.79	-7.83
199.438	19.625	6.625	-3.79	6.84	-3.02
205.438	16.125	0.125	-3.03	9.19	-0.95
207.125	12.25	-0.1875	-2.94	8.24	1.6
203.75	10.125	-3.625	-0.83	9.16	5.5
197.188	9.4375	-3.5	-1.64	5.4	4.72
189.188	11	-3.5625	-2.4	-2.8	-0.16
180.938	11.625	-1.6875	-1.51	-4.95	-5.17
175.625	9.6875	-5	-2.96	-6.45	-0.85
173.625	5.4375	-4.75	0.68	-7.81	-2.2
174.438	0.1875	-6.125	-0.57	-6.89	5.91
178.25	-3.3125	-5.5	-0.29	-2.14	8.06
183.688	-4.3125	-2.875	0.19	4.15	4.78
187.938	-2.75	-0.9375	0.71	4.6	0.32
189.625	-0.4375	1.625	-0.1	3.92	-2.17
190.188	0.6875	1.75	0.07	1.59	-0.94
190.062	1.25	2.25	0.37	0.46	-0.95
190.125	0.625	1.5625	0.19	-0.14	0.14
189.562	0.6875	0.9375	-0.16	-0.81	0.46
189.812	0.8125	0.375	0.39	1.47	0.49
189.75	1.1875	0.1875	-0.29	-0.14	0.36
189.812	1.375	0.4375	0.4	0.29	-0.06
************TIME_SERIES************
ClassID: 2
TimeSeriesLength: 42
TimeSeriesData: 
187	2	-5.875	0.16	0.21	-0.03
186.938	2.25	-5.9375	-0.02	-0.03	0
186.938	2.3125	-5.9375	0.12	0.05	-0.02
186.875	2.375	-5.875	0.06	-0.07	-0.28
186.75	2.4375	-5.9375	0.21	0.2	-0.31
186.688	2.5	-5.75	0.18	0.2	-0.11
186.625	2.5	-5.6875	0.14	0.36	-0.15
186.562	2.0625	-5.625	-0.04	-0.2	-0.76
186.75	1.375	-5.4375	-0.03	-0.74	-0.65
187.812	0.5	-3.8125	0.38	-4.68	-1.15
190.812	-1.3125	-3	-0.12	-5.91	3.79
196.875	-1.75	-4.0625	0.52	-0.95	8.18
202.562	0	-4.125	-0.54	4.91	4.56
207.625	5.125	-6.5	-0.32	11.28	4.11
206.438	12.25	-1.125	-4.31	6.3	-5.37
202.438	17.5625	2.625	-4.13	7.3	-8.84
195.375	16.625	10.625	-3.44	3.49	-6.78
186.625	12.25	17.75	-2.72	-2.09	0.44
178.875	9.1875	23.25	-0.29	-9.78	4.42
172.812	9.1875	29.6875	-1.79	-14.2	1.29
173.562	13.5	29.6875	-1.49	-8.29	-1.23
179.062	19.5625	31	-3.01	-4.51	-3.98
190.375	25	46.4375	-7.48	-0.31	-13.91
202.25	25.6875	34.25	-7.31	7.4	-7.12
209.688	21.5625	22.25	-4.3	9.92	-1.07
212.188	16	14.9375	-5.41	7.85	3.99
211.188	11.5	6.75	-1.74	10.49	9.47
204.75	11.5	4.1875	-0.98	5.4	5.22
196.688	13.125	4.875	-1.82	3.1	4.4
188.625	14.6875	10.1875	-1.12	-2.31	-5.08
182.438	14.5	9.125	-1.75	-6.32	-3.14
178.125	12.4375	9.3125	-1.53	-6.55	-3.2
177.25	9.125	7.375	0.69	-5.78	-5.83
178.688	3.25	5.9375	-0.31	-7.97	2.43
183.688	-0.875	3.75	-0.43	-1.5	4.71
188.875	-2.75	4.125	-0.84	3.57	4.19
194.312	-2.875	5.25	-0.24	5.74	2.43
196.5	-1.9375	5.1875	0.2	4.95	1.49
196.438	-1.125	6.625	0.03	2.17	0.02
195.688	-0.375	8.875	0.15	0.31	0.12
194.625	0	7.75	-0.79	-0.17	0.1
195.062	0	8.0625	0.64	1.76	0.28
************TIME_SERIES************
ClassID: 2
TimeSeriesLength: 41
TimeSeriesData: 
182.5	0.3125	0.1875	0.25	0.5	0.15
182.375	0.375	0.4375	-0.18	-0.13	0.06
182.688	0.375	0.25	0.37	0.67	-0.03
182.625	0.4375	-0.0625	-0.09	-0.09	-0.43
182.625	0.375	-0.1875	0.09	0.22	0.3
182.625	0.4375	-0.5	0.11	0.17	0.18
182.625	0.5	-0.75	0.21	0.47	-0.09
182.5	0.5625	-0.625	0.02	0.14	-0.65
182.562	0.5	-0.3125	-0.26	-1.81	-2
183.625	-0.0625	-0.875	0.03	-2.16	0.47
185.938	-0.625	-1.9375	-0.73	-3.52	2.62
190.625	-0.25	-4.4375	0.23	-0.94	5.69
196.25	1.25	-3.4375	0.03	0.94	3.1
200.312	4.375	-4.875	1.53	9.34	2.37
201.312	8.625	-2.875	-1.17	7.47	-2.23
199.062	11.4375	2.375	-1.56	8.44	-2.33
192.688	11.8125	9.0625	-1.3	2.55	-2.4
185.188	10.125	16.875	-2.25	-3.85	1.66
178.875	10.8125	21.9375	-2.23	-9.74	-0.88
177.25	13	21.125	-1.03	-6.32	0.92
179.125	16.1875	21.5625	-1.09	-5.07	-2.57
183.438	19.625	19.1875	-2.22	-3	-4.6
190.562	21.6875	15.875	-2.45	-0.71	-3.83
198.875	22.25	13.1875	-4.54	0.45	-6.85
206.688	20.125	7.625	-4.09	6.13	-3.14
211.75	15.625	4.5	-2.35	8.44	-0.43
212.312	11.4375	2.0625	-1.43	10.07	2.94
207.875	6.9375	-2.75	-0.92	7.49	5.74
199.625	5.75	0.1875	-2.15	1.08	2.72
190.5	5.9375	3	-1.88	-5.54	-3.2
185.375	5.0625	3.5	-0.51	-5.32	-4.51
181.625	2.1875	2.5	-1.4	-7.01	-2.64
181.375	-2.3125	2	-1.41	-5.61	1.28
183.25	-6	-1.5625	0.47	-2.78	4.66
187	-8	-0.3125	0.31	0.02	5.23
190.375	-7.6875	0.3125	-0.38	2.18	3.45
192.875	-6.3125	0.5	0.62	4.77	1.02
194	-4.3125	0.875	-1.3	1.57	-0.88
194.812	-3.4375	1.5625	-0.08	1.58	0.41
194.375	-3.375	2.125	-0.05	0.74	0.47
193.25	-2.875	2.4375	-0.16	-0.5	-0.01
************TIME_SERIES************
ClassID: 2
TimeSeriesLength: 43
TimeSeriesData: 
189.375	-0.75	-1.875	0.05	0.18	-0.05
189.25	-0.75	-1.4375	0.03	0.09	0.08
189	-0.6875	-0.5625	-0.1	-0.21	0.02
189	-0.5625	-0.6875	0	0.16	0.25
188.938	-0.5	-0.75	-0.01	0.02	0.07
188.938	-0.4375	-0.875	0.17	0.05	-0.17
189.062	-0.4375	-1.5	0.08	0.1	0.34
189.312	-0.1875	-1.5625	-0.31	-1.07	-0.39
190.25	-0.0625	-2.25	-0.02	-1.62	-1.08
192.062	-0.8125	-2.8125	-0.95	-4.8	-0.3
196.562	-2.0625	-4.5	1.96	-3.08	4.58
202	-1	-6.25	0.54	0.58	6.58
206.812	1.75	-6.5	-0.3	7.7	6.47
209.188	7.6875	-5.25	-3.56	10.07	-0.61
208.312	12.3125	2.8125	-3.68	8.83	-8.37
203.375	13.3125	8.125	-3.36	6.62	-3.26
195.438	11.125	15.5	-3.12	-0.12	1.44
186.875	10.0625	21.875	-0.41	-7.76	1.26
181.562	11.5	24.5	-0.56	-11.4	-1.48
181.562	14.5625	28.375	-0.95	-8.51	-4.8
185.062	18.8125	26.375	-2.6	-6.8	-5.61
193.125	22	22.5	-3.79	-0.95	-3.78
202.75	22.8125	16.625	-4.14	4.17	-4.35
210.875	20.375	12.3125	-4.15	7.54	-1.57
215.375	16.1875	6.9375	-2.72	10.92	0.38
215.438	12.125	3.125	-1.18	8.67	2.38
210	8.4375	0.5	-2.58	3.51	4.68
202.875	6.75	-3.375	-2.22	2.16	3.78
195.062	6.9375	-0.875	-2.68	-2.36	-1.59
189.125	6.875	-0.6875	-1.97	-3.28	-3.51
183.5	5.625	-1.0625	-0.06	-4.89	-4.15
180.188	2.125	-0.5625	0.24	-6.29	-0.29
179.5	-2.0625	1.75	-1.46	-8.24	1.3
181.438	-5.8125	0.5	0.18	-2.63	6.04
185.625	-6.6875	0.375	-0.89	-0.59	2.63
189.375	-5.8125	-0.3125	0.18	4.74	1.41
191.75	-4	-0.125	-0.07	2.44	-1.51
193.812	-3.5	-0.75	0.44	3.49	1.24
193.562	-3.625	-0.5625	-0.24	0.17	0.2
193.5	-3.5	-0.3125	0.1	0.77	0.65
192.938	-2.9375	0.375	-0.51	-0.74	0.04
193.125	-2.9375	1.3125	0.33	0.92	0.57
192.812	-2.625	2.3125	-0.62	-0.54	0.65
************TIME_SERIES************
ClassID: 2
TimeSeriesLength: 39
TimeSeriesData: 
193.188	1.3125	-7.3125	-0.13	0	0.11
193.25	1.1875	-7.5	-0.04	0.12	0.24
193.25	1.3125	-7.5	0.06	0.27	0.06
193.188	1.3125	-7.5	0.07	0.47	0.22
193	1.3125	-7.5	-0.03	0.14	0.29
193.062	1.375	-7.6875	-0.05	-0.21	-0.09
193.125	1.4375	-7.8125	-0.01	0.17	-0.18
193.125	1.375	-7.9375	0.07	0.02	-0.56
193.062	1	-8.3125	-0.09	-1.61	-1.9
193.312	0	-8.875	-0.75	-8.62	-1.51
197.125	-2.6875	-10.125	1.64	-0.75	4.15
201.562	-4.3125	-14.3125	-0.97	2.08	9.02
206.312	-1.3125	-13.8125	-0.09	7.34	3.71
208.188	4.125	-13.125	-1.52	8.5	-1.32
206.875	8.375	-10	-3.5	5.97	-6.41
201.75	11.3125	-7.25	-3.54	4.4	-6.51
195.375	7.9375	-2.25	-1.53	2.94	-0.51
187.75	5.125	5.1875	-1.51	-5.04	1.62
180.312	4.75	11.1875	0.09	-10.23	0.55
177.312	5.75	13.125	-1.83	-10.22	2.54
179.438	8.3125	13.875	-2.19	-7.14	-0.5
184.438	12.8125	12.3125	-2.93	-4	-3.97
192.688	15.3125	8.125	-4.78	-0.89	-4.74
203.312	15.5625	1.75	-5.82	4.77	-5.52
212.5	10.625	-4.375	-2	12.45	-4.16
214.438	6.875	-7.5	-1.64	9.63	0.09
211.688	2.9375	-10.5	-1.48	7.77	4.3
204.25	1.8125	-10.8125	-1.93	3.02	3.14
195.875	2.3125	-9.9375	0.39	-0.35	-1.67
188.188	1.625	-7.4375	-2.39	-6.23	-2.52
183.875	0	-5.6875	0.06	-5.55	-3.25
181.875	-3.1875	-4.3125	0.07	-6.81	0.17
182.562	-6.875	-3	-0.13	-6.87	3.77
185.75	-9.125	-2.1875	-1.52	-4.19	5.31
191.562	-9.1875	-2.75	-0.45	4.46	2.78
195.438	-7.8125	-3.5625	0.63	7.47	0.17
197.438	-7.375	-5.1875	0.21	3.39	-0.29
196.875	-6.5625	-4.875	0.37	0.78	0.43
195.875	-6.375	-5.375	0.18	0.22	0.03
************TIME_SERIES************
ClassID: 2
TimeSeriesLength: 37
TimeSeriesData: 
193	-2.125	-6.0625	0	-0.07	0.26
193.125	-2.125	-6.125	0.05	0.24	0.04
193.125	-2.0625	-6.0625	0.05	-0.11	-0.21
193.125	-2	-6.125	0	0.1	0.33
193.25	-2.0625	-6.1875	0.26	0.22	-0.17
193.188	-1.9375	-6.25	-0.24	-0.36	0.14
193.25	-2	-6.25	0.15	-0.07	-0.08
193.375	-1.875	-6.8125	0.15	-0.01	-0.7
193.375	-2.25	-7.125	0.09	-2.55	-2.03
193.875	-3.9375	-7.25	-0.39	-8.43	1.64
198.875	-6.75	-7.25	0.42	-3.76	8.39
206.438	-6.5625	-7.375	-1.55	1.48	7.76
212.688	-2.1875	-9.25	-0.87	12.14	-1.17
215.125	3.9375	-8.3125	-2.56	8.74	-9.51
210.812	6.875	-5.1875	-3.75	9.89	-5.22
201.75	7.0625	-1.0625	-2.74	3.45	-0.57
191.062	5.0625	7.1875	-1.82	-4.5	5.63
182.938	5.5625	14.0625	-1.49	-11.79	1.61
178.625	9.25	18.375	-2.03	-11.37	-1.04
179.688	14.4375	18.9375	-2.69	-8.77	-5.68
187.625	18.5	14.375	-6.08	-2.69	-8.42
200.812	17	6.375	-4.57	4.89	-6.67
212.125	13.25	-3.1875	-4.97	11.69	-5.35
217.625	7.6875	-8.5	-1.87	14.38	-0.48
213.25	4.375	-11.8125	-1.92	9.01	1.51
205.5	3.6875	-15.8125	-1.65	5.1	3.63
194.938	4.625	-13.5	-0.96	-0.24	2.1
184.25	6.5	-12.0625	-3.61	-8.78	-2.86
178.812	5.375	-12.3125	-1.08	-8.51	-1.98
178.125	1	-10.8125	-0.72	-9.05	-1.44
181	-3.875	-9.75	0.11	-3.62	5.52
186	-8.125	-6.9375	-1.3	-2.24	4.26
192.312	-8.75	-6	-0.83	5.84	2.78
196.625	-7.9375	-4.625	0.64	6.48	0.58
196.938	-6.3125	-4.3125	0.45	2.74	-0.87
196.312	-5.625	-4	-0.35	-0.07	-0.44
196.25	-5.4375	-4.25	0.21	0.36	-0.85
************TIME_SERIES************
ClassID: 2
TimeSeriesLength: 37
TimeSeriesData: 
193	-3.375	-5.625	0	-0.06	0.23
193	-3.375	-5.625	0.13	-0.05	-0.19
193	-3.375	-5.6875	0.15	0.22	0.16
192.938	-3.25	-5.625	0.07	-0.09	-0.1
192.938	-3.25	-5.5625	0.11	0.26	0.13
192.875	-3.1875	-5.5625	-0.11	-0.21	-0.04
193.062	-3.1875	-5.6875	0.24	0.38	-0.54
193	-3.3125	-5.875	0.33	-0.45	-0.91
192.938	-3.8125	-7.25	0.59	-3.31	-0.29
194.625	-4.8125	-10.875	0.69	-5.96	4.01
200	-6.1875	-11.8125	-1.45	-1.9	8.87
209.438	-4.625	-12.25	0.79	12.37	5.51
211.375	1.625	-10.9375	-2.13	12.57	-0.28
207.25	8.375	-5.125	-3.99	8.16	-9.18
198.375	10.25	0	-2.44	5.26	-5.87
189.625	7.5	7.75	-2.65	-1.86	3.77
177.125	5.9375	19.9375	-6.01	-17.28	-1.23
172.812	9.9375	24.1875	-1.68	-9.67	-1.55
175.125	15.1875	25.9375	-3.44	-8.28	-4.35
181.812	20.75	22.6875	-4.92	-1.21	-6.04
191.062	23.375	16.625	-4.44	2.86	-4.11
201.562	23.5	8.3125	-6.66	5.25	-5.58
211.062	18.9375	-1.625	-1.79	8.47	-5.12
214.812	13.5	-5.875	-1.85	11.3	1.5
210.625	9.625	-9.375	-2.58	8.37	2.85
200	9.875	-11.0625	-2.76	2.81	3.39
191.938	10.3125	-5.6875	-0.89	-3.43	-3.71
183.938	9.5	-2	-3.86	-9.79	-3.1
180.75	6.125	-1.4375	-0.94	-6.44	-2.84
181.562	1	-2.25	0.07	-5.16	0.95
184.188	-4	-3.1875	-0.27	-3.96	6.88
188.188	-6.125	-3.0625	0	-0.6	4.47
191.812	-6.125	-3.6875	-0.4	3.88	2.48
195.5	-5.0625	-2.8125	0.1	3.2	-3.12
197.312	-4.9375	-5.125	0.83	3.2	0.45
196.562	-5	-4.5625	-0.18	-0.15	-0.12
196	-4.75	-5.0625	-0.16	0.04	0.69
************TIME_SERIES************
ClassID: 2
TimeSeriesLength: 37
TimeSeriesData: 
193.875	-2.6875	-5.9375	-0.11	-0.19	-0.1
193.938	-2.6875	-5.9375	-0.02	0.11	0.09
194	-2.625	-5.9375	0.13	0.2	-0.07
193.938	-2.5625	-6	-0.08	0.14	0.19
193.812	-2.4375	-5.9375	-0.09	-0.27	-0.14
193.75	-2.3125	-6	-0.05	-0.1	-0.09
193.812	-2.3125	-6.0625	0.12	0.21	-0.23
193.812	-2.3125	-6.375	0.16	-1.18	-1.34
193.938	-2.875	-7.125	0.09	-3.14	-0.98
195.688	-4.5	-8.3125	0.56	-5.43	3.05
199.875	-6.1875	-10.6875	-1.22	-3.9	7.21
207.75	-5.6875	-10.9375	-0.99	5.1	6.86
213.875	-0.8125	-13.375	0.61	17.35	2.92
211.188	6.875	-10.4375	-4.13	5.99	-6.35
205.375	12.8125	-5.875	-3.1	5.96	-10.66
197.688	11.5625	-0.1875	-2.09	4.7	-3.87
187.062	8.75	9.8125	-4.39	-5.86	6.58
176.875	9.6875	19.0625	-3	-15.31	1.65
174.938	13.5	23.25	-3.16	-12.09	-2.86
179.25	19.4375	23.5	-4.09	-7.42	-8.6
188.875	24	19	-5.98	-1.47	-6.38
202.625	23.5625	9.625	-6.54	4.15	-7.49
213.938	18.1875	2.0625	-3.47	9.25	-5.73
218.125	12.25	-5.125	-0.75	17.68	4.26
214.75	8.875	-4.3125	-1.44	6.77	-0.99
204.562	6.4375	-5.875	-5.52	0.5	4.23
194.438	5.3125	-4.5625	-2.27	-1.48	0.17
185.062	4.25	-1.1875	-1.61	-7.78	-3.17
179.688	2.0625	-0.0625	-0.27	-8.25	-3.63
178.062	-0.9375	0.25	-1.56	-11.69	-2.05
181.312	-6.0625	0.25	-0.21	-5.86	2.06
187.688	-10.4375	-1.75	-2.44	3.46	8.07
194.312	-10.0625	-2.6875	1.54	9.8	3.27
196.5	-8.25	-1.9375	0.1	3.11	-0.28
197.125	-7.375	-2.75	-0.02	0.77	0.64
197.562	-7	-3.5625	0.51	1.75	0.05
197.812	-7	-3.9375	0.29	0.33	0.52
************TIME_SERIES************
ClassID: 2
TimeSeriesLength: 36
TimeSeriesData: 
194.438	-4.125	-6.25	0.04	-0.05	0.17
194.5	-4	-6.1875	0.19	0.12	-0.33
194.562	-4	-6.1875	0.01	0.01	0.28
194.562	-3.875	-6.25	0.29	0.24	-0.56
194.375	-3.875	-6.25	-0.1	-0.39	0.23
194.375	-3.8125	-6.3125	0.06	-0.14	-0.33
194.5	-3.9375	-6.375	0.11	0.22	-0.22
194.375	-4.0625	-6.5625	0.36	-0.94	-1.83
194.312	-4.9375	-7.375	0.24	-5.13	-0.44
197.188	-7.9375	-7.75	1.69	-4.71	5.68
202.25	-9.25	-9.4375	-2.07	-0.91	11.56
208.438	-7.125	-9.8125	0.33	11.21	3.23
211	-0.875	-10.375	-1.77	10.7	-4.66
208.75	4.625	-7.6875	-1.95	7.64	-11.56
202.188	4.9375	-5.3125	-2.62	5.48	-3.61
191.875	2.875	0.6875	-3.63	-2.63	7.59
181.125	3.4375	9.8125	-4.01	-11.2	6.6
175.875	7.5625	15.0625	-2.53	-10.71	-1.42
175.75	14.0625	18.75	-2.45	-10.42	-4.03
182.312	18.9375	18.875	-4.46	-3.02	-7.22
194.688	19.875	15.75	-5.04	-1.32	-11.58
208	15.625	6.75	-2.97	12	-7.98
212.75	12.75	-3.3125	-6.31	14.16	0.58
212.812	5.625	-7.25	-3.44	14.04	4.7
203.75	3.75	-8.1875	-3.95	4.96	5.49
193.188	4.75	-5.5	-3.66	-2.17	-1.85
183.938	5.0625	-1.625	-1.39	-5.49	-3.16
177.562	3.3125	2	-1.44	-10.12	-3.7
175.875	0.75	3.125	0.15	-9.67	-0.79
178.625	-3.875	3.6875	-0.19	-7.66	3.66
185	-7.25	1.875	-1.31	-0.19	6.38
192.875	-7.25	1.375	0.1	7.25	1.81
197.75	-7.5625	0.5	0.01	7.24	0.79
199.25	-7.3125	-1.3125	0.12	3.28	0.26
198.688	-7.75	-0.9375	-0.02	0.74	0.58
198.5	-7.5625	-1.4375	0.27	0.37	-0.02
************TIME_SERIES************
ClassID: 2
TimeSeriesLength: 38
TimeSeriesData: 
194.562	-4.5	-4.4375	0.02	0.23	-0.12
194.688	-4.5	-4.5	0.07	0.43	0.03
194.5	-4.5	-4.5625	-0.01	-0.05	0.1
194.375	-4.5	-4.5	0.12	0.18	-0.41
194.5	-4.5	-4.625	0	0.1	-0.05
194.5	-4.5	-4.6875	0.07	0.05	-0.06
194.438	-4.4375	-4.6875	-0.03	0	0.2
194.562	-4.4375	-4.75	0	-0.07	-0.49
194.688	-4.625	-4.75	-0.1	-0.25	-1
195.25	-5.25	-5.3125	0.14	-0.66	-0.92
196.5	-6.5625	-5.9375	0.47	-1.92	0.14
199.062	-8.4375	-6.4375	1.33	-4.33	6.91
204.625	-7.5	-5.8125	-3.18	0.3	11.37
210.938	-1.4375	-5.3125	-0.43	10.37	-4.43
212	4.9375	-5.5625	-1.51	9.71	-8.81
206.688	8.5	-4.4375	-5.18	9.46	-2.24
197.125	10.25	1.4375	-2.14	1.58	-4.63
189.062	8.4375	7.875	-2.26	-2.3	4.82
179.75	7.1875	16.9375	-1.84	-12.69	3.2
174.812	10.1875	21.6875	-2.29	-14.47	-3.4
179.688	15.9375	19.75	-2.82	-8.05	-5.97
189.812	20.25	15.25	-7.53	-6.98	-10.11
205.75	19.125	3.5	-4.89	11.1	-5.82
216.375	14.25	-4.25	-9.08	11	1.5
222	9.5625	-9	-3.57	13.34	1.11
219.125	7.375	-11.125	-4	10.1	4.21
208.438	8.875	-11.0625	-1.5	4.21	0.47
196.625	9.75	-5.75	-2.34	-4.81	-1.74
186.125	8.875	-0.375	-2.31	-8.59	-3.56
180.625	6.5625	1.375	0.41	-7.88	-4.62
179.938	2.6875	2.125	-0.15	-6.31	1.01
182.062	-2.0625	2.25	0.01	-6.22	3.02
187.125	-5.0625	1.4375	-0.62	0.5	5.23
192.75	-5.0625	-0.125	-0.88	4.88	1.35
196.188	-5	-0.9375	-0.28	4.6	0.81
197.188	-4.5625	-1.75	0.21	3.21	-0.63
197.125	-4.625	-2	-0.31	-0.22	0.09
197	-4.625	-2.4375	0.02	0.56	0.15
************TIME_SERIES************
ClassID: 2
TimeSeriesLength: 41
TimeSeriesData: 
194.5	-3.8125	-4.4375	-0.07	0	0.07
194.562	-3.625	-4.5	-0.06	0.04	0.03
194.562	-3.5625	-4.5	0.12	0.2	-0.26
194.562	-3.625	-4.5625	-0.13	-0.1	0.08
194.625	-3.625	-4.5	0.02	0.15	-0.01
194.5	-3.6875	-4.5	-0.22	-0.04	0.44
194.5	-3.5625	-4.5	0.02	0.25	-0.37
194.438	-3.5625	-4.5625	-0.05	0.11	-0.19
194.375	-3.625	-4.5	0.12	0.11	-0.56
194.188	-3.9375	-5	0.12	-0.41	-2.45
194.312	-5.1875	-7.4375	-0.12	-4.62	2.07
198.25	-10	-9.75	-0.66	-6.46	4.05
205.375	-11.875	-13.0625	-1.51	-2.01	10.2
214.438	-9.1875	-14.0625	-1.14	9.56	2.86
219.438	-2.4375	-14.375	-1.28	12.24	-5.65
215.5	2.8125	-8.6875	-3.45	8.85	-6.52
208.188	5.5625	-3.6875	-4.38	4.18	-6.98
197.25	5	7.125	-2.85	5.23	2.22
183.688	4.8125	20.0625	-2.69	-10.96	-0.81
174.875	6.9375	27.5	-3.7	-13.51	-0.2
174.188	12.5625	30.375	-2.27	-8.81	-4.55
180.438	18.5625	28.75	-4.65	-6.67	-3.69
190.25	23.1875	23.5625	-4.92	-3.16	-7.16
205.375	24.5625	12.625	-7.59	4.22	-5.58
218.812	18.875	1.375	-2.71	14.44	-4.79
222.25	13.25	-5.5	-2.64	12.41	-1.98
216.625	8.5625	-8.6875	-3.13	6.6	2.44
207.812	6.9375	-9.6875	-2.43	0.46	2.56
198.438	5.5625	-7	-2.52	-3.35	-1.06
190.688	4.1875	-3.1875	-2.58	-7.2	-2.19
186.625	2	-0.8125	-0.27	-8.43	-3.43
186.125	-1.5	-0.1875	0.6	-5.33	1.94
187.875	-4.875	-0.3125	-1.24	-7.04	3.54
193.125	-6.5625	-1.1875	0.81	2.45	3.65
198.312	-6.625	-1.5625	-0.16	8.06	2.84
200.375	-5.5	-3.4375	0.27	4.57	-0.6
200	-4.75	-4.25	-0.01	0.82	-0.71
199.938	-4.9375	-4.1875	0.11	0.18	0.1
199.312	-4.9375	-4.875	0.13	-0.05	0.69
198.562	-4.75	-4.75	0.08	-0.01	0.49
197.75	-4.25	-4.75	0.03	-0.25	-0.03
************TIME_SERIES************
ClassID: 2
TimeSeriesLength: 39
TimeSeriesData: 
195.062	-3.25	-5.1875	-0.03	-0.12	0.24
195.125	-3.25	-5.25	0.13	0.19	0
195.125	-3.3125	-5.25	-0.05	-0.05	0.16
195.125	-3.3125	-5.25	0	-0.09	0.16
195.125	-3.3125	-5.3125	0.01	-0.03	0.03
195.125	-3.375	-5.3125	0.07	0.01	-0.25
195.125	-3.4375	-5.3125	-0.06	-0.1	-0.15
195.188	-3.5625	-5.5	0.25	-0.12	-0.58
195.188	-3.9375	-5.75	0	-1.01	-1.51
195.5	-5.0625	-6.1875	-0.08	-3.62	-0.43
197.938	-7.375	-7	0.86	-3.87	3.69
202	-8.875	-8.4375	-1.31	-1.11	8.43
207.375	-6.4375	-8.5625	-0.77	3.31	3.24
210.875	-2.4375	-9.25	-0.28	11.09	0.25
210.125	4	-6.5	-2.34	5.67	-3
206.062	8.75	-2.625	-3.13	4.86	-4.2
199.688	11.375	1.0625	-1.63	2.33	-2.69
192.875	10.125	11.375	-1.66	-2.85	6.06
186.375	11.3125	19.9375	-2.45	-14.5	-0.15
184.375	16.75	20.875	-2.57	-10.39	-4.31
189.938	22.4375	18.1875	-2.96	-4.44	-6.57
198.5	25.375	12.4375	-4.79	-0.1	-4.91
208.5	24.125	4.8125	-4.96	0.37	-6.73
218.625	18.75	-3.8125	-4.56	12.33	-1.2
223	12.5625	-6.875	-3.15	8.34	-3.83
220.438	7.3125	-10.8125	-4.28	7.46	3.8
210.125	4.9375	-10.9375	-4.15	5.57	7.75
198.688	5.75	-5.25	-2.14	-1.88	-0.14
186.875	5.75	-1.125	-3.33	-7.74	-0.67
179.375	4.4375	0.4375	-0.93	-10.92	-5.15
178.562	1.3125	-0.625	-0.28	-7.36	-2.4
181	-3.6875	-2.5625	-1.44	-5.45	5.33
186.438	-7.5	-4.625	-0.62	0.45	6.02
192.375	-7.8125	-5.5625	0.66	4.73	1.43
195.312	-6.5625	-4.8125	0.13	3.67	0.02
196.875	-5.25	-6.3125	0.61	1.9	-1.64
197.438	-5.25	-7.125	0.07	0.71	0.29
198	-5.4375	-7.8125	-0.09	-0.37	0.29
198.312	-5.8125	-7.75	0.27	0.8	0.23
************TIME_SERIES************
ClassID: 2
TimeSeriesLength: 38
TimeSeriesData: 
192.25	-4.0625	-5.1875	-0.01	0.01	-0.21
192.125	-4	-5.1875	-0.05	-0.19	0.1
192.062	-4	-5.25	0.06	-0.09	0.09
192.062	-4	-5.1875	0.17	0.22	-0.1
191.938	-4	-5.25	-0.01	-0.19	0.02
191.812	-4.0625	-5.1875	-0.11	-0.45	0.34
191.938	-3.9375	-5.1875	0.12	-0.1	-0.46
191.938	-3.9375	-5.25	-0.03	-0.09	0
192	-3.9375	-5.3125	0.02	-0.24	-0.92
191.938	-4.375	-5.8125	-0.11	-3.54	-1.92
193.25	-5.9375	-8.5625	0.6	-5.98	2.05
198.125	-8.4375	-9.875	-0.62	-4.91	8.75
205.125	-8	-10.375	-2.32	3.46	4.3
213.375	-4	-12.0625	-0.16	17.92	-1.3
210.375	3.8125	-8	-4.77	5.64	-7.98
203.312	10.125	-4.0625	-4.1	5.81	-6.43
193.125	10.8125	2.0625	-1.72	-0.22	-2.01
183.688	8.4375	13.75	-2.51	-8.76	8.96
176.312	11.3125	22.1875	-2.57	-14.86	-0.4
176.75	16.5625	25.375	-2.8	-9.99	-6.28
183.938	23.125	23.625	-4.58	-3.15	-9.42
194.938	26.125	17.1875	-8.11	1.16	-5.76
208.312	24.25	6.0625	-8.71	5.88	-4.26
217.125	18.8125	-3.875	-1	21.15	0.38
211.25	14.75	-7.6875	-3.76	10.33	1.49
200.438	11.5625	-8.1875	-4.48	5.29	2.89
191	9.4375	-2.25	-2.61	-1.04	0.48
179.125	7.3125	3	-3.17	-11.89	-1.97
174	4	2.8125	-1.63	-10.58	-2.46
175.812	-1	1.0625	0.36	-6.68	-0.43
180.188	-5.9375	0.9375	-1.4	-5.47	4.84
185.875	-8.25	0	-0.21	2.81	4.4
192.25	-8.125	-0.375	0.81	7.92	2.13
194.438	-7.375	0	0.57	2.7	-1.27
194.375	-6.875	-0.3125	-0.26	0.6	-0.59
195.062	-7	-1.3125	0.44	1.51	-0.17
194.625	-7.125	-1.5	-0.21	0.09	0.6
194.25	-6.8125	-1.625	-0.09	-0.11	-0.15
************TIME_SERIES************
ClassID: 2
TimeSeriesLength: 42
TimeSeriesData: 
192.938	-4.75	-3.125	0	-0.04	0.04
193.062	-4.6875	-3.1875	0.13	0.35	-0.32
193	-4.6875	-3.25	-0.14	0.01	0.26
193	-4.6875	-3.1875	0.06	-0.04	-0.27
193	-4.6875	-3.25	0.05	0.11	-0.02
193	-4.75	-3.25	-0.15	0.08	0.36
193	-4.6875	-3.25	0.02	0.12	-0.09
193.062	-4.75	-3.3125	0.09	0.24	-0.16
193	-4.75	-3.4375	-0.08	0.12	0.08
192.938	-4.8125	-3.4375	-0.08	-0.41	-0.4
193.062	-5.4375	-3.9375	0.1	-1.52	-2.33
193.625	-7.625	-5.5	1.11	-3.24	0.16
195.812	-10.9375	-6.75	-1.05	-6.38	8.15
201.312	-11.3125	-6.875	-3.28	-0.68	11.05
209.812	-6.625	-6.3125	-0.84	15.37	2.37
210.188	0.9375	-3.4375	-2.3	11.41	-8.94
203.812	6.5	2	-4.4	7.01	-5.69
193.25	8.375	8.5625	-0.94	1.8	-0.62
182.875	7.5	20.5	-3.09	-10.79	3.71
176.312	10.25	26.5	-2.65	-11.95	0.77
176.562	16.125	27.625	-2.36	-8	-4.94
181.938	23	27.9375	-4.72	-4.69	-8.88
192.062	27.0625	21.3125	-5.94	-1.27	-9.11
204.812	26.0625	11.6875	-6.56	9.29	-3.37
213.5	20.9375	4.25	-3.49	10.99	-2.29
214.625	14.25	0.1875	-2.66	13.55	4.9
209.75	10.375	-0.625	-3.03	6.03	5.06
198.25	8.8125	-0.9375	-3.51	-0.3	2.38
187.562	8.75	2.75	-2.36	-6.06	-2.57
179.875	7.4375	4.6875	-0.53	-8.84	-4.81
177.875	2.875	5.125	-1.71	-9.17	-2.31
179.875	-1.75	3.875	-0.03	-4.43	2.84
183.812	-6.5	3.9375	-1.88	-1.76	7.54
189.562	-7.625	1.875	0.16	3.62	2.58
194.125	-7	0	0.78	5.38	0.63
195.312	-6.6875	-0.9375	0.17	2.04	-0.88
195.312	-7.125	-1.3125	0.06	1.03	0.91
195.375	-7.0625	-1.25	-0.26	-0.47	0.62
195.375	-6.75	-1.1875	0.02	0	0.29
195.438	-6.25	-1.3125	0.12	0.47	0.07
194.938	-5.8125	-1.1875	-0.02	0.01	0.11
194.5	-5.5625	-1.1875	-0.05	-0.01	-0.29
************TIME_SERIES************
ClassID: 2
TimeSeriesLength: 38
TimeSeriesData: 
192.875	-4.375	-2.875	0.02	-0.2	-0.34
192.875	-4.3125	-2.75	-0.04	0	0.22
192.938	-4.3125	-2.6875	0.1	0.31	-0.09
192.938	-4.375	-2.6875	-0.06	0.01	0.22
193	-4.375	-2.6875	0.02	0.12	0
193	-4.4375	-2.6875	0.03	0.26	0.21
192.875	-4.3125	-2.75	-0.15	-0.22	0.3
192.875	-4.3125	-2.75	0	0.03	0.04
192.812	-4.3125	-2.75	-0.13	-0.15	0.27
192.938	-4.25	-2.75	0.26	0.18	-1.21
192.75	-4.6875	-3.25	0.07	-1.92	-2.48
193.188	-6.875	-4.875	0.21	-8.85	-0.03
197.125	-9.5	-7.125	-0.7	-2.57	8.96
205.125	-8.6875	-7.5625	-2.53	3.95	8.75
212.438	-1.625	-6	-2.1	17	-0.17
211.125	7.1875	-1.5	-3.89	9.49	-6.42
204.75	12.0625	4.6875	-3.48	7.68	-6.35
196.25	12.4375	9.6875	-1.5	1.21	-2.57
185	9.5625	20	-4.14	-8.74	7.74
176	10.8125	28.625	-3.09	-13.58	-2.32
174.875	16	32.5	-2.73	-10	-5.76
181.25	21.75	31.375	-5.38	-5.15	-3.9
192.375	27.125	26	-6.8	-3.81	-8.52
206.938	28.5	15	-6.72	9.15	-4.26
216.062	25.6875	6.6875	-3.81	14.28	-2.79
219.875	18.875	0.6875	-3.65	13.14	1.93
212.938	12.8125	0.5625	-2.87	8.6	5.67
200.188	9.4375	-0.5625	-5.18	-0.05	4.12
188.75	8	4.375	-3.18	-3.85	0.24
178.875	6.1875	8.4375	-1.38	-7.33	-4.07
173.438	3.9375	9.0625	-1.91	-10.51	-2.78
171.875	0.125	8.75	-0.77	-7	-1.45
175.375	-5.0625	7.375	-1.96	-5.13	5.92
181.75	-6.375	4.25	-1.04	2.87	5.96
187.375	-5.9375	3.8125	0.54	5.03	1.95
189.875	-5.0625	3.0625	0.32	2.79	-0.31
191.562	-5	0.75	0.13	2.32	0.52
192	-4.625	-1.4375	0.32	0.37	0.07
************TIME_SERIES************
ClassID: 2
TimeSeriesLength: 37
TimeSeriesData: 
192.312	-1.75	-3.625	-0.11	0.21	0
192.25	-1.6875	-3.75	0.18	0.22	-0.18
192.062	-1.625	-3.6875	-0.04	-0.11	0.18
192.062	-1.75	-3.8125	-0.13	-0.19	0.21
192.188	-1.75	-3.875	-0.14	-0.18	0.34
192.5	-1.6875	-3.9375	0.06	0.64	0.01
192.562	-1.875	-4.125	0.04	0.11	-0.61
192.5	-2.6875	-5	0.68	-2.07	-3.87
193.312	-5.75	-6.375	-1.34	-6.75	1.46
197.688	-10	-6.6875	-0.83	-6.14	8.19
206	-11.0625	-8.875	-2.27	4.14	12.51
212	-6.75	-6.75	-2.58	8.68	4.28
214.562	2.4375	-2.6875	-2.65	13.18	-4.21
210.438	10.75	3.0625	-4.21	10.06	-6.07
201.188	13.875	11.4375	-3.02	6.14	-3.34
187.5	12.25	23.1875	-5.09	-9.21	0.42
178.5	11.875	30.625	-5.49	-17.92	0.72
177.25	17.75	32.1875	-3.06	-10.58	-6.08
183.125	24.1875	30.4375	-5.11	-7.98	-10.05
195.562	28.9375	21	-5.41	3.77	-8.08
207.625	27.6875	10.3125	-6.29	5.5	-5.83
215.875	21.25	2.25	-3.67	13.17	-1.15
216.5	15.75	-0.375	-2.33	14.95	5.56
209.938	12	-0.5625	-3.13	7.24	5.41
198.25	11.6875	0.9375	-2.91	0.89	1.37
187.125	11.4375	4.875	-3.35	-4.44	-2.31
178	9.4375	7.625	-1.08	-9.53	-4.74
174.5	4.5	8.1875	-3.03	-13.12	-0.39
177	0.125	5.9375	-1.09	-4.7	3.13
182.688	-3.9375	3.4375	-1.02	0.49	6.21
188.125	-4.5	0.9375	0.16	2.98	2.37
191.5	-4.125	-1	1.07	5.01	0.19
193.625	-3.5625	-3	0.07	0.99	0.31
194.188	-3.75	-3.375	0.52	1.13	0.02
194.375	-3.5625	-3.8125	-0.08	-0.19	0.07
194.062	-3.625	-3.5625	-0.52	-0.51	0.63
194	-3.3125	-3.4375	-0.15	-0.2	0.01
************TIME_SERIES************
ClassID: 2
TimeSeriesLength: 37
TimeSeriesData: 
191	-0.125	-3.875	0.01	-0.13	0.16
191	-0.125	-3.75	-0.05	-0.14	0.1
191	-0.125	-3.6875	-0.05	-0.3	-0.02
191.062	-0.0625	-3.6875	-0.01	-0.05	-0.25
191.062	-0.125	-3.75	-0.05	0	0.09
190.938	-0.125	-3.8125	-0.05	-0.44	0.03
191	-0.0625	-3.8125	0.13	-0.44	-0.62
191	-0.125	-4.4375	0.15	-0.71	-1.58
191	-1.3125	-6.0625	0.22	-3.88	-1.6
192.562	-4.5	-7.6875	-0.24	-10.2	3.52
200.188	-7.6875	-9	-3.06	-2.32	12.84
209.938	-4.5625	-8.8125	-3.38	11	7.31
214.438	1.8125	-5.9375	-2.19	14.67	-3.31
211.188	10	-0.1875	-3.85	10.13	-9.85
201.375	13.6875	5.3125	-3.26	6.69	-5.95
188.25	11.3125	17.0625	-4.53	-7.39	1.82
177.125	10.25	27.0625	-4.42	-18.75	2.15
176.062	14.8125	28.9375	-2.41	-9.78	-3.16
180.562	22.375	29	-3.59	-7.6	-8.19
190.5	27.9375	23.6875	-6.17	-0.6	-10.47
204.125	28.1875	12.4375	-4.9	9.56	-8.1
213.312	22.625	2.6875	-5.43	12.99	-0.67
216.562	15.6875	-1.0625	-1.92	13.59	2.67
210	11.3125	-2.4375	-4.03	5.53	9.71
201.062	11.6875	-1.75	-2.82	2.16	1.26
190.5	13.25	1.875	-1.71	-1.45	-2.6
180.25	12.5625	7.3125	-2.4	-7.96	-6.54
174.438	9.0625	9.1875	-3.66	-10.62	-4.36
174	2.875	9.5625	-1.32	-6.91	-2.6
175.812	-2.3125	7.9375	-2.64	-6.85	5.7
181.812	-5.3125	4.4375	-0.27	2.06	7.03
187.75	-5.375	2.3125	-0.02	4.58	2.3
192.188	-4.1875	0.25	1.12	4.35	0.31
193.875	-3.5	-1.75	0.32	2.35	-0.14
194.625	-3.125	-4.125	0.13	0.94	0.02
194.812	-3.0625	-4.6875	-0.18	-0.52	-0.09
194.688	-2.9375	-5.4375	-0.1	-0.14	0.27
************TIME_SERIES************
ClassID: 2
TimeSeriesLength: 36
TimeSeriesData: 
193.812	-1.25	-5.5625	-0.03	-0.19	0.02
193.938	-1.1875	-5.4375	-0.02	-0.22	-0.03
194.125	-1.1875	-5.4375	-0.14	0	0.22
194.188	-1.125	-5.4375	-0.03	0.12	0.04
194.188	-1.1875	-5.375	-0.04	-0.19	0.16
194.125	-1.125	-5.375	0.07	-0.21	-0.06
194.062	-1.1875	-5.375	0.02	-0.13	0.12
194.062	-1.125	-5.4375	0.04	-0.15	-0.03
193.938	-1.125	-5.5625	0.05	-0.06	-1.21
192.875	-1.625	-8.3125	0.55	-2.74	-2.99
192.875	-3.75	-13	-0.65	-10.36	-0.32
198.625	-7.875	-14.9375	-2.35	-2.66	9.66
208.688	-9.1875	-18.9375	-3.18	9.26	13.14
216.188	-3.6875	-14.75	-0.91	14.74	1.77
215.938	5.3125	-7	-2.34	10.01	-11.71
209.812	10.3125	-1.125	-3.09	8.32	-10.75
201.375	9.75	5.1875	-3.93	2.39	0.01
189.438	7.125	16.8125	-5.46	-11.35	6.35
180.375	9.5	24.6875	-4.67	-16.69	-1.09
180.812	16.75	27.25	-3.15	-10.7	-6.6
188.625	23.6875	25.5	-5.33	-6.09	-9.88
202.25	26.875	16.8125	-4.58	6.96	-10.4
211.188	24.75	8.125	-5.62	6.88	-6.8
218.438	17.0625	0	-2.16	20.78	5.37
214.25	13.25	1.5625	-3.23	10.71	7.11
203.312	13.0625	2.75	-4.29	4.32	1.94
189.75	13.0625	6.75	-4.2	-4.97	-2.96
179.625	10.3125	11.375	-3.14	-10.69	-4.58
175.375	8.125	10.75	-1.35	-8.29	-4.69
176.625	3.625	8.75	-2.79	-7.03	-0.55
180.75	-0.625	6.4375	-0.59	-3.77	0.04
186.375	-5.625	4.1875	-2.35	-2.91	5.65
193.062	-8.25	1.8125	0.06	7.2	4.74
198	-8.5625	0	0.71	6.15	1.62
199.625	-7.875	-1.375	0.57	1.59	-0.93
200.438	-7.75	-3.4375	0.2	1.71	0
************TIME_SERIES************
ClassID: 2
TimeSeriesLength: 37
TimeSeriesData: 
196	-6.3125	-4.5	-0.07	-0.03	0.23
196	-6.375	-4.5	0.05	0.08	0.17
195.938	-6.3125	-4.5	-0.13	-0.02	0.41
196	-6.3125	-4.5	0.16	0.13	-0.11
195.938	-6.25	-4.5625	-0.06	0	0.25
195.938	-6.3125	-4.6875	-0.02	0	-0.1
195.875	-6.25	-4.75	0.04	0	-0.29
195.812	-6.3125	-4.75	0.24	0.15	-0.53
195.5	-6.4375	-4.8125	-0.12	-2.11	-1.39
195.688	-7.375	-5.5625	-0.44	-5.78	-0.57
199.062	-9.25	-6.5625	-0.22	-5.43	5.36
205.938	-9.4375	-6.6875	-2.17	-1.15	10.49
214.625	-5.0625	-4.5	-1.61	7.39	3.49
219.125	0.8125	-3.9375	-1.86	14.85	-1.36
217.375	7.6875	0	-4.19	8.67	-3.73
209.625	12.375	6.9375	-3.72	6.64	-3.18
198.5	13.6875	16.375	-2.44	-2.29	0.02
187.375	14.0625	27	-2.74	-16.6	-0.35
184.75	19.5625	29.5	-2.74	-11.97	-7.16
189.812	24.75	27.1875	-5.24	-5.08	-10.04
201.125	27.5	20.375	-6.86	1.99	-8.34
212.75	25.125	10.4375	-5.87	8.82	-4.28
219.625	18.375	3	-3.76	14.07	2.7
218.812	12.875	1.1875	-2.6	10.89	3.46
210.375	9.6875	0.1875	-3.27	4.24	4.26
201.812	8.9375	-1.3125	-1.64	0.7	0.98
193.062	7.75	0.375	-3.82	-4.43	-1.64
184.125	6.3125	-3.1875	-0.96	-4.45	-0.61
178.75	3.8125	-5.625	-0.23	-10.89	-3.77
178.062	-1	-6.1875	-2.38	-12.39	3.45
183.625	-6.9375	-8.3125	-0.14	-0.95	5.94
190.688	-9.6875	-8.3125	-1.15	2.54	3.71
196.875	-10.375	-6.5	0.34	9.01	1.78
197	-8.9375	-4.6875	0.59	1.81	-1.37
196.438	-7.9375	-4.75	0.01	1.38	0.61
195.875	-6.9375	-4.6875	0.37	-0.95	-1.33
196	-5.875	-5.5	0.42	0.36	-0.21
************TIME_SERIES************
ClassID: 3
TimeSeriesLength: 86
TimeSeriesData: 
193.75	-3.5	-4.75	-0.04	-0.05	0.08
193.75	-3.4375	-4.8125	-0.02	0.01	0.08
193.688	-3.375	-4.8125	0.23	0.01	-0.32
193.625	-3.4375	-4.8125	0.08	-0.2	0.2
193.75	-3.5	-4.8125	0.18	0.1	0
193.75	-3.4375	-4.75	0.02	-0.02	0.29
193.875	-3.4375	-4.75	-0.02	0.2	0.26
193.875	-3.3125	-4.6875	0.13	-0.04	-0.58
193.938	-3.5	-4.8125	0.16	-0.05	-0.97
193.75	-4.875	-5.9375	-0.92	-5.27	-1.29
195.75	-8.9375	-6.5	0.44	-8.36	4.83
202.375	-11.0625	-10.875	-2.66	-1.52	14.1
211.5	-7	-8.25	-1.29	7.79	3.89
215.688	0	-7.5625	-1.56	16.26	-2.06
212.625	9.0625	-2.1875	-4.76	7.88	-6.94
204.562	13.8125	3.75	-3.92	7.1	-6.32
193.375	13.5625	9.8125	-2.02	-1.32	-0.27
181.938	11.0625	21.4375	-5.73	-17.39	6.05
177	15.5625	25.75	-4.25	-16.55	-2.99
181.875	23.25	24.0625	-5.46	-9.38	-9.12
194.438	28.125	16.75	-7.29	-0.64	-11.12
206.562	26.8125	7.0625	-5.37	13.13	-6.19
216.5	20.4375	-0.0625	-5.81	9.78	-1.23
220	13.75	-3.1875	-2.28	16.4	2.75
213.625	9.125	-3.8125	-4.79	4.41	9.24
204.562	9.125	-1.375	-0.79	5.02	0.91
193	10.125	1.8125	-6	-5.18	0.47
185.5	10.6875	2.5	-1.44	-5.65	-4.63
179.625	8.875	0.5625	-2.27	-10.65	-9.56
182.875	3.1875	-4.75	-0.35	-6.57	-0.98
188.375	-3.625	-5.5	0.31	-3.86	4.14
193.938	-9.3125	-6.0625	-1.83	1.77	15.16
198.75	-8.25	-4.6875	1.27	6.52	-1.01
201.062	-6.5	-4.9375	-0.42	4.81	-1.41
200.375	-4.875	-4.5625	-0.33	1.4	-3.43
200	-4.625	-5.5625	-0.28	0.23	-0.34
199.062	-4.375	-5.625	-0.11	-1.09	-0.22
183.688	-6.125	-3.4375	-0.01	-0.1	0.16
183.688	-6.125	-3.375	-0.04	-0.13	0.05
183.812	-6.1875	-3.375	0.05	0.11	0.09
183.812	-6.125	-3.375	0.04	0.04	-0.09
183.75	-6.125	-3.375	-0.06	-0.07	0.12
183.625	-6.25	-3.1875	-0.53	-0.69	0.36
183.562	-6.5625	-3.125	-0.03	0.01	0.21
183.562	-6.75	-2.9375	0	-0.17	0.14
183.625	-6.6875	-2.875	0.14	0.03	-0.2
183.562	-7	-3	-0.18	-0.08	0.04
183.562	-6.6875	-3.0625	-0.39	0.08	-0.43
183.438	-6.125	-2.8125	-0.44	-0.22	0.06
183.438	-5.3125	-2.3125	-0.08	-0.11	-0.05
183.562	-5.1875	-2.1875	0.07	0.24	0.3
183.562	-5.0625	-2.1875	0.16	-0.04	0.11
183.5	-5.0625	-2.0625	0.15	0.08	0
183.438	-5.1875	-2.125	0.06	-0.05	0.14
183.375	-5.4375	-1.9375	0.06	-0.19	-0.16
183.312	-5.625	-1.875	0.04	-0.08	-0.9
183.188	-5.9375	-2.5	-0.02	-0.44	-3.35
183.25	-7.4375	-4.0625	-0.4	-0.08	0.88
183.812	-9.875	-5.3125	0.2	0.53	3.45
183.875	-11.875	-5.8125	-0.11	1.7	11.28
184.062	-11.5	-3.3125	-0.15	-0.17	10.26
184.812	-5.875	-2.875	-0.41	0.81	3.02
185.062	1.0625	-3	-0.72	0.13	-3
185.25	5.9375	-1	-1.18	-0.4	-1.94
184.812	10.4375	0.8125	-1.8	-0.39	-5.72
184.938	13.3125	3	-1.93	0.82	-6.44
184.875	14.6875	4.125	-2.31	-0.04	-4.5
185.188	14.875	4.375	-0.75	1.3	-3.99
185.188	14.125	5.25	-2.59	-1.44	-6.13
185.875	12.625	5.9375	-3.14	-0.8	-9.98
188	7.3125	4.5	-2.11	5.79	-5.11
186.75	0	4.4375	-1.12	7.24	5.97
183.062	-5.4375	7.5	-0.78	0.37	15.12
177.562	-8.1875	14.1875	1.69	-4.36	9.92
172.375	-4.8125	18.25	-0.81	-8.1	5.65
170.438	1.625	20.8125	-0.16	-4.7	-0.09
169.688	9.125	20.9375	-2.72	-6.07	-3.9
172.25	16.6875	20.0625	-3.49	-5.4	-11.46
179.25	19.625	14.5	-4.61	4.22	-8.13
186.125	17.6875	8.125	-3.9	2.7	-7.77
190.062	13.125	2.4375	-0.8	14.62	0.06
186.5	7.75	0.125	-1.58	0.77	8.31
183.812	4.0625	2.4375	0.4	-1.69	7.02
182.75	4.375	2.75	0.6	-1.79	2.34
183.062	5.1875	1.5	0.05	1.48	-0.62
182.75	5.25	1.5625	-0.66	0	-0.62
************TIME_SERIES************
ClassID: 3
TimeSeriesLength: 37
TimeSeriesData: 
182.5	-6.9375	-0.75	-0.2	-0.06	0.31
182.625	-6.8125	-0.6875	-0.03	0.14	-0.1
182.625	-6.8125	-0.6875	-0.09	0.16	0.04
182.562	-6.8125	-0.625	-0.11	-0.07	0.16
182.625	-6.875	-0.625	-0.07	0	0.26
182.688	-6.875	-0.625	0.02	0.23	0.05
182.75	-6.8125	-0.6875	-0.13	0.07	-0.18
182.688	-6.9375	-0.75	-0.01	0.28	-0.33
182.562	-7.6875	-0.75	0.42	0.34	2.69
182.25	-9.3125	-0.5	0.23	-0.06	11.33
181.562	-8.625	1.5	-0.51	-0.68	3
182.25	-3.8125	2	0.11	1.09	1.36
182.875	0.3125	3.875	-1.49	-0.18	0.11
183.438	5.8125	4.1875	-0.93	0.71	-4.54
183.312	9.3125	3.75	-2.09	-0.04	-3.44
183.5	12.75	3.125	-1.79	0.91	-4.27
183.625	14	3.6875	-1.43	-0.27	-6.35
183.5	13.5	3.75	-1.29	0.15	-5.94
183.562	10.875	3.9375	-2.21	2.3	-7.86
182.938	4.9375	4.1875	-0.93	4.2	-3.11
180.5	-2	5.75	-0.37	9.08	9.07
172.438	-7.375	11.25	-2.51	-0.8	13.17
164.688	-6.0625	18.25	-0.27	-10.08	5.25
161.75	-0.8125	19.8125	-1.96	-10.51	-0.32
164.812	5.6875	18.9375	-2.66	-5.48	-4.24
169.75	10.1875	16.5	-3.37	-2.26	-7.08
178.375	12.25	12.5625	-3.37	1.79	-6.48
185.812	11.75	6	-2.11	9.36	-2.66
189.438	8.375	3.5625	-0.74	6.12	1.25
188.062	6.875	3.125	-1.27	0.09	-3.52
187.438	5.1875	2.625	0.01	1.76	-1.56
185.75	1.625	3.375	-0.61	-1.59	2.49
184.688	-1.625	4.4375	-0.11	-0.73	5.38
183.875	-2.4375	5.25	0.07	-1.03	3.52
184.125	-2.1875	5.5625	0.76	0.25	0.9
184.25	-1.6875	5.25	0.28	0.42	0.52
184.438	-1	5.1875	-0.04	0.32	-0.23
************TIME_SERIES************
ClassID: 3
TimeSeriesLength: 34
TimeSeriesData: 
185.312	-6.25	-0.4375	-0.07	-0.5	0.28
185.625	-6.25	-0.5	0.05	0.08	0.41
186	-6.1875	-0.6875	0.19	0.41	0.12
185.938	-5.9375	-0.875	0.13	0.4	-0.01
185.75	-5.8125	-0.75	-0.01	-0.31	-0.44
185.688	-5.8125	-0.6875	-0.04	-0.18	-0.48
185.75	-6.0625	-0.6875	0.3	-0.17	0.24
185.75	-7.125	-0.625	0.62	0.93	5.37
185.125	-7.375	0	-0.23	-1	8.78
185.75	-3.9375	-0.25	1.34	2.06	1.53
185.438	-0.375	-1.3125	-0.94	-0.44	2.16
185.75	3.8125	-1.4375	-1.08	-0.11	0.23
186.25	8.25	-1.1875	-1.52	-0.11	-2.62
187.25	12.375	-0.625	-1.35	-0.06	-4.5
187.812	15.0625	-1.25	-1.24	0.04	-5.61
187.875	16.125	-1.75	-1.66	-0.53	-5.03
188.562	15.3125	-0.9375	-1.47	-0.2	-5.24
189.75	12.6875	-1.0625	-0.17	5.19	-6.33
188.5	6.8125	0.25	-1.24	3.64	0.47
184.875	0.0625	3.375	-1.1	4.86	7.21
178.75	-2.6875	7.5625	-0.63	-3.91	7.23
173.188	-2.9375	14.375	-0.06	-7.61	5.49
169.938	0.3125	18.8125	-1.58	-8.66	1.37
171.5	7.25	18.125	-1.99	-4.24	-1.65
175.875	13.3125	16.5	-2.25	-3.66	-8.92
183.062	15.3125	11.6875	-2.86	0.14	-8.98
190.062	14.125	3.6875	-0.98	7.8	-3.16
192.562	11.3125	0.625	-1.33	5.66	-0.44
193.062	7.75	-0.3125	0.28	2.36	3.1
191.438	5.6875	0.3125	-0.22	-1.1	3.66
191.25	5.1875	0.375	0.71	0.3	1.51
191.062	5.3125	0.3125	0.34	0	-0.38
191.062	5.25	0.375	0.46	0.48	0.06
190.875	5.25	0.3125	-0.13	0.12	0.16
************TIME_SERIES************
ClassID: 3
TimeSeriesLength: 38
TimeSeriesData: 
187	-6.625	-1.6875	0.03	-0.05	0.1
187.062	-6.625	-1.6875	0.09	0.03	-0.06
187.125	-6.625	-1.625	0.21	-0.01	0.13
187.25	-6.375	-1.6875	0.34	0.2	-0.44
187.438	-6.5625	-1.8125	0.19	0.39	0.11
187.25	-6.6875	-1.875	0.13	-0.02	-0.17
187.188	-6.8125	-1.8125	0.08	-0.07	0.16
187.188	-6.875	-1.6875	0.31	-0.26	-0.25
187.375	-7.125	-1.625	0.61	-0.03	1.35
187.312	-8.25	-1.3125	-0.13	1.1	9.6
186.562	-7.25	-0.25	-0.85	-1.62	7.4
187.188	-3.375	-0.75	0.27	-0.07	1.99
188.25	0.3125	-2	-0.5	-0.05	-0.51
189.625	3.6875	-3.25	-1.06	0.52	-1.82
189.938	6.4375	-3.3125	-1.03	-0.35	-2.63
190.375	9.1875	-3.1875	-0.2	0.56	-4.72
190.312	10.625	-3.1875	-0.37	0.06	-4.52
189.875	11.0625	-2.6875	-0.69	-0.7	-3.81
190.312	10.5	-1.4375	-0.71	0.81	-4.31
190.375	8.9375	-1	0.09	3.52	-7.31
188.812	4	0	-1.23	6.6	4.15
183.875	-0.5	4.1875	-0.56	4.69	7.54
177.812	-2.375	9.1875	0.81	-3.25	6.76
171.125	-2.5	15	-0.23	-6.94	5.97
167.812	1.5625	16.3125	0.24	-7.81	0.35
168.75	6.75	16.75	-2.13	-6.96	-3.26
174	11.5625	15.0625	-2.8	-3.51	-6.22
181.312	14.8125	10.125	-4.48	-1.57	-9.35
189.562	13.625	2.625	-2.13	8.96	-3.45
193.875	11.1875	-1.0625	-2.88	3.98	-3.55
196.188	6.625	-2.0625	-0.25	3.69	1.38
194.375	3.25	-0.5	-0.67	-0.33	2.46
193.188	1.25	-1.6875	0.86	0.3	1.84
192.625	-0.25	-1.5625	0.25	-0.24	3.55
192.188	-0.75	-1.125	0.71	0.68	0.95
191.75	-0.5	-1.0625	0.39	-0.46	-0.05
191.562	-0.3125	-1.125	-0.14	-0.23	0.15
191.5	-0.3125	-1	0.12	-0.19	0.44
************TIME_SERIES************
ClassID: 3
TimeSeriesLength: 34
TimeSeriesData: 
189.938	-4.25	-3.375	0.32	0.22	-0.28
189.75	-4.25	-3.3125	0.09	0.18	-0.2
189.375	-4.1875	-3.3125	-0.05	-0.4	0.2
189.375	-4.1875	-3.3125	0.35	0.05	-0.4
189.438	-4.375	-3.375	-0.02	0.26	0.81
189.438	-4.1875	-3.5	0.47	0.65	-0.28
189.125	-4.5625	-3.375	0.2	-0.38	0.98
188.938	-5.1875	-3.1875	-0.03	1.28	5.65
188.125	-4.8125	-2.4375	-0.07	-1.29	7.31
187.875	-2.1875	-1.1875	-0.87	-0.26	3.03
189.25	2.0625	-1.9375	-0.09	1.04	0.47
190.188	5.25	-2.9375	-0.19	0.26	-2.16
190.875	7.1875	-3.125	-0.65	0.08	-0.13
191.312	9.125	-3.625	-0.63	-0.01	-2.79
191.812	11.375	-3.625	-1.13	-0.23	-2.65
191.938	13.375	-4	-0.92	-0.02	-4.7
191.25	14.75	-2.375	-1.51	-0.64	-7.79
191.688	13.125	-1.375	-1.38	5.62	-3.2
190.125	7.9375	1.6875	-1.31	8.67	1.2
184.25	2.5	8.5625	-2.1	3.91	7.47
174.375	0.4375	17.375	-0.34	-6.15	6.08
167.312	1.375	22.6875	-1.55	-17.39	2.13
168.688	4.875	23.625	-2.55	-8.74	-1.6
175.688	10.5	20.75	-3.03	-3.49	-8.87
183.438	15.6875	13.0625	-3.44	1	-10.26
191.312	14.875	5.9375	-2.81	5.27	-8.22
194.938	10.875	1.1875	-2.61	4.67	-4.85
195.75	6.125	-1.375	-1.2	6.35	3.64
194.562	1.9375	-1.125	-0.91	0.78	6.59
192.438	0.5625	-1.9375	1.05	-1.17	3.93
191.375	0.875	-2.5	0.9	0.54	1.18
190.75	1.0625	-3	0.15	-1.2	0.06
190.75	0.875	-3	-0.2	-0.14	0.66
190.438	1.125	-3	-0.1	-0.5	-0.34
************TIME_SERIES************
ClassID: 3
TimeSeriesLength: 37
TimeSeriesData: 
187.75	-2.8125	-6.1875	0.11	0.14	-0.05
187.812	-2.875	-6.125	-0.07	-0.05	0.32
187.688	-2.875	-6	-0.07	-0.22	0.14
187.5	-2.8125	-6	0.08	-0.18	-0.12
187.5	-2.875	-6	0.18	0.11	-0.16
187.312	-3	-6.5	0	0.08	-0.85
186.688	-3.4375	-7.3125	-0.11	-0.16	0.81
186.5	-3.5625	-7.3125	-0.01	-0.76	-0.35
186.625	-4.625	-7.25	0.62	-0.3	2.82
186.938	-7.125	-6.5	-0.73	0.62	12.84
187.812	-4.25	-5.875	0.14	1.46	4.05
188.75	1.125	-6.4375	-0.41	0.52	1.16
189.562	6.25	-6	-0.85	0	-1.81
189.688	10.8125	-5.9375	-1.62	-1.18	-2.17
190.125	13.75	-5.875	-1.08	-0.25	-5.6
190.375	15.25	-5.8125	-2.19	-1.44	-2.12
191.312	16.625	-5.75	-0.71	1.22	-3.36
191.188	16.6875	-5.3125	-1.26	-0.27	-3.39
191.188	15.3125	-4.375	-2.05	0.11	-6.12
191.188	11.3125	-3.875	-0.58	3.87	-4.13
189.25	6.25	-1.125	-0.56	3.58	2.24
184.312	0.8125	4.75	0.09	-0.24	6.72
178.5	-2.5625	10.5	0.45	-4.38	8.92
172.75	-0.875	15.75	-0.55	-6.03	6.84
168.812	5.5625	17.5	-1.59	-6.12	-0.84
168.375	12.75	17.9375	-3.36	-7.38	-6.05
172.5	17.6875	15.125	-3.9	-1.4	-6.71
181.062	20.8125	7.375	-3.7	1.57	-7.43
189.875	18.1875	-0.125	-1.92	8.36	-3.27
193.812	12.75	-2.8125	-1	2.15	-0.2
193.875	8.25	-3.75	-0.24	4.09	5.01
192.188	6.5625	-3	-0.25	-0.94	2.3
191.5	5.875	-3.25	-0.2	-0.73	0.95
191.25	5.6875	-3.875	0.16	0.36	-0.01
190.938	5.25	-3.8125	-0.8	0.03	0.31
190.938	5	-3.8125	0	0.03	0.11
191	4.9375	-3.5	-0.04	0.19	-0.43
************TIME_SERIES************
ClassID: 3
TimeSeriesLength: 33
TimeSeriesData: 
189.25	0	-6.3125	-0.15	-0.1	-0.09
189.188	-0.0625	-6.1875	-0.18	-0.21	-0.01
189.125	-0.125	-6.125	-0.01	0.08	-0.07
189.062	-0.0625	-6.1875	-0.15	-0.2	-0.32
189.125	-0.125	-6.1875	-0.16	-0.11	0.14
189.188	-0.25	-6.125	-0.07	-0.02	-0.1
189.312	-0.1875	-6.1875	0.15	0.26	-0.68
189.188	-0.5	-6.125	-0.09	-0.31	0.61
189.062	-1.6875	-5.75	-0.36	-0.51	10.05
189.75	-0.8125	-4.875	0.01	0.07	7.83
191.188	4.4375	-5.6875	0.03	1.2	1.93
192	10.25	-6.875	-0.8	0.37	-0.92
192.5	14.3125	-6.75	-1.84	-0.97	-3.97
192.75	18	-6.9375	-2.13	0.38	-3.35
192.062	21.375	-7.0625	-1.96	-0.24	-6.46
191.812	21.625	-5.0625	-2.53	-2.05	-7.64
192.812	19	-3.6875	-2.36	-1.55	-8.76
194.938	12.875	-4.6875	-2.73	2.4	-3.68
195.438	6.25	-3.625	-1.57	7.7	2.42
191.062	-0.625	0.1875	-0.26	3.59	6.98
182	-5.375	9.1875	-1.08	-3.68	12.42
172.188	-3.6875	16.4375	-2.33	-8.66	8.03
168	3.75	17.125	-2.33	-8.81	-1.72
170.688	10	14.5	-3.52	-5.5	-5.61
178.062	15.25	9.1875	-4.75	-2.54	-6.23
188.562	16.875	0.8125	-3.6	4.59	-8.54
197.812	12.6875	-5.3125	-2.15	4.36	-7.49
201.688	6.5625	-8.4375	-0.68	7.15	-0.13
200	1.875	-8.75	-1.8	-0.34	4.02
199.438	-1.1875	-7.8125	-0.32	0.61	5.15
198.688	-2.5625	-6.5	0.77	0.35	2.66
198.938	-2.375	-6.3125	0.12	-0.28	1.54
199.375	-1.75	-6.375	0.51	0.58	0.03
************TIME_SERIES************
ClassID: 3
TimeSeriesLength: 37
TimeSeriesData: 
197.438	-3.3125	-4.6875	-0.12	-0.07	0.25
197.5	-3.25	-4.8125	-0.09	-0.04	0.04
197.562	-3.4375	-4.6875	-0.04	-0.01	0.21
197.625	-3.375	-4.75	0.1	0.07	0.06
197.562	-3.3125	-4.6875	-0.11	-0.17	0.01
197.688	-3.1875	-4.75	0.11	0.3	-0.17
197.562	-3.1875	-4.6875	-0.19	-0.34	-0.64
197.625	-3.5	-4.75	0.04	0.11	0.49
197.438	-4.3125	-5.25	-0.68	0.64	8.03
198.062	-3.875	-5.1875	0.08	-0.17	3.89
199.25	-1.0625	-5.75	0.65	1.02	1.48
200	1.3125	-6.375	0.34	0.8	-0.41
200	3.75	-7.5	-0.2	-0.48	0.32
200.062	5.1875	-7.9375	-1.3	0.35	2.45
200.5	9.1875	-9	-0.23	0.17	-4.22
201	12.875	-9.625	-0.83	-0.61	-6.1
200.875	14.4375	-8.3125	-1.71	-1.78	-3.24
201.062	15	-7.5625	-1.25	-1.06	-2.38
201.625	14.5625	-7.125	-0.64	-0.64	-2.52
202.75	13.5	-7.5625	-0.99	0.67	-5.72
203.875	10.6875	-8	-0.64	2.76	-7.6
204.5	3.5	-7.3125	-1.39	7.04	2.82
199.688	-1.9375	-4.4375	-1.01	4.49	8.63
193.75	-3.8125	0.6875	-0.52	-2.89	8.86
187.75	-2.4375	7.25	-0.52	-7.06	4.45
184.188	2.625	9.5	-1.05	-7.57	0.04
184.625	9.125	8.625	-2.28	-4	-1.93
187.875	16	5.375	-3.63	-4.82	-6.76
195.25	18.875	-0.5	-4.06	0.68	-9.39
203.125	16	-5.125	-2.1	6.84	-7.14
207.125	10	-6.5	-1.52	4.84	-1.04
207.188	4.3125	-6.875	-0.54	2.3	4.82
205.625	1.4375	-5.875	0.63	0.25	4
204.875	0.75	-5.0625	0.73	0.37	3.18
204	1.5625	-4.9375	0.23	-0.23	0.39
203.75	2.1875	-4.75	0.17	-0.14	-1.18
203.375	2.5625	-4.75	-0.04	-0.02	-0.01
************TIME_SERIES************
ClassID: 3
TimeSeriesLength: 38
TimeSeriesData: 
196.688	-3.75	-3.25	0.09	0.23	-0.2
196.562	-3.6875	-3.25	-0.04	0.01	-0.29
196.5	-3.75	-3.25	0.15	0.21	-0.27
196.438	-3.9375	-3.1875	-0.12	-0.4	0.77
196.625	-3.9375	-3.1875	0.14	0.23	0.24
196.75	-3.875	-3.375	0.03	0.3	-0.03
196.75	-3.8125	-3.5	0.01	0.18	0.03
196.5	-4.25	-3.5625	-0.09	-0.33	3.18
196.5	-4.625	-3.9375	-0.55	-0.09	7.26
196.938	-3.25	-4.0625	0.54	0.54	2.95
197.688	-0.3125	-5.6875	0.47	1.42	1.84
197.625	2.25	-6.9375	-0.71	0.27	1.13
197.625	5.4375	-8.125	-0.56	-0.58	-0.59
198	8.1875	-9	-0.5	-0.96	-2.99
198.875	11.3125	-9.5	-1	-0.29	-4.4
198.938	13.3125	-10.25	-0.89	-1.13	-4.64
199.375	13.125	-9.6875	-0.85	-0.12	-1.72
199.812	13.0625	-9.5	-0.58	-0.68	-0.44
200.688	12.75	-9.25	-0.7	-0.69	-3.26
201.688	11.75	-9.4375	-1.14	-0.85	-6.4
204.375	7.5625	-9.8125	-0.43	5.69	-4
203.438	1.1875	-8.4375	-0.98	5.6	3.35
200	-4.4375	-4.25	-0.42	4.34	7.5
192.812	-6.3125	2.1875	-0.12	0.75	8.49
184.688	-4.375	8.9375	-1.06	-6.82	4.83
179.875	-0.4375	12.9375	-2.19	-8.49	0.09
179.438	6.9375	11.25	-2.14	-5.61	-3.97
182.188	13.5625	6.875	-2.97	-3.22	-5.55
188.438	17	2.375	-3.68	-0.19	-7.37
197.5	15.625	-3.0625	-2.41	5.09	-7.08
202.625	11.3125	-5.25	-0.74	4.36	-3.34
204.25	5.8125	-6.4375	-0.43	3.64	4.88
203.188	2.75	-5.25	0.41	-0.14	4.17
202.875	1.5	-4.875	0.84	0.66	2.1
202.812	1.5625	-5.25	0.28	-0.06	0.26
202.875	1.75	-5.6875	0.21	1	-0.07
202.375	2.25	-6	-0.07	0.33	-0.51
201.625	2.5	-5.8125	0.09	-0.41	-0.72
************TIME_SERIES************
ClassID: 3
TimeSeriesLength: 38
TimeSeriesData: 
196.062	-2.9375	-3.625	0.01	0.05	0.04
196.062	-2.875	-3.8125	0	0.42	-0.11
196	-2.875	-3.9375	0.08	0.22	-0.07
195.75	-2.875	-4	-0.02	-0.36	-0.04
195.625	-3	-4	0	-0.2	0.39
195.625	-2.875	-4	0.13	0.18	0
195.75	-2.9375	-3.9375	0.09	0.1	0.28
195.562	-3.1875	-3.6875	0.51	-0.13	1.29
195.375	-4.0625	-3.1875	-0.54	-0.21	6.47
195.875	-3.5	-2.5625	0.24	0.99	4.18
196.562	-1.6875	-2.6875	-0.12	0.32	1.88
197.125	0.625	-3.25	0.01	0.76	0.61
197.5	3	-3.6875	-0.24	-0.55	-1.06
197.812	5	-4.5	-0.55	0.39	0.22
198.25	7.875	-4.8125	-0.3	-0.11	-2.99
198.375	10.375	-5.5	-0.85	-1.28	-3.92
199.5	12.375	-6.125	-0.15	0.63	-5.09
200.125	13.125	-6.8125	-0.29	0.23	-3.69
200.062	12.375	-5.625	-0.48	-1.73	-2.39
201	11.125	-5.6875	-0.34	-0.63	-5.96
203.375	7.375	-6.625	-1	3.41	-4.84
202.875	-0.375	-5.9375	-1.89	6.1	1.42
197.875	-6	-3.375	-0.88	3.72	6.68
190.938	-8.0625	0.875	-0.16	-1.53	8.17
185.812	-7.3125	5.75	-0.38	-6.5	6.19
182.375	-2.875	8.375	-1.38	-6.63	2.05
182.875	4.125	8.25	-2.61	-5.11	-1.12
185.562	11.4375	5.25	-2.7	-4	-5.6
190.312	15	2.3125	-1.87	-0.88	-9.35
198	14.125	-1.125	-1.73	3.68	-6.19
203.375	9.6875	-3.4375	-0.86	5.45	-1.75
205.625	4.25	-3.625	-0.53	2.85	3.98
205.25	0.8125	-3.0625	0.11	1.11	4.13
204.625	-0.25	-2.5	0.37	0.12	1.88
204.438	-0.4375	-2.75	0.12	0.18	0.65
204.062	-0.3125	-2.6875	-0.02	-0.11	-0.58
203.812	0	-2.9375	0.11	0.37	-0.42
203.5	0.0625	-2.625	-0.12	-0.57	-0.17
************TIME_SERIES************
ClassID: 3
TimeSeriesLength: 40
TimeSeriesData: 
196.25	-3.75	-2.9375	0.08	0.04	-0.28
196.312	-3.6875	-2.9375	0.01	0.08	0.38
196.312	-3.6875	-2.9375	0.04	0.11	-0.2
196.375	-3.8125	-3	-0.01	0.2	0.38
196.375	-3.6875	-3.0625	0.14	-0.17	-0.16
196.375	-3.75	-3.0625	0.06	0.19	0.16
196.188	-3.6875	-3.125	-0.16	-0.35	0.37
196.312	-3.625	-3.0625	0.22	-0.08	0.14
196.312	-3.875	-2.9375	0.19	0.08	1.94
196.375	-4.3125	-2.8125	-0.59	-0.56	4.77
196.938	-3.9375	-3.3125	0.02	0.42	4.19
197.75	-2.4375	-4	-0.21	1	3.44
198.062	-0.1875	-4.9375	-0.02	-0.25	1.34
198.625	1.625	-5	-0.4	0.25	2.08
199.125	4.375	-6.875	-0.69	0.89	-0.03
199.562	6.5	-7.75	-1.18	-0.62	-1.03
200.312	10.5	-9.3125	-0.81	0.11	-5.96
200.75	13.25	-11.0625	0	-0.62	-8.12
200.875	13.125	-9.4375	-0.1	-1.14	-3.03
200.75	12.25	-8.75	-0.41	-1.34	0.38
201.375	11.1875	-8	0	-0.04	0.02
202.688	10.4375	-8.3125	-0.21	0.05	-2.77
204.25	9.125	-8.375	-0.79	-0.94	-8.39
205.5	4.0625	-7.75	-1.72	3.87	-4.63
204.562	-2.125	-6.5625	-2.16	4.95	3.99
201.312	-8.3125	-4.875	-0.13	5.84	6.4
194	-10.9375	-1.25	-0.88	-0.66	9.82
186.312	-9.3125	4.5	-2.78	-9.59	7.48
183.688	-3.4375	7	-2.08	-7.87	2.16
184.688	3.125	6.125	-1.93	-4.06	-4.68
187.938	9.875	4.1875	-2.41	-4.69	-9.73
194.438	12.1875	1.1875	-2.32	-0.03	-11.03
202.688	9	-3.25	-1.29	6.72	-4.9
206.5	3.4375	-4	-1.55	4.32	1.97
207.812	-0.0625	-4.875	0.9	4.34	3.22
206.625	-1.375	-4.1875	-0.45	-0.82	2.41
205.875	-1.625	-4.125	0.25	0.17	0.85
205.312	-1.25	-4.6875	0.12	0.16	0.32
204.812	-1	-4.625	-0.11	-0.87	-0.54
204.938	-0.8125	-4.625	-0.07	0.19	-0.1
************TIME_SERIES************
ClassID: 3
TimeSeriesLength: 36
TimeSeriesData: 
197.625	-4.0625	-6.125	-0.21	0.08	-0.04
197.562	-4.125	-6	-0.04	-0.18	-0.15
197.5	-4.25	-5.625	0.03	0.04	-0.12
197.438	-4.25	-5.5625	0.03	-0.22	-0.03
197.375	-4.4375	-5.5625	-0.02	0	0.21
197.312	-4.4375	-5.5	-0.11	-0.37	0.2
197.5	-4.375	-5.625	0.07	-0.02	-0.07
197.5	-4.9375	-5.625	-0.26	0.11	3.87
197.812	-5.375	-5.125	-0.25	-0.12	6.32
198.625	-4.25	-6.125	0.33	0.28	4.46
200.062	-2.8125	-8.375	-0.45	2.83	4.88
200.5	0.375	-10.3125	-0.85	0.49	2.22
201.438	3.75	-11.4375	-1.12	0.77	-1.1
201.625	7.4375	-11.625	-1.3	-0.9	-6.01
201.312	11.1875	-12.1875	-0.48	-2.69	-7.98
201.75	11.9375	-10.875	-0.93	-0.52	-3.76
202.812	11.5625	-10.1875	-0.15	0.44	-2.4
202.75	10.625	-8.625	-0.09	-1.21	0.5
203.25	9.875	-8	0.05	-0.36	0.56
204.438	9.5625	-8.5	-0.88	-1.1	-2.54
206.062	8.5625	-8.125	-1.87	-1.9	-7.76
209	3.875	-7.3125	-0.6	5.36	-6.43
208.062	-3.125	-5.1875	-2.64	3.11	1.05
206	-9.6875	-2.6875	-0.97	6.74	10.2
199.75	-13.1875	0.125	-0.33	-0.12	9.53
191.875	-12.8125	4.375	-1.85	-6.83	8.74
187.062	-7.4375	7.625	-2.01	-6.46	1.5
185.688	1	6.75	-2.83	-6.61	-3.44
187.875	8.5625	5.125	-2.91	-5.52	-8.14
193.312	11.9375	3	-2.69	-0.79	-9.77
201.812	11.3125	-1.3125	-1.72	5.38	-6.91
207	6.3125	-2.625	-2.41	6.16	2.65
209.062	2.8125	-2.75	1.21	5.61	4.63
207.688	1.4375	-1.875	-0.84	-1.15	3.26
207.75	1.1875	-2.4375	-0.06	-0.04	0.97
207.875	1.5	-2.75	0.01	0.54	0.03
************TIME_SERIES************
ClassID: 3
TimeSeriesLength: 40
TimeSeriesData: 
199.812	-2.4375	-4.6875	-0.26	-0.21	-0.03
199.688	-2.5	-4.6875	-0.15	0.05	0
199.625	-2.5625	-4.75	-0.08	0.05	0.06
199.625	-2.5625	-4.875	0.04	0.18	-0.15
199.375	-2.5	-4.875	-0.43	-0.48	0.07
199.312	-2.3125	-4.875	-0.01	0	-0.84
199.25	-2.375	-4.8125	-0.2	-0.07	-0.13
199.188	-2.5	-4.8125	-0.08	-0.2	-0.35
198.75	-2.9375	-5	0.77	0.08	-0.78
198.062	-4.3125	-5.3125	-0.77	-0.49	5.94
198.062	-7.625	-3.4375	-0.46	-0.18	7.57
198.188	-7.6875	-3.9375	-1.3	-0.75	6.07
199.5	-5.75	-4.5625	-0.39	1.15	2.14
200.375	-2.75	-6.5625	-0.83	0.5	0.56
200.875	-0.125	-7.125	-0.95	-0.03	-0.44
201.625	3.3125	-7.0625	-0.6	-0.41	-3.28
202.375	6.4375	-7.5625	-0.85	-0.6	-3.8
203.438	9.375	-7.625	0.19	0.19	-5.95
203.438	10.5	-8.0625	-0.41	-0.33	-4.33
203.625	10.0625	-7.5625	-0.42	-0.3	-0.13
203.562	9.8125	-6.5625	-0.75	-1.27	0.64
204.438	9.6875	-6.375	-0.91	-0.28	-2.34
205.5	8.625	-6.5625	-1.03	-0.64	-6.37
206.688	5.625	-6.5625	-0.19	4	-5.29
205.688	0.0625	-6.5	-1.67	2.46	1.96
203.5	-6.0625	-5	0.35	5.39	6.59
198.188	-9.375	-3.625	-0.09	2.5	8.64
192.062	-9.5	0	-2.16	-4.31	10.08
188.688	-5.875	2.0625	-2.76	-6.89	3.67
187.5	1.1875	3.3125	-1.8	-4.8	-2.63
189.438	8.125	3	-2.27	-5.88	-8.13
195.062	11.4375	1.375	-2.36	-0.59	-6.09
202.625	11.3125	-1.5	-1.65	2.39	-7.67
208.938	7.4375	-3.625	-0.75	7.83	-3.19
210.125	3.375	-3.25	-0.63	3.5	2.16
209.188	-0.125	-2.5625	-0.73	-0.38	5.08
208.375	-1.5	-1.9375	-0.07	0.48	2.69
208	-1.375	-1.8125	0.2	0.18	0.88
207.438	-0.9375	-1.875	-0.2	0.13	0.11
207.188	-0.6875	-1.875	-0.39	-0.19	-0.04
************TIME_SERIES************
ClassID: 3
TimeSeriesLength: 37
TimeSeriesData: 
198.75	-4.375	-5.5	0.22	0	-0.33
198.562	-4.375	-5.4375	0	0.11	0
198.438	-4.25	-5.4375	-0.06	-0.16	0.34
198.312	-4.3125	-5.3125	-0.01	-0.11	0.13
198.188	-4.25	-5.25	-0.08	-0.34	0.15
198.375	-4.3125	-5.125	-0.11	0.43	0.06
198.312	-4.125	-5.1875	0.07	-0.06	-0.72
198.188	-4.5	-5.25	-0.35	0.12	1.55
198.062	-5.1875	-5	-0.33	-0.49	3.35
198.188	-5.6875	-4.5	-0.51	-0.1	5.44
198.875	-4.5625	-4.9375	0.22	0.96	3.41
199.438	-2.4375	-5.9375	0.12	0.78	2.35
199.875	0.125	-7	-0.13	0.66	1.02
200.25	3.1875	-8.25	-0.65	-0.09	0.88
200.938	6.9375	-9.5	-0.27	-0.48	-3.54
201.188	9.25	-10.875	-0.85	-1.34	-4.77
202.438	11.625	-11.4375	-1.04	-0.18	-6.3
202.875	12.5	-11.1875	-0.16	0.42	-3.79
202.75	11.75	-9.75	-0.63	-0.21	-0.32
203.312	11.1875	-8.8125	-0.27	-1.47	-0.66
203.938	10.5625	-8.9375	-0.94	-0.39	-2.95
205.375	9.125	-8.375	-1.07	-1.99	-9.58
208	3.5	-7.0625	-1.35	5.9	-4.01
206.688	-4.125	-5.5625	-1.98	5.02	4.24
202.062	-9.875	-3.5625	-0.72	5.72	8.37
195.875	-11.625	-0.4375	-1.76	-2.17	9.8
189.375	-9.8125	5.875	-2.09	-9.37	4.87
187.375	-3.75	8.0625	-1.88	-6.3	-0.13
188.812	3.8125	6.5	-1.66	-5.32	-5.35
192.75	9.375	3.875	-1.8	-3.4	-8.29
197.688	11.0625	0.875	-1.43	0.63	-9.41
203.938	8.1875	-2.9375	-1.5	6.47	-4.72
206.938	2.75	-4.9375	-1.96	3.76	3.82
207.312	-0.375	-4.8125	0.2	0.93	4.36
206.688	-1.25	-4.1875	-0.6	0.03	2.84
206.812	-0.5625	-4.1875	0.98	0.55	-1.33
206.562	-0.4375	-4.1875	-0.17	-0.4	-0.13
************TIME_SERIES************
ClassID: 3
TimeSeriesLength: 41
TimeSeriesData: 
198.688	-5.0625	-3.625	0.12	-0.2	-0.27
198.5	-5.125	-3.6875	0.08	0.06	0
198.312	-5.25	-3.625	-0.13	-0.19	0.54
198.312	-5.25	-3.5625	0	0.06	0.09
198.188	-5.25	-3.5625	0.15	0.13	-0.27
198.188	-5.3125	-3.5	-0.15	0.13	0.15
198.188	-5.0625	-3.5625	0.1	-0.1	-0.45
198.25	-5.1875	-3.6875	0.07	0.29	-0.59
198.125	-5.375	-3.8125	-0.11	-0.25	0.07
197.938	-6.4375	-3.5	-0.99	-0.59	4.24
198.438	-7.25	-2.9375	-0.67	1.97	6.71
198.625	-5.25	-4.0625	-0.07	0.39	3.47
198.312	-2.8125	-4.8125	0.09	-0.49	2.18
198.5	-0.3125	-5.8125	-0.72	-0.88	2.62
199.375	2.25	-6.5	-0.93	-0.33	0.65
200.562	6.25	-8.5	-0.91	-0.32	-2.08
201.75	10.0625	-10	-0.28	0.24	-6.22
202.688	12.4375	-10.25	-0.74	-0.92	-6.17
203.125	13.3125	-9.75	-0.69	-0.45	-5.01
203.375	12.6875	-9.25	-0.61	-0.78	-0.52
203.688	12.25	-8.125	-0.05	-0.63	-0.08
204.125	12	-7.875	-0.93	-1.36	-1.56
205.25	11.1875	-7.8125	-1.95	-2.57	-7.18
208.312	6.8125	-8.25	-0.47	4.87	-5.48
208.438	0.125	-6.8125	-1.43	4.34	0.9
206.625	-5.5	-4.8125	-1.03	3.75	4.54
202.812	-10.625	-3.1875	-0.36	3.13	6.41
195.688	-13.0625	0.25	-1.55	-3	8.59
189.125	-11.625	4.5625	-2.36	-8.14	6.12
187.188	-6.3125	6	-1.94	-6.24	2.38
187.688	-0.0625	5	-1.58	-5.07	-3.41
191.125	6.4375	3.5	-1.62	-3.68	-7.19
196.812	9.625	0.375	-1.78	-2.13	-8.16
204.625	7.625	-3.5	-1.98	4.98	-3.62
209.312	4.5	-5.5	-1.32	4.71	0.56
211.125	2.375	-5.6875	0.11	4.68	1.66
210.438	1.75	-5.3125	0.15	0.94	1.3
209.312	1.6875	-4.875	-0.19	-0.93	0.85
209.062	1.75	-4.9375	-0.17	-0.5	0.15
209.062	2	-5.125	-0.02	-0.02	0.25
209.188	2.1875	-5.125	0.19	0.63	-1.14
************TIME_SERIES************
ClassID: 3
TimeSeriesLength: 39
TimeSeriesData: 
199.375	-6.375	-4.3125	-0.14	0.07	0.22
199.5	-6.125	-4.25	0.31	0.55	-0.77
199.375	-6.1875	-4.25	-0.11	0.2	0.1
199.125	-6.25	-4.25	0.08	-0.09	-0.16
198.938	-6.3125	-4.25	0.14	-0.01	0
198.75	-6.375	-4.3125	0.14	0.06	0.48
198.562	-6.4375	-4.25	-0.11	0.05	0.53
198.438	-6.4375	-4.25	-0.01	0.24	1.11
198.062	-6.875	-4	-1.18	-0.05	4.67
198.25	-6.5	-3.625	-0.12	0.46	3.54
198.625	-5.0625	-4.1875	0.17	1.21	2.5
198.938	-2.875	-5.4375	0.44	0.5	1.04
199	-0.8125	-7.0625	-0.54	-0.42	2.39
199.562	1.3125	-8	-0.37	-0.46	0.45
200.438	4.625	-8.75	-0.37	-0.47	-2.05
201.688	7.8125	-9.625	-0.27	0.37	-5.39
202.688	9.625	-9.8125	-0.85	0.17	-5.94
202.625	10.125	-9.8125	-0.81	-0.5	-4.29
202.438	9.1875	-8.6875	-0.18	0.85	-0.36
202.625	8.25	-6.875	-0.1	-1.5	-0.24
203.062	7.8125	-5.6875	-2.01	-3.2	-5.42
205.812	5.1875	-5.0625	-1.6	3.06	-6.14
207.562	-0.625	-4.0625	-0.13	5.56	-4.05
205.562	-7.6875	-1.5625	-1	4.89	4.5
202.188	-12.8125	0.4375	-0.99	4.38	10.14
195.312	-14.6875	3.3125	-0.92	-0.66	9.91
188.375	-12.1875	6.75	-2.07	-7.1	4.33
184.875	-6	8.5625	-2.21	-8.18	-1.47
186	1.25	7.875	-1.99	-6.46	-5.1
189.875	5.8125	6.5625	-2.29	-4.07	-7.45
197.75	8.1875	4	-2.03	1.54	-7.61
205.938	6.875	1.25	-0.29	8.56	-4.44
209.25	3.125	1.125	-1.24	4.18	2.44
209.75	0.75	0.9375	0.41	2.88	3
208.688	0	0.875	-0.26	-0.98	1.77
208.25	-0.0625	0.5	0.1	0.31	0.92
207.875	0.1875	0.3125	-0.23	-0.28	-0.12
207.812	0.5625	0	-0.16	-0.04	-0.16
208.062	0.6875	0	0.02	0.71	-0.32
************TIME_SERIES************
ClassID: 3
TimeSeriesLength: 38
TimeSeriesData: 
199.5	-6.25	-5.375	0.08	0	-0.25
199.625	-6.375	-5.4375	0.19	0.64	0.1
199.5	-6.4375	-5.375	0.18	0.18	0.26
199.312	-6.3125	-5.375	0.06	0.16	0.13
199.125	-6.3125	-5.3125	0.1	-0.22	0.15
198.938	-6.3125	-5.3125	0.07	-0.09	-0.39
198.938	-6.3125	-5.5	0.43	0.14	-1.02
198.812	-7.0625	-5.5	-0.47	0.75	4.44
198.562	-8.3125	-4.625	-2.26	-1.34	9.17
198.875	-5.75	-4.3125	0.48	-0.05	2.34
200.125	-2.625	-6.1875	0.37	0.88	0.9
201.375	0	-7.5625	0.03	0.71	0.48
202	2	-8.75	-1.04	0.2	0.65
202.938	5.0625	-10.125	-0.19	1.28	-2.48
203.125	7.625	-10.125	-0.01	-0.77	-7.16
203	8.8125	-10.375	-0.66	-1.21	-6.22
203.062	7.5	-8.75	-1.05	-0.36	0.32
203.562	7.6875	-8	0.59	-0.15	-1.33
203.75	7.375	-7.625	-0.04	0.41	-1.26
204.562	7	-7.25	-0.07	-0.57	-2.29
205.75	5.8125	-6.4375	-0.88	-2	-6.43
208.312	1.6875	-6.3125	-0.78	6.17	-4.43
207.5	-3.25	-5.25	-1.34	4.23	2.59
203.75	-8.6875	-2	-1.17	4.44	6.82
197.625	-11.1875	0.4375	0.23	0.51	6.35
189.938	-11.8125	5.4375	-1.67	-5.51	8.86
186	-8.875	8.125	-1.45	-7.44	3.84
184.938	-2.4375	8.5625	-1.73	-4.74	-0.56
187.125	4.75	8.0625	-1.81	-3.98	-4.72
191.375	10	6.375	-1.23	-1.38	-7.17
197	12.25	2.375	-1.59	1.58	-7.27
203.75	9.1875	-0.125	-1.92	4.23	-2.23
207.438	5.8125	-1.625	0.16	4.44	0.6
209.062	3	-2.3125	0	2.13	3.33
208.688	1.625	-2.1875	0.18	0.33	1.7
208.562	1.5625	-2.0625	0.04	0.26	0.43
208.625	1.4375	-2.1875	0.15	0.33	0.07
208.438	1.375	-2.25	0.07	0.33	-0.77
************TIME_SERIES************
ClassID: 3
TimeSeriesLength: 39
TimeSeriesData: 
197.812	-6.8125	-4.875	-0.26	-0.18	0.61
197.938	-6.8125	-4.75	0.01	-0.09	0.12
197.812	-6.875	-4.75	0.32	0.59	0.06
197.688	-6.6875	-4.8125	0.01	-0.08	-0.02
197.625	-6.625	-4.875	0.04	0	-0.23
197.625	-6.75	-4.875	-0.06	-0.25	-0.01
197.5	-6.5625	-5.125	0.47	0.46	-1.16
197.312	-6.8125	-5.3125	0.22	0	-1.11
197.125	-7.4375	-5.5	0.16	-0.23	0.55
197.062	-7.8125	-5.6875	0.56	0.16	-0.48
196.812	-9.125	-5.125	-0.34	-0.36	4.57
196.938	-10.6875	-3.875	-1.13	0.14	8.35
197.625	-9.6875	-3.9375	-0.33	0.64	5.15
198.75	-7.75	-6.375	0.03	1.16	4.23
199.562	-5.125	-8.5	-0.2	0.1	-0.39
200.562	-3.0625	-9.25	-1.11	0.52	0.48
201	0.6875	-9.25	-1.03	-0.89	-2.97
201.375	4.6875	-9.8125	-0.93	-1.52	-5.2
202.688	7.75	-9.4375	-0.15	0.16	-7.03
203.25	9.25	-9.5	0.04	-0.39	-5.2
203.062	9.0625	-8.5625	-0.33	-0.2	-1.05
202.938	8.375	-7.0625	-0.61	-1.54	0.01
204.188	7.6875	-6.5625	-1.18	-0.4	-4.15
205.812	5	-6.0625	-1.42	-0.16	-7.38
207.438	0	-5.9375	0.89	6.87	-4.64
203.812	-7.5	-3.9375	-2.25	2.29	6.76
199.375	-12.8125	-2.5625	-0.5	3.03	8.07
192.312	-14.75	0.4375	-2.42	-3.83	11.63
187.375	-11.625	5	-2.7	-7.63	7.05
186.188	-5.5	6.3125	-2.47	-6.3	0.61
188.188	2.875	5.25	-1.55	-4.12	-5.86
192.438	9.125	3.4375	-1.49	-3.82	-10.19
199.688	10.125	0.25	-1.85	2.13	-6.9
207.062	7	-2.6875	-0.77	5.86	-1.39
210.125	3.1875	-3.6875	-1.45	4.2	3.88
210.562	1.625	-3.375	0.3	2.53	2.73
209.5	1.3125	-2.5625	0.35	0.28	0.65
208.562	1	-2.5625	-0.06	0.34	1.14
207.625	1.375	-2.6875	-0.35	-1.13	-0.45
************TIME_SERIES************
ClassID: 3
TimeSeriesLength: 39
TimeSeriesData: 
196.938	-6.75	-1.6875	0.14	0.36	-0.31
197	-6.8125	-1.8125	0.1	0.31	0.19
196.875	-6.8125	-1.8125	-0.19	-0.19	0.38
196.875	-6.75	-1.8125	0.11	-0.14	-0.4
196.875	-6.8125	-1.9375	-0.09	-0.01	-0.11
196.875	-6.75	-2.0625	-0.03	0.2	0.17
196.812	-6.875	-2	0.06	0.24	0.39
196.812	-6.8125	-2	-0.02	-0.3	0.29
196.938	-6.6875	-2.1875	0.17	0.53	-0.05
196.688	-7.0625	-2.375	0.28	-0.82	1.46
196.562	-8.875	-3.0625	-1.23	-1.18	9.1
197.5	-8.625	-3.75	-0.53	0.22	7.91
199.5	-5.4375	-5.4375	-0.07	1.84	4.21
200.812	-1.5625	-7.6875	-0.43	1.98	0.73
201.062	3.75	-9.4375	-0.81	-0.07	-4.8
201.438	7.625	-10.75	-1.95	-2.12	-6.08
202.25	10.375	-10.75	-1.69	-1.93	-8.13
203.125	11.125	-9.0625	-1	-1.81	-5.15
203.25	11.3125	-8.3125	0.44	-0.31	-2.35
203.125	10.5	-7.3125	-0.21	-0.4	0.23
203.562	9.8125	-6.4375	0.08	-0.92	-0.64
204.5	9.25	-6.5	-0.61	-1.15	-3.25
205.75	7.4375	-6.3125	-0.43	0.71	-9.85
207.438	1.9375	-5.5	-0.02	5.24	-7.29
204.812	-7.1875	-4	-3.24	6.98	7.8
198.938	-14.9375	-1.9375	-2.77	2.4	14.42
190.625	-16.6875	4.5	-2.78	-7	12.45
186.312	-11.4375	9.0625	-2.61	-7.05	4.76
185.375	-2.1875	9.8125	-2.56	-5.78	-1.82
187.25	5.25	9	-1.81	-4.68	-8.74
191.688	10.625	7.1875	-2.17	-4.24	-12.03
199.625	10.375	3.125	-2.95	4.31	-4.45
205.938	6.5625	0.0625	-2.52	9.58	3.09
209.125	4	-0.5	0.97	4.77	1.56
207.562	2.625	0.0625	-0.12	-0.35	2.1
207.125	1.9375	0.375	0.6	0.78	0.51
206.625	1.75	0.3125	0.02	0.16	0.6
205.875	1.625	0.625	0.04	-0.71	-0.33
205.625	1.5625	0.375	0.41	0.86	0.2
************TIME_SERIES************
ClassID: 3
TimeSeriesLength: 39
TimeSeriesData: 
198.125	-6	-4.5625	0.08	-0.22	-0.31
198.125	-6.0625	-4.5	0.18	0.13	-0.12
198	-5.9375	-4.625	0.2	0.18	-0.09
197.938	-5.9375	-4.625	0.27	0.03	-0.09
197.688	-6	-4.5625	0.03	-0.07	-0.04
197.625	-5.9375	-4.5625	0.08	-0.05	0.06
197.688	-5.875	-4.5625	0.12	-0.09	-0.56
197.938	-6	-4.5625	0.24	0.49	-0.25
197.812	-6.5	-4.5625	0.07	-0.07	1.09
197.75	-7.9375	-3.6875	-0.25	-0.53	5.79
198.375	-9.3125	-2.8125	-0.26	0.79	7.16
199.125	-8.4375	-3.4375	0	0.86	5.71
199.75	-5.5625	-3.1875	-0.22	0.87	1.32
199.312	-2.1875	-4.5	-1.43	-0.72	-0.57
199.188	2.4375	-3.9375	-1.2	-1.23	-2.78
199.75	6.625	-3.5	-1.23	-0.26	-5.25
200.625	9.0625	-2.5	-2.49	-1.57	-3.93
201.812	11.125	-1.9375	-0.82	0.36	-6.74
202.688	11.5625	-2.75	0.31	1.78	-3.22
202.75	10.625	-2.1875	0.32	-0.68	-0.91
203.062	9.5625	-2.0625	-0.27	-1.74	-0.11
204.438	9.1875	-2.5	-1.68	-2.49	-6.64
207.75	6.1875	-2.8125	-1.72	0.82	-7.91
210	-0.125	-2.75	-0.38	5.19	-4.85
208.125	-7.25	-0.75	-1.79	4.22	6.47
204.062	-13.3125	0.875	-0.53	5.55	9.99
196.375	-15.8125	4.75	-2.19	-2.1	11.67
189.125	-13.625	10.0625	-2.71	-7.45	6.14
186.125	-6.375	12.6875	-2.46	-7.48	-0.03
186.562	0.5625	13	-2.28	-6.36	-5.01
190.312	8.5625	12.0625	-2.34	-3.65	-8.55
198.25	12.125	9	-1.36	2.21	-9.55
205.375	11.4375	5.375	-2.3	6.16	-4.47
210.812	6.875	3.0625	-1.5	6.35	0.23
211.188	3.8125	2.6875	0.79	3.78	2.22
209.938	1.875	3.0625	-0.64	-1.42	4.28
209.438	1.1875	3.3125	0.75	1.04	0.67
209	1.3125	3.375	0.14	-0.36	0.55
208.75	1.5	3.5625	0.05	0.32	-0.08
