%0
346.8750 0.0000 -2.9375 0.11 0.11 -0.06
 346.8750 0.0000 -3.1250 0.32 -0.09 -0.39
 346.8750 -0.0625 -3.2500 0.21 0.01 0.31
 346.8125 -0.0625 -3.3750 0.10 -0.21 0.18
 346.8125 -0.1250 -3.4375 0.12 -0.16 0.25
 346.7500 -0.0625 -3.4375 0.03 -0.14 0.20
 346.6875 0.0000 -3.3750 0.08 -0.08 -0.02
 346.6875 0.0625 -3.4375 0.11 0.04 -0.01
 346.5625 0.0625 -3.5625 0.12 -0.03 -0.16
 346.4375 0.0000 -3.6250 -0.07 -0.54 0.09
 346.5000 -0.0625 -3.8750 0.00 -0.40 0.09
 346.8125 -0.0625 -4.1875 -0.05 -0.21 -0.73
 346.9375 -0.2500 -4.8750 -0.26 -4.71 -3.54
 348.8750 -2.2500 -5.5625 -0.62 -5.52 2.89
 352.6250 -3.7500 -6.1250 0.08 -0.70 5.95
 357.6875 -2.6875 -7.6875 0.17 2.09 4.98
 2.4375 -0.9375 -8.9375 0.64 4.67 4.68
 5.3125 1.5625 -8.8750 -0.95 7.27 4.38
 6.0000 6.0000 -10.0000 -3.03 7.80 -0.17
 4.5000 10.3750 -7.1875 -4.88 6.29 -3.94
 359.3125 16.1250 -2.4375 -7.14 -2.67 -10.44
 353.5625 18.2500 6.6875 -3.37 -3.53 -12.19
 349.1875 15.4375 4.9375 -2.68 -8.35 -11.42
 345.7500 8.0000 -0.3750 1.72 -6.45 2.20
 345.5000 -2.9375 0.0625 -2.15 -11.16 5.53
 350.0000 -10.5000 -3.6875 -3.33 4.47 18.20
 355.6250 -12.1875 -1.8125 0.83 10.44 6.52
 357.2500 -7.5625 -3.5625 -0.02 1.44 -4.59
 358.1875 -6.0000 -3.0625 -0.07 1.20 -3.40
 358.3125 -5.7500 -4.3125 0.11 0.36 -0.88
 357.7500 -6.4375 -3.7500 0.29 0.16 0.75
 356.7500 -6.5625 -3.9375 -0.26 -0.60 0.76
 355.7500 -6.6250 -4.0625 -0.19 -1.11 0.42


 
 %0
344.5625 -4.2500 -7.7500 0.03 0.17 -0.41
 345.6250 -4.6250 -7.7500 0.64 1.03 -0.31
 345.5000 -5.3750 -7.0625 -0.28 -0.59 0.68
 345.6875 -6.1250 -7.0000 0.03 -0.56 0.97
 346.3125 -6.2500 -6.8125 0.43 0.08 0.00
 346.8750 -6.3125 -6.4375 0.72 0.04 0.02
 346.9375 -6.5000 -5.4375 0.19 -0.59 -0.15
 347.1250 -6.5000 -5.3125 0.22 -0.13 0.65
 347.0625 -6.2500 -4.8125 1.07 0.72 -0.33
 346.8750 -5.4375 -5.5000 0.25 -0.04 -0.04
 346.3750 -4.9375 -5.8750 -0.12 -0.10 0.40
 345.8125 -4.8125 -5.5625 -0.15 -0.30 0.04
 345.8750 -4.5000 -6.1250 -0.01 -0.29 0.24
 346.4375 -3.9375 -7.1250 0.50 1.19 -0.46
 346.1250 -3.0000 -8.6875 -0.13 -0.81 -1.56
 346.1250 -2.1250 -10.0625 0.81 -5.38 -3.69
 346.6875 -3.0000 -10.9375 -0.69 -10.63 0.71
 352.6250 -6.1875 -8.9375 -1.15 -2.29 9.45
 0.1250 -4.6875 -10.0625 -1.08 5.85 8.54
 5.7500 -1.8125 -11.1250 -2.00 11.95 4.15
 8.3125 3.2500 -12.8750 -4.06 8.04 -3.26
 7.6250 7.5625 -12.3750 -4.57 2.44 -6.82
 3.8750 10.9375 -12.8125 -4.11 1.17 -6.54
 357.5625 12.5000 -11.8125 -4.33 -3.16 -7.85
 349.8750 11.8750 -11.4375 -2.69 -9.03 -8.82
 345.8750 7.6875 -8.0625 0.15 -14.99 -8.52
 345.2500 -1.1250 -4.7500 -1.77 -9.82 7.86
 348.3750 -8.3750 -1.5625 -0.67 0.69 10.55
 351.2500 -9.9375 -0.2500 -1.21 6.04 9.52
 354.3750 -8.3125 2.3125 1.10 5.42 -0.73
 354.7500 -7.3125 2.0000 0.37 1.93 0.37
 355.1875 -6.7500 0.6875 0.39 1.06 -0.39
 355.5000 -6.5000 -0.9375 0.20 0.90 1.15
 354.5000 -6.2500 -1.0000 -0.37 -0.82 0.55
 353.6875 -5.8125 -1.5625 -0.29 -0.75 -0.85
 353.7500 -5.8125 -1.6250 -0.04 -0.47 0.13
 354.0000 -5.6250 -1.7500 0.00 -0.12 0.41
 
 %0
352.7500 -2.2500 -2.9375 -0.05 0.07 0.62
 352.6875 -2.3125 -2.8750 0.08 0.14 0.09
 352.7500 -2.2500 -2.8750 -0.03 0.05 -0.10
 352.6875 -2.2500 -2.9375 0.03 -0.03 0.21
 352.6250 -2.2500 -2.9375 0.00 0.01 0.16
 352.6875 -2.2500 -2.9375 0.00 -0.15 0.19
 352.7500 -2.2500 -2.9375 0.05 0.00 0.11
 352.8125 -2.2500 -3.0000 0.02 0.07 -0.04
 352.6875 -2.5000 -2.9375 -0.33 -3.85 -1.03
 354.6875 -3.6875 -3.8125 1.35 -3.40 2.56
 357.6875 -3.8125 -5.3750 -0.03 -4.92 8.09
 3.6250 -0.5000 -8.9375 2.02 4.24 6.75
 6.6250 3.4375 -11.8750 -4.07 6.04 2.98
 9.4375 8.5625 -14.9375 -3.79 13.79 -0.76
 184.0625 14.7500 -12.6875 -8.01 4.17 -8.11
 179.2500 18.0000 -8.4375 -6.78 1.00 -10.16
 171.9375 18.8750 -3.4375 -6.30 -11.85 -15.02
 167.3125 14.5000 -4.4375 -1.83 -8.41 -7.36
 164.3125 7.1875 -2.2500 2.04 -10.30 -0.39
 162.8125 -3.1250 -0.5000 -1.84 -9.58 15.31
 168.3750 -8.4375 -1.7500 0.18 10.67 16.04
 171.3125 -8.1250 0.6250 1.59 6.78 1.04
 171.5625 -6.1875 0.6250 -0.53 0.63 -1.07
 172.0625 -5.1875 -0.3125 0.04 0.69 -0.23
 171.6250 -4.1875 -0.9375 -0.08 -0.09 -0.70
 
 %0
170.6250 -1.8125 -4.6250 0.08 0.02 -0.01
 170.7500 -1.8125 -4.6875 0.03 0.21 0.29
 170.7500 -1.6875 -4.6875 -0.10 -0.11 -0.06
 170.7500 -1.6875 -4.6875 -0.01 -0.09 0.09
 170.8750 -1.6875 -4.6875 0.04 0.15 -0.12
 171.0000 -1.6875 -4.8125 0.02 0.13 0.09
 170.8750 -1.7500 -4.8125 0.01 0.10 0.34
 170.7500 -1.7500 -4.8125 0.00 -0.08 0.24
 170.8125 -1.7500 -4.9375 0.00 0.02 0.13
 170.7500 -1.7500 -5.1875 0.11 -0.24 -0.39
 170.5625 -1.7500 -5.6875 0.26 -2.91 -1.86
 171.8750 -2.6875 -6.3125 1.37 -6.05 1.74
 176.0625 -3.7500 -8.1250 -0.24 -5.05 6.77
 183.3125 -2.4375 -13.0625 0.08 6.16 9.56
 188.8125 1.7500 -17.6250 -4.10 11.10 4.98
 191.4375 6.6250 -20.8750 -5.11 9.84 -5.25
 189.1875 12.6250 -21.6875 -7.36 4.66 -7.96
 183.1875 17.3750 -20.0625 -6.95 -1.10 -11.44
 173.1875 19.7500 -17.0000 -5.22 -9.45 -11.73
 164.5625 16.8750 -11.2500 -1.91 -15.78 -9.68
 160.0625 7.4375 -9.0000 -1.46 -14.18 2.65
 163.0000 -2.6875 -5.1875 -2.77 0.80 19.57
 168.6250 -7.3125 -5.0625 -2.43 6.71 11.14
 173.8750 -6.4375 -4.5000 1.36 5.53 0.49
 174.5625 -4.0000 -3.5000 0.28 2.34 -1.53
 175.3125 -3.1875 -3.5625 -0.26 0.39 -0.78
 
 %0
173.4375 0.4375 -7.7500 -0.06 -0.19 0.13
 173.5625 0.4375 -7.8750 0.00 0.19 -0.45
 173.5625 0.5000 -7.9375 0.03 0.05 -0.06
 173.5000 0.5000 -8.0000 -0.01 0.10 -0.08
 173.5000 0.4375 -8.0000 0.10 -0.01 0.04
 173.5000 0.5000 -8.0000 -0.09 -0.06 0.00
 173.5000 0.5000 -7.9375 -0.02 0.01 0.03
 173.5000 0.5000 -7.9375 0.02 0.25 -0.24
 173.4375 0.4375 -8.0000 0.11 0.21 -0.21
 173.2500 0.3125 -8.1250 0.15 -2.54 -2.44
 173.3125 -0.3125 -10.0000 2.37 -8.47 1.28
 177.7500 -3.0625 -8.3750 1.40 -6.72 10.32
 183.9375 -2.2500 -9.0625 -2.39 12.29 8.29
 189.6250 2.3750 -16.6875 -4.80 7.81 1.42
 192.0000 8.1875 -19.9375 -6.12 8.34 -4.27
 191.5000 12.6250 -23.8750 -6.01 3.12 -9.40
 185.8125 16.3125 -20.6875 -4.56 -3.13 -15.48
 178.5625 16.6875 -19.7500 -1.86 -11.84 -9.72
 171.0625 12.5000 -12.1875 0.12 -15.63 -10.72
 166.8750 2.1250 -8.8125 -3.10 -12.54 12.92
 169.8750 -6.7500 -4.8125 -3.08 1.26 11.68
 176.0000 -9.6875 -4.0625 1.72 15.25 10.16
 174.1250 -6.1250 -1.3750 -1.19 -1.82 -2.52
 175.6875 -4.3750 -0.5625 1.13 4.60 0.15
 174.3750 -2.0625 -1.5625 -0.21 -0.86 -2.01
 173.6875 -0.8125 -2.1875 0.01 -0.09 -1.43
 172.8125 -0.5000 -2.0000 -0.32 -0.86 -0.20
 
 %0
173.7500 0.4375 -7.8750 -0.12 -0.19 -0.03
 173.8125 0.5000 -7.9375 0.07 0.00 -0.17
 173.7500 0.4375 -8.0000 -0.11 -0.08 0.18
 173.8125 0.4375 -8.0625 0.17 0.23 -0.14
 173.6875 0.5000 -8.0000 -0.04 -0.17 0.00
 173.6875 0.5000 -8.0625 0.07 0.02 -0.07
 173.6250 0.5000 -8.0625 -0.04 0.00 -0.16
 173.6875 0.5000 -8.1875 0.15 0.14 -0.35
 173.5625 0.3125 -8.3750 -0.08 -0.45 -0.06
 173.8125 0.3125 -9.3750 0.30 -1.20 -1.08
 174.4375 -0.3750 -9.6250 0.34 -5.77 0.74
 176.6875 -1.5000 -10.0625 0.57 -5.65 6.55
 183.3125 -0.4375 -14.1875 -2.32 3.08 7.59
 191.6875 3.2500 -23.0000 -0.63 14.19 2.87
 194.8125 9.3125 -29.1250 -3.81 6.97 -4.65
 193.1250 14.1250 -29.2500 -4.37 3.40 -6.02
 187.5000 18.9375 -27.1250 -6.58 -2.22 -11.31
 176.7500 22.3125 -20.9375 -6.14 -9.51 -12.84
 166.3750 19.3750 -13.5625 -5.87 -11.02 -6.99
 161.0625 9.5625 -7.2500 -5.03 -12.84 1.95
 161.5000 -1.0000 -5.7500 -1.60 -6.88 9.45
 165.7500 -7.6875 -3.2500 -2.49 -0.64 16.13
 171.7500 -7.6250 -3.5000 -1.42 5.47 11.64
 177.4375 -2.4375 -3.3750 1.53 9.40 -3.61
 178.0000 1.0625 -2.8125 -0.49 1.15 -5.73
 177.3125 2.6875 -6.0000 -0.38 -0.66 -3.22
 176.5625 2.5625 -7.8125 -0.37 -0.85 -0.21
 
 %0
172.8125 4.0000 -10.8750 -0.09 -0.13 0.10
 172.8750 4.0000 -10.9375 0.10 0.09 -0.03
 172.8125 4.0625 -10.9375 -0.12 -0.19 -0.07
 172.8125 4.0625 -10.9375 -0.06 -0.07 0.05
 172.8750 4.0625 -10.9375 -0.03 0.00 0.22
 172.9375 4.0000 -11.0625 -0.10 0.15 0.00
 172.9375 4.1250 -11.0625 0.21 0.51 -0.55
 172.5000 4.0625 -11.1875 0.39 -0.21 -1.34
 171.6875 3.6875 -11.5625 0.74 -5.45 -2.93
 172.4375 2.6875 -12.7500 0.50 -10.09 0.01
 179.0000 -1.1875 -15.5625 -0.11 3.73 14.25
 187.1250 0.0625 -19.5000 -2.91 9.25 8.35
 195.5625 2.2500 -23.4375 -2.49 13.28 -1.45
 198.3125 4.1250 -25.7500 -4.80 9.31 -7.84
 193.0625 8.6875 -26.1250 -4.96 4.62 -10.80
 183.4375 12.6250 -22.4375 -8.56 -9.07 -8.34
 174.9375 12.6875 -15.0625 -3.81 -11.41 -5.53
 169.8750 10.2500 -9.4375 -1.41 -11.30 -7.42
 166.0000 4.5000 -4.8125 0.75 -9.93 -2.11
 166.7500 -4.1250 -3.6875 -0.87 -2.36 15.01
 170.0625 -7.3750 -3.6250 -0.52 4.24 15.02
 174.1250 -5.4375 -3.0000 -0.92 4.54 5.28
 176.2500 -1.8750 -2.6875 0.61 4.11 -3.73
 176.5000 0.2500 -3.1250 -0.19 -0.09 -3.31
 
 %0
170.5000 4.2500 -7.1875 0.08 0.22 -0.09
 170.4375 4.2500 -7.2500 0.06 0.12 0.32
 170.3750 4.3125 -7.1875 -0.16 -0.38 0.07
 170.4375 4.3750 -7.2500 0.12 -0.06 0.00
 170.5000 4.3750 -7.3125 0.04 0.33 0.02
 170.3750 4.5000 -7.3750 -0.02 0.19 0.04
 170.2500 4.6250 -7.5000 -0.03 0.36 -0.37
 169.8750 4.8125 -7.8125 0.43 0.19 -1.37
 168.7500 5.0000 -8.3125 0.51 -2.86 -4.25
 167.3750 4.8750 -14.6875 -0.99 -10.11 4.20
 170.3125 2.8125 -18.2500 -1.14 -7.99 5.41
 180.1875 0.0000 -23.9375 -1.13 6.46 12.90
 190.7500 -0.1250 -24.6875 -1.96 12.98 3.47
 197.1875 2.7500 -28.6875 -4.18 8.73 -4.56
 197.3125 7.5625 -29.2500 -5.33 7.68 -7.90
 192.0000 12.0000 -24.3750 -5.81 5.15 -9.10
 184.9375 16.0000 -18.0000 -5.36 -8.11 -8.71
 177.3750 17.3125 -12.5000 -3.26 -8.41 -9.80
 170.4375 14.3750 -9.0000 -2.40 -8.35 -3.97
 166.3125 7.6250 -6.6875 1.33 -4.85 3.26
 162.5625 1.1250 -1.0000 -1.79 -17.23 2.15
 167.7500 -4.4375 -2.0625 -0.74 6.28 14.77
 174.8125 -4.9375 -2.8750 0.90 8.35 7.22
 176.6875 -1.1250 -2.6875 -0.12 3.42 -3.11
 177.5000 1.3125 -3.6250 0.08 3.03 -1.55
 176.1875 2.7500 -2.7500 -0.55 -0.71 -1.89
 175.6875 3.2500 -3.0000 -0.11 -0.54 -0.52
 
 %0
173.0625 4.3750 -5.5625 0.01 -0.02 -0.07
 173.1250 4.4375 -5.6250 0.02 0.10 -0.05
 173.0625 4.4375 -5.6875 0.00 -0.20 0.16
 173.1250 4.4375 -5.6875 0.11 0.09 0.02
 173.1250 4.4375 -5.8125 0.02 0.26 -0.28
 173.1250 4.4375 -5.8125 0.10 0.16 0.00
 173.1250 4.3750 -6.0000 0.09 0.00 -0.81
 172.9375 4.1250 -6.5625 0.20 -3.82 -3.01
 173.1875 3.0000 -7.7500 1.47 -7.80 -1.66
 177.4375 -0.0625 -9.0625 -0.07 -7.00 8.15
 186.4375 -0.3750 -12.8750 -4.16 3.36 12.49
 195.8750 2.8750 -17.2500 -1.36 16.04 6.32
 197.8125 9.6250 -20.6875 -3.88 9.46 -2.98
 196.8125 14.5000 -22.2500 -6.39 8.66 -5.59
 191.6250 20.0000 -19.0625 -6.95 1.63 -10.47
 180.9375 24.3750 -13.3750 -7.87 -7.08 -10.18
 170.6875 23.8125 -9.6875 -3.90 -9.23 -8.98
 164.4375 17.3125 -5.1250 -3.28 -10.56 -4.52
 162.5000 7.4375 -3.5000 -0.70 -7.93 2.57
 163.7500 -0.3750 -1.5000 -1.19 -8.36 11.21
 170.6875 -6.0000 -1.3125 -0.07 7.91 14.71
 175.5000 -5.0000 -0.3125 -0.69 1.33 0.24
 180.1875 -2.3750 -0.3750 1.60 10.35 1.96
 179.0000 0.8125 0.7500 -1.09 -1.23 -4.08
 179.1250 1.8125 0.0000 -0.01 1.39 -1.85
 179.1875 1.6875 -0.5000 -0.31 0.17 -0.05
 
 %0
176.3750 4.2500 -5.0000 0.00 0.18 -0.06
 176.1875 4.1875 -5.0000 -0.08 -0.20 0.17
 176.1250 4.1875 -5.0000 0.02 0.18 0.31
 176.1250 4.3125 -4.9375 0.00 0.12 0.01
 176.2500 4.3125 -5.0000 -0.06 0.32 0.28
 176.2500 4.2500 -5.1250 -0.03 0.11 -0.18
 176.1875 4.3125 -5.1875 0.03 -0.26 -1.12
 176.0000 3.8750 -5.7500 0.16 -4.47 -2.39
 177.8125 1.9375 -6.2500 0.39 -7.94 0.54
 183.9375 -0.0625 -9.1875 -1.20 -2.79 5.71
 190.1250 0.5625 -13.8125 2.31 3.11 8.27
 197.0625 3.4375 -17.1250 -2.82 8.95 6.09
 201.6250 8.5625 -23.1875 -4.30 11.77 -1.57
 201.1250 12.8750 -22.9375 -6.17 7.49 -6.52
 195.6875 17.8125 -21.1875 -6.22 3.44 -8.63
 187.0000 22.0000 -16.2500 -9.46 -4.56 -7.83
 175.7500 23.5000 -9.4375 -7.22 -7.10 -8.32
 165.4375 20.3125 -3.3750 -4.39 -15.75 -8.20
 162.3125 10.7500 -0.5625 -1.30 -12.37 -0.96
 164.9375 0.2500 -1.2500 -1.62 -5.87 14.19
 172.9375 -5.0625 0.3125 -3.87 -0.85 12.53
 180.8125 -4.1250 -3.0625 1.46 10.98 3.03
 183.0000 -0.3125 -2.5000 0.22 4.37 -3.39
 184.1250 1.1250 -3.5000 -0.04 2.83 -1.59
 182.9375 2.0625 -4.3125 -0.80 -1.02 -0.95
 182.5000 2.2500 -4.6250 -0.37 -0.24 0.41
 181.8750 2.5000 -4.5625 -0.19 -0.43 -0.10
 
 %0
178.0625 3.7500 -5.5625 -0.06 -0.12 -0.03
 178.1250 3.6250 -5.6250 0.07 0.18 0.03
 178.0625 3.6875 -5.6875 0.00 0.13 0.17
 178.0625 3.6875 -5.6875 -0.04 0.17 0.06
 178.0000 3.8125 -5.7500 -0.11 -0.04 0.06
 177.9375 3.8750 -5.7500 0.02 0.07 -0.31
 177.8750 3.7500 -5.7500 -0.24 -0.07 -0.23
 177.8125 3.6875 -5.9375 0.07 0.22 -1.28
 177.5000 3.0625 -6.4375 0.26 -0.51 -2.62
 177.3750 1.8125 -9.1250 -0.22 -1.30 -0.66
 178.4375 -0.0625 -9.5000 0.26 -5.85 0.54
 182.5000 -3.1250 -9.8750 0.64 -7.49 7.67
 191.2500 -3.6875 -12.1875 -0.90 0.49 10.29
 201.3750 -0.1875 -14.8750 -3.29 5.78 5.97
 209.1250 4.6250 -21.0000 -3.31 16.35 -4.00
 207.3750 9.6250 -21.8125 -7.99 5.32 -7.45
 200.3750 16.5625 -20.9375 -6.21 3.49 -7.54
 189.0625 22.0000 -15.6250 -8.13 -0.35 -6.88
 175.5000 24.0625 -7.5000 -6.92 -10.44 -9.52
 166.1875 19.8750 -3.8750 -3.58 -13.01 -5.67
 164.6875 11.1250 -3.5625 -1.01 -9.55 -0.59
 167.4375 3.0000 -4.7500 -0.99 -5.31 9.43
 174.0625 -3.6250 -4.2500 0.30 0.97 11.91
 179.7500 -4.7500 -4.6250 -1.48 3.83 6.84
 184.5625 -2.5625 -4.8125 0.90 7.28 -0.11
 184.0625 0.7500 -4.1250 -0.76 0.18 -3.09
 184.5625 1.6875 -5.1250 0.00 1.62 -0.31
 184.1875 2.2500 -6.0000 0.08 0.28 -0.43
 183.5000 2.4375 -6.5625 0.00 -0.52 0.12
 183.0000 2.5000 -6.3750 -0.32 -0.44 0.35
 182.5000 2.5625 -6.3750 -0.15 -0.49 -0.23
 
 %0
178.3750 4.6875 -7.9375 0.00 -0.12 -0.16
 178.3750 4.6875 -8.0000 -0.13 0.00 0.13
 178.4375 4.7500 -8.0000 0.06 0.12 -0.30
 178.3750 4.8125 -8.0625 -0.10 -0.02 0.00
 178.3125 4.8125 -7.9375 -0.07 -0.11 -0.19
 178.3750 4.8750 -8.0000 -0.12 0.23 -0.09
 178.3750 4.8125 -7.9375 -0.04 0.05 -0.12
 178.3750 4.8750 -7.9375 0.03 -0.11 -0.46
 178.3125 4.7500 -8.0000 0.27 -1.04 -1.44
 178.3750 4.0000 -8.1875 -0.60 -8.22 -0.23
 182.1875 1.3125 -7.8750 1.42 -7.79 3.86
 189.5625 -0.6875 -8.9375 0.49 -2.30 7.80
 198.0625 -0.1875 -10.9375 -4.60 4.81 9.87
 204.3750 3.0625 -16.6875 -3.34 16.68 0.96
 204.0000 8.5625 -19.6250 -5.61 5.25 -7.55
 200.3125 14.3125 -21.0000 -4.89 6.39 -6.04
 191.8125 20.2500 -18.6250 -6.95 -1.86 -8.42
 183.3125 22.5000 -13.3125 -6.18 -4.68 -7.41
 175.0625 21.8125 -10.5000 -4.08 -8.03 -9.06
 170.4375 17.1875 -10.3125 -2.91 -8.63 -3.66
 168.5000 8.8125 -8.0000 0.22 -7.90 1.60
 170.1250 0.5625 -5.5000 0.24 -4.94 9.30
 173.7500 -3.3750 -5.0625 1.17 3.41 15.29
 176.3125 -2.0000 -3.8125 0.30 4.49 4.79
 178.8750 0.9375 -5.3750 -0.28 2.90 -2.81
 180.0000 2.8125 -6.0000 -0.87 0.86 -1.51
 180.3125 3.6250 -6.1875 -0.76 0.60 -1.47
 
 %0
182.4375 3.1250 -8.6875 -0.23 0.27 -0.04
 182.3750 3.1875 -8.6875 -0.28 0.03 0.10
 182.2500 3.1875 -8.6250 -0.15 -0.20 -0.03
 182.2500 3.1875 -8.6250 -0.09 0.09 -0.10
 182.1875 3.1875 -8.6250 -0.11 0.02 -0.10
 182.1250 3.1875 -8.5625 -0.15 -0.11 -0.13
 182.1875 3.1875 -8.5000 -0.11 0.05 0.05
 182.1875 3.1250 -8.5000 -0.09 0.05 0.14
 182.1875 3.1875 -8.4375 -0.14 0.22 0.08
 182.1250 3.3125 -8.5625 -0.12 0.38 -0.44
 181.8125 3.4375 -8.5625 -0.29 -0.31 -1.26
 181.5000 3.3750 -8.7500 0.38 -1.10 -3.71
 180.8750 2.6875 -9.3125 -0.71 -8.80 -1.00
 184.7500 -0.3125 -10.5625 1.96 -4.84 3.88
 189.3125 -1.8125 -11.7500 -1.40 -1.12 9.23
 196.2500 -0.3125 -14.0000 0.27 5.24 7.91
 202.3125 3.2500 -17.4375 -1.48 9.87 2.42
 204.8750 7.9375 -20.8125 -3.95 9.27 -1.80
 202.5000 13.8750 -22.5000 -5.32 4.23 -4.80
 196.7500 18.8750 -22.2500 -5.82 2.35 -5.99
 190.0000 22.0625 -19.3750 -4.84 -1.28 -7.66
 181.3125 22.9375 -14.2500 -4.59 -4.88 -5.47
 174.3125 20.3750 -8.6875 -3.65 -8.20 -7.48
 170.9375 14.3750 -8.3750 -2.51 -8.20 0.80
 171.5000 9.0625 -8.3125 0.95 -6.46 -0.53
 173.6875 1.9375 -8.0625 -0.39 -4.84 6.57
 178.8125 -2.5625 -7.4375 2.04 6.22 10.61
 181.1250 -1.9375 -4.8750 -0.55 2.67 2.37
 183.0625 -0.2500 -4.0625 0.00 4.52 2.09
 182.1875 1.9375 -3.5625 -0.36 1.26 -0.11
 
 %0
175.6250 5.1250 -3.4375 0.15 0.34 -0.12
 175.6875 5.1875 -3.4375 0.00 0.38 0.06
 175.6250 5.1875 -3.3750 -0.07 0.07 0.02
 175.5000 5.1875 -3.3750 0.04 0.09 0.02
 175.3750 5.2500 -3.3125 -0.10 -0.18 -0.01
 175.3750 5.2500 -3.3125 0.01 0.02 0.15
 175.3750 5.2500 -3.3125 0.05 0.23 0.15
 175.4375 5.3125 -3.4375 0.11 0.18 -0.46
 175.3125 5.2500 -3.5000 0.04 -0.01 -1.00
 175.1875 4.7500 -3.6250 0.62 -0.87 -1.63
 175.4375 3.4375 -3.6250 0.24 -5.75 -1.35
 178.5000 1.0625 -2.6875 -0.58 -10.24 0.26
 186.7500 -1.2500 -5.2500 -1.72 -3.33 6.95
 195.0000 -0.7500 -8.8125 -0.88 6.90 7.29
 202.0000 2.4375 -13.3750 -0.93 10.90 6.11
 203.6875 8.3125 -16.3750 -2.94 7.81 -1.54
 201.5000 14.1250 -18.7500 -4.79 6.13 -5.18
 195.6875 19.7500 -18.0625 -6.55 4.48 -6.92
 187.4375 23.5625 -15.0625 -7.69 -2.79 -9.24
 176.4375 24.7500 -9.7500 -7.45 -7.97 -10.05
 169.1875 19.9375 -4.6875 -3.60 -10.00 -6.02
 166.0625 10.8125 -2.2500 -1.95 -10.47 2.03
 168.3125 2.0000 -2.3125 1.32 -1.69 10.49
 171.5000 -1.8750 -2.1875 0.56 -1.29 8.31
 175.2500 -2.3125 -3.5625 1.61 5.25 4.65
 177.6875 -0.5625 -5.1875 0.04 2.94 1.07
 179.1875 1.3750 -6.1250 0.13 2.05 -2.60
 179.8125 1.9375 -6.8125 -0.14 1.10 -0.90
 179.7500 2.1875 -7.0000 -0.19 0.44 -0.10
 
 %0
176.1250 3.4375 -5.4375 -0.02 -0.19 0.04
 176.1250 3.5000 -5.5000 0.09 -0.10 0.00
 176.1875 3.5625 -5.5000 -0.04 -0.01 -0.06
 176.3125 3.6250 -5.5000 0.11 0.31 0.01
 176.3750 3.6250 -5.4375 -0.06 0.06 -0.05
 176.4375 3.6250 -5.5625 0.03 0.16 0.12
 176.3750 3.7500 -5.5625 -0.12 -0.15 0.05
 176.4375 3.8125 -5.5625 -0.06 0.07 -0.37
 176.4375 3.7500 -5.6250 0.02 -0.23 -1.11
 176.3750 3.1875 -5.8750 0.53 -3.39 -2.48
 177.2500 1.8125 -6.6875 0.30 -8.17 -2.16
 181.1250 0.0000 -13.2500 -0.69 -6.06 3.99
 189.0625 -0.5000 -23.0625 -0.25 3.76 9.06
 195.8125 0.4375 -24.0000 -0.36 6.82 6.00
 202.6250 3.1875 -24.3750 -2.24 11.60 5.84
 205.0625 8.7500 -25.4375 -4.39 9.84 -3.98
 202.8750 13.9375 -23.5625 -6.16 6.51 -7.37
 196.5625 19.1250 -19.3125 -7.07 3.32 -7.57
 186.1875 22.8125 -14.6250 -8.23 -2.05 -4.19
 176.3125 23.5000 -6.5625 -4.70 -9.02 -9.20
 170.3750 20.2500 -4.5000 -2.06 -11.76 -6.06
 167.5625 13.0625 -2.8125 0.11 -7.89 1.72
 169.3750 4.9375 -2.5625 0.25 -4.52 7.83
 173.7500 -0.5000 -2.3125 -0.66 -1.69 7.36
 179.1875 -2.1875 -4.4375 0.25 4.06 3.97
 181.8750 -0.8750 -5.9375 0.72 5.89 -0.24
 183.7500 0.3750 -8.0000 0.16 2.42 -1.52
 183.3750 1.1250 -8.0625 -0.21 0.55 0.00
 183.0000 1.5625 -7.9375 -0.14 -0.47 0.17
 182.8125 1.6875 -7.6250 -0.25 -0.15 0.29
 182.5000 1.9375 -7.4375 -0.07 -0.04 -0.07
 
 %0
176.8750 5.0000 -2.5000 0.04 0.07 -0.13
 176.8125 5.0000 -2.5000 -0.03 0.12 0.29
 176.7500 5.0000 -2.4375 -0.10 -0.20 0.26
 176.7500 5.0000 -2.5000 -0.03 0.13 0.08
 176.7500 5.0000 -2.6250 -0.03 0.26 0.19
 176.6250 5.0625 -2.5625 0.00 -0.18 -0.19
 176.6250 5.0000 -2.6250 -0.04 0.04 0.20
 176.6875 5.0000 -2.6875 -0.03 0.25 0.21
 176.6250 5.0625 -2.6875 0.19 0.31 -0.36
 176.5000 5.0000 -2.7500 0.15 -0.17 -2.37
 176.3125 4.1250 -3.4375 0.62 -6.68 -4.46
 179.3125 1.0000 -4.8750 0.87 -7.18 0.91
 185.0625 -3.1250 -7.4375 -2.85 -3.68 11.00
 192.1875 -3.6875 -10.6250 -0.83 12.01 9.21
 196.9375 0.2500 -13.0000 -3.87 8.00 6.19
 199.0625 6.9375 -14.5000 -5.26 7.64 -2.81
 198.1875 13.5625 -16.5625 -5.98 5.25 -6.68
 192.8750 19.0000 -15.6875 -6.00 1.85 -9.45
 185.5625 22.1875 -13.4375 -7.53 -4.39 -8.86
 176.6875 22.3125 -9.6250 -3.03 -10.30 -10.06
 171.6875 15.9375 -5.4375 -1.73 -11.62 -1.62
 171.3125 6.8750 -4.6875 -0.34 -5.69 5.56
 172.8750 0.6250 -3.9375 0.71 -3.47 8.25
 176.0000 -2.0625 -4.5625 1.97 4.28 5.66
 177.0625 -2.0000 -5.0625 -0.21 0.45 2.79
 179.1875 -1.3125 -5.5000 0.21 4.06 2.01
 179.4375 0.3750 -5.6250 0.00 0.85 -1.37
 179.8125 1.0000 -5.1875 0.37 0.88 0.18
 
 %0
175.0625 4.4375 -2.3750 0.00 0.02 0.00
 175.0000 4.5000 -2.3750 0.06 -0.02 0.25
 175.0625 4.5625 -2.3125 -0.16 -0.02 0.00
 175.1250 4.4375 -2.3750 -0.03 -0.09 0.28
 175.1875 4.3750 -2.3125 0.10 0.08 -0.09
 175.1250 4.3750 -2.1875 -0.03 0.08 0.33
 175.1250 4.4375 -2.2500 0.11 -0.09 0.01
 175.0625 4.4375 -2.1875 0.00 0.19 0.20
 175.1250 4.5625 -2.3125 0.16 0.35 -0.03
 175.0000 4.5625 -2.3750 0.19 0.93 -0.72
 174.1875 4.5000 -2.8750 -0.48 -4.94 -5.47
 175.0000 2.7500 -4.8750 2.26 -9.18 -0.37
 179.3125 0.4375 -7.2500 -0.94 -9.61 9.01
 188.6250 1.3750 -13.5000 1.53 9.04 11.19
 195.6250 5.4375 -16.9375 -3.66 14.43 3.95
 197.8750 11.1250 -20.8750 -6.51 9.76 -1.93
 196.1875 17.1875 -21.7500 -8.21 5.86 -7.10
 189.5000 23.1875 -20.9375 -7.33 -0.71 -7.19
 182.5625 26.1875 -17.7500 -5.81 -5.02 -7.93
 174.0000 26.3750 -14.9375 -2.60 -7.31 -8.42
 167.7500 21.3125 -12.4375 -0.81 -11.53 -4.67
 168.0000 11.2500 -7.6250 -0.21 -10.94 2.29
 171.8125 2.7500 -4.9375 -0.85 -5.58 9.89
 178.4375 -1.1250 -3.8125 -0.58 6.48 10.72
 181.6250 -0.5000 -5.4375 1.49 8.66 1.46
 181.2500 1.1875 -5.1875 -0.22 1.20 -0.76
 180.6250 1.8125 -4.8750 -0.22 0.91 0.37
 179.8125 2.3750 -5.0625 -0.50 -0.63 0.35
 179.4375 3.1250 -5.1875 0.19 0.55 -0.53
 178.7500 3.5625 -5.0625 -0.47 -0.26 -0.39
 178.0625 4.0000 -4.6250 -0.12 -0.34 -0.36
 
 %0
175.5000 8.0000 -3.5000 -0.10 -0.06 -0.12
 175.7500 7.9375 -3.5000 -0.15 0.07 0.38
 175.9375 7.9375 -3.5000 -0.06 0.39 -0.19
 175.9375 8.0000 -3.4375 -0.10 0.18 -0.18
 175.9375 8.0000 -3.3750 -0.11 0.05 -0.06
 175.9375 7.8750 -3.3750 -0.09 -0.19 0.22
 176.1875 7.8125 -3.5625 0.22 0.57 0.03
 176.1250 7.8750 -3.6875 0.10 0.60 -0.13
 175.6250 8.0625 -3.8750 -0.03 -0.19 -1.20
 175.0625 7.8750 -4.2500 0.43 -1.94 -5.33
 174.5000 6.1250 -8.3125 0.18 -5.94 -4.14
 177.6875 1.0000 -9.6250 -2.02 -6.46 6.38
 183.0625 -1.1250 -14.1875 -1.78 -2.27 9.89
 192.2500 -1.0000 -17.1250 -0.51 6.20 6.79
 201.2500 1.1250 -20.6875 -1.23 9.51 4.85
 206.0000 6.0000 -24.6250 -4.39 10.15 0.67
 206.0000 12.5000 -25.6250 -5.72 5.80 -6.79
 202.6875 17.3750 -24.6875 -7.15 4.48 -7.76
 195.1250 22.8125 -21.7500 -7.12 -1.51 -9.13
 183.8750 27.0625 -15.0625 -6.37 -7.25 -8.53
 175.0625 25.4375 -7.3125 -3.46 -8.40 -9.07
 168.7500 18.6250 -3.6250 -0.73 -11.83 -2.15
 169.4375 9.0625 -1.5000 -2.47 -8.27 8.86
 175.3750 2.3125 -1.0625 0.44 3.08 8.01
 179.1875 -0.1875 -2.2500 1.21 5.15 5.64
 181.2500 -0.1250 -2.3125 1.31 3.14 2.51
 180.4375 1.3750 -1.0625 0.03 -0.60 -2.39
 181.0625 1.6875 -1.6875 -0.24 0.96 0.51
 181.1250 1.8125 -2.1250 -0.53 -0.18 -0.03
 181.0000 1.6875 -2.3125 -0.53 -0.02 0.54
 
 %0
180.6875 9.0625 -4.1250 0.12 0.51 -0.11
 180.3750 8.8750 -4.1250 -0.04 0.12 0.13
 180.0625 8.7500 -4.0000 -0.05 -0.15 0.30
 179.9375 8.7500 -4.0625 0.03 0.09 0.04
 179.8750 8.7500 -4.0625 -0.07 0.02 -0.12
 179.8125 8.8125 -4.1250 -0.02 0.33 -0.06
 179.5625 8.7500 -4.0000 -0.22 -0.19 0.04
 179.5625 8.6875 -4.0000 -0.05 0.37 -0.20
 179.3750 8.6875 -3.9375 0.06 0.26 -1.47
 178.6250 8.5000 -5.2500 -0.17 -4.17 -2.53
 179.5625 6.9375 -7.3125 0.04 -9.58 -0.77
 185.8125 3.8750 -9.5000 1.11 -4.44 8.17
 194.1250 4.0625 -12.0625 -0.54 3.20 9.63
 202.1250 7.5000 -17.5000 -0.74 13.77 4.45
 203.5000 11.5000 -20.4375 -4.59 10.86 -0.62
 201.2500 17.0625 -20.0625 -7.51 6.36 -6.23
 194.4375 22.4375 -17.9375 -8.17 3.17 -7.63
 184.6875 25.8750 -13.5000 -8.32 -4.19 -10.19
 174.8750 24.7500 -7.1250 -5.93 -8.72 -7.78
 168.3750 18.3750 -2.6875 -2.44 -11.51 -2.74
 166.6875 10.8125 -0.8125 -1.74 -12.74 3.24
 171.1875 2.5625 -1.8125 -0.38 -1.90 8.98
 176.9375 -0.3125 -2.6875 0.39 4.32 6.12
 181.3750 0.1875 -3.5000 0.84 6.89 2.91
 182.4375 2.0625 -4.0000 -0.48 1.96 -0.02
 182.5000 3.6250 -4.6250 -0.31 1.67 -0.52
 182.0625 4.6875 -4.6875 -0.25 -0.24 -1.09
 181.3125 5.0625 -4.5000 -0.19 -0.58 -0.70
 181.3125 5.1875 -4.8125 -0.40 0.22 0.29
 181.1250 5.3125 -4.8750 -0.15 -0.19 0.13
 181.0000 5.3750 -4.7500 -0.38 -0.08 0.15
 
 %0
179.5000 6.1250 -3.8125 -0.16 -0.14 0.13
 179.6250 6.0625 -3.8125 0.18 0.44 -0.21
 179.5625 6.0000 -3.8750 -0.07 0.03 0.29
 179.4375 6.0000 -3.8750 -0.18 -0.12 0.15
 179.3750 6.0000 -3.9375 0.01 0.17 0.22
 179.3750 6.0000 -4.0000 -0.14 -0.04 -0.15
 179.5000 6.0000 -4.1250 -0.13 0.25 0.26
 179.5000 6.0625 -4.3125 0.01 0.29 -0.71
 179.3125 5.9375 -4.4375 0.08 -0.07 -2.35
 178.8750 5.6250 -6.1875 -0.47 -6.15 -6.10
 181.0625 3.5625 -10.5000 -0.47 -9.42 -3.32
 187.4375 0.0000 -13.8750 0.17 -0.91 13.66
 193.0000 0.6250 -14.8125 -1.32 2.39 10.97
 201.1875 3.5625 -16.8750 -1.17 10.87 2.66
 204.8125 7.1250 -19.8125 -3.47 13.20 2.75
 202.4375 13.8750 -19.2500 -6.51 7.90 -3.25
 195.4375 22.0000 -17.8125 -8.19 4.56 -7.15
 187.3125 27.0625 -13.3750 -8.46 -2.29 -11.45
 176.7500 29.2500 -7.8125 -6.32 -9.45 -11.44
 169.9375 24.0625 -5.1250 -3.95 -6.95 -5.70
 166.8125 14.8125 -3.7500 -2.40 -7.24 0.40
 166.3125 5.9375 -4.1875 -0.87 -8.12 8.72
 170.4375 -0.1250 -4.0625 0.11 -0.66 9.11
 175.0625 -1.9375 -4.8750 0.25 4.73 6.12
 179.8750 -1.1250 -4.8750 1.00 4.51 -0.23
 181.3750 0.0000 -5.0625 -0.67 1.62 -0.41
 182.1250 0.8750 -5.0000 0.00 1.23 -0.40
 182.0625 1.4375 -4.9375 -0.39 -0.25 0.12
 182.3750 2.0625 -5.1875 -0.35 0.34 0.57
 182.3750 2.8125 -5.2500 -0.15 0.47 -0.48
 182.0625 3.4375 -5.0625 -0.59 -0.26 -0.82
 %8
181.3125 2.3125 0.0000 0.29 0.08 0.00
 181.7500 2.5000 -0.6875 0.37 0.44 0.21
 181.5625 3.5000 -1.7500 0.31 0.08 -0.36
 181.1250 4.3125 -2.5000 -0.05 -0.35 -0.29
 181.0000 4.8750 -2.8750 0.21 0.36 -0.22
 180.4375 4.9375 -2.5625 0.17 0.18 0.48
 180.0000 5.0625 -1.9375 -0.16 -0.43 -0.33
 179.6875 5.1250 -1.7500 0.09 -0.78 -0.54
 179.6875 4.4375 -2.0625 0.21 0.24 0.08
 179.6250 4.5000 -2.3750 -0.55 -0.66 0.35
 179.7500 4.7500 -2.3125 -0.35 -0.44 0.06
 180.4375 5.0625 -2.7500 0.16 0.23 -0.11
 180.8125 5.4375 -3.2500 -0.52 -0.85 0.15
 182.0000 5.6250 -3.5000 -0.30 -0.93 -1.06
 183.0625 5.4375 -3.6250 -1.38 -4.52 -2.06
 185.8125 4.2500 -4.1875 -0.17 -2.91 0.37
 190.2500 2.8125 -4.4375 -0.24 -4.21 4.26
 196.0000 2.1875 -4.1250 1.68 3.59 6.22
 200.6875 4.9375 -5.9375 1.31 8.46 4.26
 201.5625 9.5625 -5.6250 -0.82 7.22 1.08
 199.5000 13.8750 -3.8750 -2.19 5.59 -3.46
 195.0625 17.1875 0.6250 -3.84 4.72 -6.08
 188.4375 16.8750 6.1250 -2.66 2.20 -5.35
 181.1250 13.1250 10.3750 -0.42 -1.58 3.95
 172.3125 10.6875 14.2500 -0.98 -10.35 4.18
 168.5000 12.2500 14.5625 -2.61 -12.48 3.92
 171.9375 16.1875 15.6875 -3.06 -7.11 -1.05
 181.6250 20.1250 21.8750 -3.57 -3.35 -7.86
 190.5625 21.6250 20.1250 -5.16 1.79 -7.83
 199.4375 19.6250 6.6250 -3.79 6.84 -3.02
 205.4375 16.1250 0.1250 -3.03 9.19 -0.95
 207.1250 12.2500 -0.1875 -2.94 8.24 1.60
 203.7500 10.1250 -3.6250 -0.83 9.16 5.50
 197.1875 9.4375 -3.5000 -1.64 5.40 4.72
 189.1875 11.0000 -3.5625 -2.40 -2.80 -0.16
 180.9375 11.6250 -1.6875 -1.51 -4.95 -5.17
 175.6250 9.6875 -5.0000 -2.96 -6.45 -0.85
 173.6250 5.4375 -4.7500 0.68 -7.81 -2.20
 174.4375 0.1875 -6.1250 -0.57 -6.89 5.91
 178.2500 -3.3125 -5.5000 -0.29 -2.14 8.06
 183.6875 -4.3125 -2.8750 0.19 4.15 4.78
 187.9375 -2.7500 -0.9375 0.71 4.60 0.32
 189.6250 -0.4375 1.6250 -0.10 3.92 -2.17
 190.1875 0.6875 1.7500 0.07 1.59 -0.94
 190.0625 1.2500 2.2500 0.37 0.46 -0.95
 190.1250 0.6250 1.5625 0.19 -0.14 0.14
 189.5625 0.6875 0.9375 -0.16 -0.81 0.46
 189.8125 0.8125 0.3750 0.39 1.47 0.49
 189.7500 1.1875 0.1875 -0.29 -0.14 0.36
 189.8125 1.3750 0.4375 0.40 0.29 -0.06
 
 %8
187.0000 2.0000 -5.8750 0.16 0.21 -0.03
 186.9375 2.2500 -5.9375 -0.02 -0.03 0.00
 186.9375 2.3125 -5.9375 0.12 0.05 -0.02
 186.8750 2.3750 -5.8750 0.06 -0.07 -0.28
 186.7500 2.4375 -5.9375 0.21 0.20 -0.31
 186.6875 2.5000 -5.7500 0.18 0.20 -0.11
 186.6250 2.5000 -5.6875 0.14 0.36 -0.15
 186.5625 2.0625 -5.6250 -0.04 -0.20 -0.76
 186.7500 1.3750 -5.4375 -0.03 -0.74 -0.65
 187.8125 0.5000 -3.8125 0.38 -4.68 -1.15
 190.8125 -1.3125 -3.0000 -0.12 -5.91 3.79
 196.8750 -1.7500 -4.0625 0.52 -0.95 8.18
 202.5625 0.0000 -4.1250 -0.54 4.91 4.56
 207.6250 5.1250 -6.5000 -0.32 11.28 4.11
 206.4375 12.2500 -1.1250 -4.31 6.30 -5.37
 202.4375 17.5625 2.6250 -4.13 7.30 -8.84
 195.3750 16.6250 10.6250 -3.44 3.49 -6.78
 186.6250 12.2500 17.7500 -2.72 -2.09 0.44
 178.8750 9.1875 23.2500 -0.29 -9.78 4.42
 172.8125 9.1875 29.6875 -1.79 -14.20 1.29
 173.5625 13.5000 29.6875 -1.49 -8.29 -1.23
 179.0625 19.5625 31.0000 -3.01 -4.51 -3.98
 190.3750 25.0000 46.4375 -7.48 -0.31 -13.91
 202.2500 25.6875 34.2500 -7.31 7.40 -7.12
 209.6875 21.5625 22.2500 -4.30 9.92 -1.07
 212.1875 16.0000 14.9375 -5.41 7.85 3.99
 211.1875 11.5000 6.7500 -1.74 10.49 9.47
 204.7500 11.5000 4.1875 -0.98 5.40 5.22
 196.6875 13.1250 4.8750 -1.82 3.10 4.40
 188.6250 14.6875 10.1875 -1.12 -2.31 -5.08
 182.4375 14.5000 9.1250 -1.75 -6.32 -3.14
 178.1250 12.4375 9.3125 -1.53 -6.55 -3.20
 177.2500 9.1250 7.3750 0.69 -5.78 -5.83
 178.6875 3.2500 5.9375 -0.31 -7.97 2.43
 183.6875 -0.8750 3.7500 -0.43 -1.50 4.71
 188.8750 -2.7500 4.1250 -0.84 3.57 4.19
 194.3125 -2.8750 5.2500 -0.24 5.74 2.43
 196.5000 -1.9375 5.1875 0.20 4.95 1.49
 196.4375 -1.1250 6.6250 0.03 2.17 0.02
 195.6875 -0.3750 8.8750 0.15 0.31 0.12
 194.6250 0.0000 7.7500 -0.79 -0.17 0.10
 195.0625 0.0000 8.0625 0.64 1.76 0.28
 
 %8
182.5000 0.3125 0.1875 0.25 0.50 0.15
 182.3750 0.3750 0.4375 -0.18 -0.13 0.06
 182.6875 0.3750 0.2500 0.37 0.67 -0.03
 182.6250 0.4375 -0.0625 -0.09 -0.09 -0.43
 182.6250 0.3750 -0.1875 0.09 0.22 0.30
 182.6250 0.4375 -0.5000 0.11 0.17 0.18
 182.6250 0.5000 -0.7500 0.21 0.47 -0.09
 182.5000 0.5625 -0.6250 0.02 0.14 -0.65
 182.5625 0.5000 -0.3125 -0.26 -1.81 -2.00
 183.6250 -0.0625 -0.8750 0.03 -2.16 0.47
 185.9375 -0.6250 -1.9375 -0.73 -3.52 2.62
 190.6250 -0.2500 -4.4375 0.23 -0.94 5.69
 196.2500 1.2500 -3.4375 0.03 0.94 3.10
 200.3125 4.3750 -4.8750 1.53 9.34 2.37
 201.3125 8.6250 -2.8750 -1.17 7.47 -2.23
 199.0625 11.4375 2.3750 -1.56 8.44 -2.33
 192.6875 11.8125 9.0625 -1.30 2.55 -2.40
 185.1875 10.1250 16.8750 -2.25 -3.85 1.66
 178.8750 10.8125 21.9375 -2.23 -9.74 -0.88
 177.2500 13.0000 21.1250 -1.03 -6.32 0.92
 179.1250 16.1875 21.5625 -1.09 -5.07 -2.57
 183.4375 19.6250 19.1875 -2.22 -3.00 -4.60
 190.5625 21.6875 15.8750 -2.45 -0.71 -3.83
 198.8750 22.2500 13.1875 -4.54 0.45 -6.85
 206.6875 20.1250 7.6250 -4.09 6.13 -3.14
 211.7500 15.6250 4.5000 -2.35 8.44 -0.43
 212.3125 11.4375 2.0625 -1.43 10.07 2.94
 207.8750 6.9375 -2.7500 -0.92 7.49 5.74
 199.6250 5.7500 0.1875 -2.15 1.08 2.72
 190.5000 5.9375 3.0000 -1.88 -5.54 -3.20
 185.3750 5.0625 3.5000 -0.51 -5.32 -4.51
 181.6250 2.1875 2.5000 -1.40 -7.01 -2.64
 181.3750 -2.3125 2.0000 -1.41 -5.61 1.28
 183.2500 -6.0000 -1.5625 0.47 -2.78 4.66
 187.0000 -8.0000 -0.3125 0.31 0.02 5.23
 190.3750 -7.6875 0.3125 -0.38 2.18 3.45
 192.8750 -6.3125 0.5000 0.62 4.77 1.02
 194.0000 -4.3125 0.8750 -1.30 1.57 -0.88
 194.8125 -3.4375 1.5625 -0.08 1.58 0.41
 194.3750 -3.3750 2.1250 -0.05 0.74 0.47
 193.2500 -2.8750 2.4375 -0.16 -0.50 -0.01
 
 %8
189.3750 -0.7500 -1.8750 0.05 0.18 -0.05
 189.2500 -0.7500 -1.4375 0.03 0.09 0.08
 189.0000 -0.6875 -0.5625 -0.10 -0.21 0.02
 189.0000 -0.5625 -0.6875 0.00 0.16 0.25
 188.9375 -0.5000 -0.7500 -0.01 0.02 0.07
 188.9375 -0.4375 -0.8750 0.17 0.05 -0.17
 189.0625 -0.4375 -1.5000 0.08 0.10 0.34
 189.3125 -0.1875 -1.5625 -0.31 -1.07 -0.39
 190.2500 -0.0625 -2.2500 -0.02 -1.62 -1.08
 192.0625 -0.8125 -2.8125 -0.95 -4.80 -0.30
 196.5625 -2.0625 -4.5000 1.96 -3.08 4.58
 202.0000 -1.0000 -6.2500 0.54 0.58 6.58
 206.8125 1.7500 -6.5000 -0.30 7.70 6.47
 209.1875 7.6875 -5.2500 -3.56 10.07 -0.61
 208.3125 12.3125 2.8125 -3.68 8.83 -8.37
 203.3750 13.3125 8.1250 -3.36 6.62 -3.26
 195.4375 11.1250 15.5000 -3.12 -0.12 1.44
 186.8750 10.0625 21.8750 -0.41 -7.76 1.26
 181.5625 11.5000 24.5000 -0.56 -11.40 -1.48
 181.5625 14.5625 28.3750 -0.95 -8.51 -4.80
 185.0625 18.8125 26.3750 -2.60 -6.80 -5.61
 193.1250 22.0000 22.5000 -3.79 -0.95 -3.78
 202.7500 22.8125 16.6250 -4.14 4.17 -4.35
 210.8750 20.3750 12.3125 -4.15 7.54 -1.57
 215.3750 16.1875 6.9375 -2.72 10.92 0.38
 215.4375 12.1250 3.1250 -1.18 8.67 2.38
 210.0000 8.4375 0.5000 -2.58 3.51 4.68
 202.8750 6.7500 -3.3750 -2.22 2.16 3.78
 195.0625 6.9375 -0.8750 -2.68 -2.36 -1.59
 189.1250 6.8750 -0.6875 -1.97 -3.28 -3.51
 183.5000 5.6250 -1.0625 -0.06 -4.89 -4.15
 180.1875 2.1250 -0.5625 0.24 -6.29 -0.29
 179.5000 -2.0625 1.7500 -1.46 -8.24 1.30
 181.4375 -5.8125 0.5000 0.18 -2.63 6.04
 185.6250 -6.6875 0.3750 -0.89 -0.59 2.63
 189.3750 -5.8125 -0.3125 0.18 4.74 1.41
 191.7500 -4.0000 -0.1250 -0.07 2.44 -1.51
 193.8125 -3.5000 -0.7500 0.44 3.49 1.24
 193.5625 -3.6250 -0.5625 -0.24 0.17 0.20
 193.5000 -3.5000 -0.3125 0.10 0.77 0.65
 192.9375 -2.9375 0.3750 -0.51 -0.74 0.04
 193.1250 -2.9375 1.3125 0.33 0.92 0.57
 192.8125 -2.6250 2.3125 -0.62 -0.54 0.65
 
 %8
193.1875 1.3125 -7.3125 -0.13 0.00 0.11
 193.2500 1.1875 -7.5000 -0.04 0.12 0.24
 193.2500 1.3125 -7.5000 0.06 0.27 0.06
 193.1875 1.3125 -7.5000 0.07 0.47 0.22
 193.0000 1.3125 -7.5000 -0.03 0.14 0.29
 193.0625 1.3750 -7.6875 -0.05 -0.21 -0.09
 193.1250 1.4375 -7.8125 -0.01 0.17 -0.18
 193.1250 1.3750 -7.9375 0.07 0.02 -0.56
 193.0625 1.0000 -8.3125 -0.09 -1.61 -1.90
 193.3125 0.0000 -8.8750 -0.75 -8.62 -1.51
 197.1250 -2.6875 -10.1250 1.64 -0.75 4.15
 201.5625 -4.3125 -14.3125 -0.97 2.08 9.02
 206.3125 -1.3125 -13.8125 -0.09 7.34 3.71
 208.1875 4.1250 -13.1250 -1.52 8.50 -1.32
 206.8750 8.3750 -10.0000 -3.50 5.97 -6.41
 201.7500 11.3125 -7.2500 -3.54 4.40 -6.51
 195.3750 7.9375 -2.2500 -1.53 2.94 -0.51
 187.7500 5.1250 5.1875 -1.51 -5.04 1.62
 180.3125 4.7500 11.1875 0.09 -10.23 0.55
 177.3125 5.7500 13.1250 -1.83 -10.22 2.54
 179.4375 8.3125 13.8750 -2.19 -7.14 -0.50
 184.4375 12.8125 12.3125 -2.93 -4.00 -3.97
 192.6875 15.3125 8.1250 -4.78 -0.89 -4.74
 203.3125 15.5625 1.7500 -5.82 4.77 -5.52
 212.5000 10.6250 -4.3750 -2.00 12.45 -4.16
 214.4375 6.8750 -7.5000 -1.64 9.63 0.09
 211.6875 2.9375 -10.5000 -1.48 7.77 4.30
 204.2500 1.8125 -10.8125 -1.93 3.02 3.14
 195.8750 2.3125 -9.9375 0.39 -0.35 -1.67
 188.1875 1.6250 -7.4375 -2.39 -6.23 -2.52
 183.8750 0.0000 -5.6875 0.06 -5.55 -3.25
 181.8750 -3.1875 -4.3125 0.07 -6.81 0.17
 182.5625 -6.8750 -3.0000 -0.13 -6.87 3.77
 185.7500 -9.1250 -2.1875 -1.52 -4.19 5.31
 191.5625 -9.1875 -2.7500 -0.45 4.46 2.78
 195.4375 -7.8125 -3.5625 0.63 7.47 0.17
 197.4375 -7.3750 -5.1875 0.21 3.39 -0.29
 196.8750 -6.5625 -4.8750 0.37 0.78 0.43
 195.8750 -6.3750 -5.3750 0.18 0.22 0.03
 
 %8
193.0000 -2.1250 -6.0625 0.00 -0.07 0.26
 193.1250 -2.1250 -6.1250 0.05 0.24 0.04
 193.1250 -2.0625 -6.0625 0.05 -0.11 -0.21
 193.1250 -2.0000 -6.1250 0.00 0.10 0.33
 193.2500 -2.0625 -6.1875 0.26 0.22 -0.17
 193.1875 -1.9375 -6.2500 -0.24 -0.36 0.14
 193.2500 -2.0000 -6.2500 0.15 -0.07 -0.08
 193.3750 -1.8750 -6.8125 0.15 -0.01 -0.70
 193.3750 -2.2500 -7.1250 0.09 -2.55 -2.03
 193.8750 -3.9375 -7.2500 -0.39 -8.43 1.64
 198.8750 -6.7500 -7.2500 0.42 -3.76 8.39
 206.4375 -6.5625 -7.3750 -1.55 1.48 7.76
 212.6875 -2.1875 -9.2500 -0.87 12.14 -1.17
 215.1250 3.9375 -8.3125 -2.56 8.74 -9.51
 210.8125 6.8750 -5.1875 -3.75 9.89 -5.22
 201.7500 7.0625 -1.0625 -2.74 3.45 -0.57
 191.0625 5.0625 7.1875 -1.82 -4.50 5.63
 182.9375 5.5625 14.0625 -1.49 -11.79 1.61
 178.6250 9.2500 18.3750 -2.03 -11.37 -1.04
 179.6875 14.4375 18.9375 -2.69 -8.77 -5.68
 187.6250 18.5000 14.3750 -6.08 -2.69 -8.42
 200.8125 17.0000 6.3750 -4.57 4.89 -6.67
 212.1250 13.2500 -3.1875 -4.97 11.69 -5.35
 217.6250 7.6875 -8.5000 -1.87 14.38 -0.48
 213.2500 4.3750 -11.8125 -1.92 9.01 1.51
 205.5000 3.6875 -15.8125 -1.65 5.10 3.63
 194.9375 4.6250 -13.5000 -0.96 -0.24 2.10
 184.2500 6.5000 -12.0625 -3.61 -8.78 -2.86
 178.8125 5.3750 -12.3125 -1.08 -8.51 -1.98
 178.1250 1.0000 -10.8125 -0.72 -9.05 -1.44
 181.0000 -3.8750 -9.7500 0.11 -3.62 5.52
 186.0000 -8.1250 -6.9375 -1.30 -2.24 4.26
 192.3125 -8.7500 -6.0000 -0.83 5.84 2.78
 196.6250 -7.9375 -4.6250 0.64 6.48 0.58
 196.9375 -6.3125 -4.3125 0.45 2.74 -0.87
 196.3125 -5.6250 -4.0000 -0.35 -0.07 -0.44
 196.2500 -5.4375 -4.2500 0.21 0.36 -0.85
 
 %8
193.0000 -3.3750 -5.6250 0.00 -0.06 0.23
 193.0000 -3.3750 -5.6250 0.13 -0.05 -0.19
 193.0000 -3.3750 -5.6875 0.15 0.22 0.16
 192.9375 -3.2500 -5.6250 0.07 -0.09 -0.10
 192.9375 -3.2500 -5.5625 0.11 0.26 0.13
 192.8750 -3.1875 -5.5625 -0.11 -0.21 -0.04
 193.0625 -3.1875 -5.6875 0.24 0.38 -0.54
 193.0000 -3.3125 -5.8750 0.33 -0.45 -0.91
 192.9375 -3.8125 -7.2500 0.59 -3.31 -0.29
 194.6250 -4.8125 -10.8750 0.69 -5.96 4.01
 200.0000 -6.1875 -11.8125 -1.45 -1.90 8.87
 209.4375 -4.6250 -12.2500 0.79 12.37 5.51
 211.3750 1.6250 -10.9375 -2.13 12.57 -0.28
 207.2500 8.3750 -5.1250 -3.99 8.16 -9.18
 198.3750 10.2500 0.0000 -2.44 5.26 -5.87
 189.6250 7.5000 7.7500 -2.65 -1.86 3.77
 177.1250 5.9375 19.9375 -6.01 -17.28 -1.23
 172.8125 9.9375 24.1875 -1.68 -9.67 -1.55
 175.1250 15.1875 25.9375 -3.44 -8.28 -4.35
 181.8125 20.7500 22.6875 -4.92 -1.21 -6.04
 191.0625 23.3750 16.6250 -4.44 2.86 -4.11
 201.5625 23.5000 8.3125 -6.66 5.25 -5.58
 211.0625 18.9375 -1.6250 -1.79 8.47 -5.12
 214.8125 13.5000 -5.8750 -1.85 11.30 1.50
 210.6250 9.6250 -9.3750 -2.58 8.37 2.85
 200.0000 9.8750 -11.0625 -2.76 2.81 3.39
 191.9375 10.3125 -5.6875 -0.89 -3.43 -3.71
 183.9375 9.5000 -2.0000 -3.86 -9.79 -3.10
 180.7500 6.1250 -1.4375 -0.94 -6.44 -2.84
 181.5625 1.0000 -2.2500 0.07 -5.16 0.95
 184.1875 -4.0000 -3.1875 -0.27 -3.96 6.88
 188.1875 -6.1250 -3.0625 0.00 -0.60 4.47
 191.8125 -6.1250 -3.6875 -0.40 3.88 2.48
 195.5000 -5.0625 -2.8125 0.10 3.20 -3.12
 197.3125 -4.9375 -5.1250 0.83 3.20 0.45
 196.5625 -5.0000 -4.5625 -0.18 -0.15 -0.12
 196.0000 -4.7500 -5.0625 -0.16 0.04 0.69
 
 %8
193.8750 -2.6875 -5.9375 -0.11 -0.19 -0.10
 193.9375 -2.6875 -5.9375 -0.02 0.11 0.09
 194.0000 -2.6250 -5.9375 0.13 0.20 -0.07
 193.9375 -2.5625 -6.0000 -0.08 0.14 0.19
 193.8125 -2.4375 -5.9375 -0.09 -0.27 -0.14
 193.7500 -2.3125 -6.0000 -0.05 -0.10 -0.09
 193.8125 -2.3125 -6.0625 0.12 0.21 -0.23
 193.8125 -2.3125 -6.3750 0.16 -1.18 -1.34
 193.9375 -2.8750 -7.1250 0.09 -3.14 -0.98
 195.6875 -4.5000 -8.3125 0.56 -5.43 3.05
 199.8750 -6.1875 -10.6875 -1.22 -3.90 7.21
 207.7500 -5.6875 -10.9375 -0.99 5.10 6.86
 213.8750 -0.8125 -13.3750 0.61 17.35 2.92
 211.1875 6.8750 -10.4375 -4.13 5.99 -6.35
 205.3750 12.8125 -5.8750 -3.10 5.96 -10.66
 197.6875 11.5625 -0.1875 -2.09 4.70 -3.87
 187.0625 8.7500 9.8125 -4.39 -5.86 6.58
 176.8750 9.6875 19.0625 -3.00 -15.31 1.65
 174.9375 13.5000 23.2500 -3.16 -12.09 -2.86
 179.2500 19.4375 23.5000 -4.09 -7.42 -8.60
 188.8750 24.0000 19.0000 -5.98 -1.47 -6.38
 202.6250 23.5625 9.6250 -6.54 4.15 -7.49
 213.9375 18.1875 2.0625 -3.47 9.25 -5.73
 218.1250 12.2500 -5.1250 -0.75 17.68 4.26
 214.7500 8.8750 -4.3125 -1.44 6.77 -0.99
 204.5625 6.4375 -5.8750 -5.52 0.50 4.23
 194.4375 5.3125 -4.5625 -2.27 -1.48 0.17
 185.0625 4.2500 -1.1875 -1.61 -7.78 -3.17
 179.6875 2.0625 -0.0625 -0.27 -8.25 -3.63
 178.0625 -0.9375 0.2500 -1.56 -11.69 -2.05
 181.3125 -6.0625 0.2500 -0.21 -5.86 2.06
 187.6875 -10.4375 -1.7500 -2.44 3.46 8.07
 194.3125 -10.0625 -2.6875 1.54 9.80 3.27
 196.5000 -8.2500 -1.9375 0.10 3.11 -0.28
 197.1250 -7.3750 -2.7500 -0.02 0.77 0.64
 197.5625 -7.0000 -3.5625 0.51 1.75 0.05
 197.8125 -7.0000 -3.9375 0.29 0.33 0.52
 
 %8
194.4375 -4.1250 -6.2500 0.04 -0.05 0.17
 194.5000 -4.0000 -6.1875 0.19 0.12 -0.33
 194.5625 -4.0000 -6.1875 0.01 0.01 0.28
 194.5625 -3.8750 -6.2500 0.29 0.24 -0.56
 194.3750 -3.8750 -6.2500 -0.10 -0.39 0.23
 194.3750 -3.8125 -6.3125 0.06 -0.14 -0.33
 194.5000 -3.9375 -6.3750 0.11 0.22 -0.22
 194.3750 -4.0625 -6.5625 0.36 -0.94 -1.83
 194.3125 -4.9375 -7.3750 0.24 -5.13 -0.44
 197.1875 -7.9375 -7.7500 1.69 -4.71 5.68
 202.2500 -9.2500 -9.4375 -2.07 -0.91 11.56
 208.4375 -7.1250 -9.8125 0.33 11.21 3.23
 211.0000 -0.8750 -10.3750 -1.77 10.70 -4.66
 208.7500 4.6250 -7.6875 -1.95 7.64 -11.56
 202.1875 4.9375 -5.3125 -2.62 5.48 -3.61
 191.8750 2.8750 0.6875 -3.63 -2.63 7.59
 181.1250 3.4375 9.8125 -4.01 -11.20 6.60
 175.8750 7.5625 15.0625 -2.53 -10.71 -1.42
 175.7500 14.0625 18.7500 -2.45 -10.42 -4.03
 182.3125 18.9375 18.8750 -4.46 -3.02 -7.22
 194.6875 19.8750 15.7500 -5.04 -1.32 -11.58
 208.0000 15.6250 6.7500 -2.97 12.00 -7.98
 212.7500 12.7500 -3.3125 -6.31 14.16 0.58
 212.8125 5.6250 -7.2500 -3.44 14.04 4.70
 203.7500 3.7500 -8.1875 -3.95 4.96 5.49
 193.1875 4.7500 -5.5000 -3.66 -2.17 -1.85
 183.9375 5.0625 -1.6250 -1.39 -5.49 -3.16
 177.5625 3.3125 2.0000 -1.44 -10.12 -3.70
 175.8750 0.7500 3.1250 0.15 -9.67 -0.79
 178.6250 -3.8750 3.6875 -0.19 -7.66 3.66
 185.0000 -7.2500 1.8750 -1.31 -0.19 6.38
 192.8750 -7.2500 1.3750 0.10 7.25 1.81
 197.7500 -7.5625 0.5000 0.01 7.24 0.79
 199.2500 -7.3125 -1.3125 0.12 3.28 0.26
 198.6875 -7.7500 -0.9375 -0.02 0.74 0.58
 198.5000 -7.5625 -1.4375 0.27 0.37 -0.02
 
 %8
194.5625 -4.5000 -4.4375 0.02 0.23 -0.12
 194.6875 -4.5000 -4.5000 0.07 0.43 0.03
 194.5000 -4.5000 -4.5625 -0.01 -0.05 0.10
 194.3750 -4.5000 -4.5000 0.12 0.18 -0.41
 194.5000 -4.5000 -4.6250 0.00 0.10 -0.05
 194.5000 -4.5000 -4.6875 0.07 0.05 -0.06
 194.4375 -4.4375 -4.6875 -0.03 0.00 0.20
 194.5625 -4.4375 -4.7500 0.00 -0.07 -0.49
 194.6875 -4.6250 -4.7500 -0.10 -0.25 -1.00
 195.2500 -5.2500 -5.3125 0.14 -0.66 -0.92
 196.5000 -6.5625 -5.9375 0.47 -1.92 0.14
 199.0625 -8.4375 -6.4375 1.33 -4.33 6.91
 204.6250 -7.5000 -5.8125 -3.18 0.30 11.37
 210.9375 -1.4375 -5.3125 -0.43 10.37 -4.43
 212.0000 4.9375 -5.5625 -1.51 9.71 -8.81
 206.6875 8.5000 -4.4375 -5.18 9.46 -2.24
 197.1250 10.2500 1.4375 -2.14 1.58 -4.63
 189.0625 8.4375 7.8750 -2.26 -2.30 4.82
 179.7500 7.1875 16.9375 -1.84 -12.69 3.20
 174.8125 10.1875 21.6875 -2.29 -14.47 -3.40
 179.6875 15.9375 19.7500 -2.82 -8.05 -5.97
 189.8125 20.2500 15.2500 -7.53 -6.98 -10.11
 205.7500 19.1250 3.5000 -4.89 11.10 -5.82
 216.3750 14.2500 -4.2500 -9.08 11.00 1.50
 222.0000 9.5625 -9.0000 -3.57 13.34 1.11
 219.1250 7.3750 -11.1250 -4.00 10.10 4.21
 208.4375 8.8750 -11.0625 -1.50 4.21 0.47
 196.6250 9.7500 -5.7500 -2.34 -4.81 -1.74
 186.1250 8.8750 -0.3750 -2.31 -8.59 -3.56
 180.6250 6.5625 1.3750 0.41 -7.88 -4.62
 179.9375 2.6875 2.1250 -0.15 -6.31 1.01
 182.0625 -2.0625 2.2500 0.01 -6.22 3.02
 187.1250 -5.0625 1.4375 -0.62 0.50 5.23
 192.7500 -5.0625 -0.1250 -0.88 4.88 1.35
 196.1875 -5.0000 -0.9375 -0.28 4.60 0.81
 197.1875 -4.5625 -1.7500 0.21 3.21 -0.63
 197.1250 -4.6250 -2.0000 -0.31 -0.22 0.09
 197.0000 -4.6250 -2.4375 0.02 0.56 0.15
 
 %8
194.5000 -3.8125 -4.4375 -0.07 0.00 0.07
 194.5625 -3.6250 -4.5000 -0.06 0.04 0.03
 194.5625 -3.5625 -4.5000 0.12 0.20 -0.26
 194.5625 -3.6250 -4.5625 -0.13 -0.10 0.08
 194.6250 -3.6250 -4.5000 0.02 0.15 -0.01
 194.5000 -3.6875 -4.5000 -0.22 -0.04 0.44
 194.5000 -3.5625 -4.5000 0.02 0.25 -0.37
 194.4375 -3.5625 -4.5625 -0.05 0.11 -0.19
 194.3750 -3.6250 -4.5000 0.12 0.11 -0.56
 194.1875 -3.9375 -5.0000 0.12 -0.41 -2.45
 194.3125 -5.1875 -7.4375 -0.12 -4.62 2.07
 198.2500 -10.0000 -9.7500 -0.66 -6.46 4.05
 205.3750 -11.8750 -13.0625 -1.51 -2.01 10.20
 214.4375 -9.1875 -14.0625 -1.14 9.56 2.86
 219.4375 -2.4375 -14.3750 -1.28 12.24 -5.65
 215.5000 2.8125 -8.6875 -3.45 8.85 -6.52
 208.1875 5.5625 -3.6875 -4.38 4.18 -6.98
 197.2500 5.0000 7.1250 -2.85 5.23 2.22
 183.6875 4.8125 20.0625 -2.69 -10.96 -0.81
 174.8750 6.9375 27.5000 -3.70 -13.51 -0.20
 174.1875 12.5625 30.3750 -2.27 -8.81 -4.55
 180.4375 18.5625 28.7500 -4.65 -6.67 -3.69
 190.2500 23.1875 23.5625 -4.92 -3.16 -7.16
 205.3750 24.5625 12.6250 -7.59 4.22 -5.58
 218.8125 18.8750 1.3750 -2.71 14.44 -4.79
 222.2500 13.2500 -5.5000 -2.64 12.41 -1.98
 216.6250 8.5625 -8.6875 -3.13 6.60 2.44
 207.8125 6.9375 -9.6875 -2.43 0.46 2.56
 198.4375 5.5625 -7.0000 -2.52 -3.35 -1.06
 190.6875 4.1875 -3.1875 -2.58 -7.20 -2.19
 186.6250 2.0000 -0.8125 -0.27 -8.43 -3.43
 186.1250 -1.5000 -0.1875 0.60 -5.33 1.94
 187.8750 -4.8750 -0.3125 -1.24 -7.04 3.54
 193.1250 -6.5625 -1.1875 0.81 2.45 3.65
 198.3125 -6.6250 -1.5625 -0.16 8.06 2.84
 200.3750 -5.5000 -3.4375 0.27 4.57 -0.60
 200.0000 -4.7500 -4.2500 -0.01 0.82 -0.71
 199.9375 -4.9375 -4.1875 0.11 0.18 0.10
 199.3125 -4.9375 -4.8750 0.13 -0.05 0.69
 198.5625 -4.7500 -4.7500 0.08 -0.01 0.49
 197.7500 -4.2500 -4.7500 0.03 -0.25 -0.03
 
 %8
195.0625 -3.2500 -5.1875 -0.03 -0.12 0.24
 195.1250 -3.2500 -5.2500 0.13 0.19 0.00
 195.1250 -3.3125 -5.2500 -0.05 -0.05 0.16
 195.1250 -3.3125 -5.2500 0.00 -0.09 0.16
 195.1250 -3.3125 -5.3125 0.01 -0.03 0.03
 195.1250 -3.3750 -5.3125 0.07 0.01 -0.25
 195.1250 -3.4375 -5.3125 -0.06 -0.10 -0.15
 195.1875 -3.5625 -5.5000 0.25 -0.12 -0.58
 195.1875 -3.9375 -5.7500 0.00 -1.01 -1.51
 195.5000 -5.0625 -6.1875 -0.08 -3.62 -0.43
 197.9375 -7.3750 -7.0000 0.86 -3.87 3.69
 202.0000 -8.8750 -8.4375 -1.31 -1.11 8.43
 207.3750 -6.4375 -8.5625 -0.77 3.31 3.24
 210.8750 -2.4375 -9.2500 -0.28 11.09 0.25
 210.1250 4.0000 -6.5000 -2.34 5.67 -3.00
 206.0625 8.7500 -2.6250 -3.13 4.86 -4.20
 199.6875 11.3750 1.0625 -1.63 2.33 -2.69
 192.8750 10.1250 11.3750 -1.66 -2.85 6.06
 186.3750 11.3125 19.9375 -2.45 -14.50 -0.15
 184.3750 16.7500 20.8750 -2.57 -10.39 -4.31
 189.9375 22.4375 18.1875 -2.96 -4.44 -6.57
 198.5000 25.3750 12.4375 -4.79 -0.10 -4.91
 208.5000 24.1250 4.8125 -4.96 0.37 -6.73
 218.6250 18.7500 -3.8125 -4.56 12.33 -1.20
 223.0000 12.5625 -6.8750 -3.15 8.34 -3.83
 220.4375 7.3125 -10.8125 -4.28 7.46 3.80
 210.1250 4.9375 -10.9375 -4.15 5.57 7.75
 198.6875 5.7500 -5.2500 -2.14 -1.88 -0.14
 186.8750 5.7500 -1.1250 -3.33 -7.74 -0.67
 179.3750 4.4375 0.4375 -0.93 -10.92 -5.15
 178.5625 1.3125 -0.6250 -0.28 -7.36 -2.40
 181.0000 -3.6875 -2.5625 -1.44 -5.45 5.33
 186.4375 -7.5000 -4.6250 -0.62 0.45 6.02
 192.3750 -7.8125 -5.5625 0.66 4.73 1.43
 195.3125 -6.5625 -4.8125 0.13 3.67 0.02
 196.8750 -5.2500 -6.3125 0.61 1.90 -1.64
 197.4375 -5.2500 -7.1250 0.07 0.71 0.29
 198.0000 -5.4375 -7.8125 -0.09 -0.37 0.29
 198.3125 -5.8125 -7.7500 0.27 0.80 0.23
 
 %8
192.2500 -4.0625 -5.1875 -0.01 0.01 -0.21
 192.1250 -4.0000 -5.1875 -0.05 -0.19 0.10
 192.0625 -4.0000 -5.2500 0.06 -0.09 0.09
 192.0625 -4.0000 -5.1875 0.17 0.22 -0.10
 191.9375 -4.0000 -5.2500 -0.01 -0.19 0.02
 191.8125 -4.0625 -5.1875 -0.11 -0.45 0.34
 191.9375 -3.9375 -5.1875 0.12 -0.10 -0.46
 191.9375 -3.9375 -5.2500 -0.03 -0.09 0.00
 192.0000 -3.9375 -5.3125 0.02 -0.24 -0.92
 191.9375 -4.3750 -5.8125 -0.11 -3.54 -1.92
 193.2500 -5.9375 -8.5625 0.60 -5.98 2.05
 198.1250 -8.4375 -9.8750 -0.62 -4.91 8.75
 205.1250 -8.0000 -10.3750 -2.32 3.46 4.30
 213.3750 -4.0000 -12.0625 -0.16 17.92 -1.30
 210.3750 3.8125 -8.0000 -4.77 5.64 -7.98
 203.3125 10.1250 -4.0625 -4.10 5.81 -6.43
 193.1250 10.8125 2.0625 -1.72 -0.22 -2.01
 183.6875 8.4375 13.7500 -2.51 -8.76 8.96
 176.3125 11.3125 22.1875 -2.57 -14.86 -0.40
 176.7500 16.5625 25.3750 -2.80 -9.99 -6.28
 183.9375 23.1250 23.6250 -4.58 -3.15 -9.42
 194.9375 26.1250 17.1875 -8.11 1.16 -5.76
 208.3125 24.2500 6.0625 -8.71 5.88 -4.26
 217.1250 18.8125 -3.8750 -1.00 21.15 0.38
 211.2500 14.7500 -7.6875 -3.76 10.33 1.49
 200.4375 11.5625 -8.1875 -4.48 5.29 2.89
 191.0000 9.4375 -2.2500 -2.61 -1.04 0.48
 179.1250 7.3125 3.0000 -3.17 -11.89 -1.97
 174.0000 4.0000 2.8125 -1.63 -10.58 -2.46
 175.8125 -1.0000 1.0625 0.36 -6.68 -0.43
 180.1875 -5.9375 0.9375 -1.40 -5.47 4.84
 185.8750 -8.2500 0.0000 -0.21 2.81 4.40
 192.2500 -8.1250 -0.3750 0.81 7.92 2.13
 194.4375 -7.3750 0.0000 0.57 2.70 -1.27
 194.3750 -6.8750 -0.3125 -0.26 0.60 -0.59
 195.0625 -7.0000 -1.3125 0.44 1.51 -0.17
 194.6250 -7.1250 -1.5000 -0.21 0.09 0.60
 194.2500 -6.8125 -1.6250 -0.09 -0.11 -0.15
 
 %8
192.9375 -4.7500 -3.1250 0.00 -0.04 0.04
 193.0625 -4.6875 -3.1875 0.13 0.35 -0.32
 193.0000 -4.6875 -3.2500 -0.14 0.01 0.26
 193.0000 -4.6875 -3.1875 0.06 -0.04 -0.27
 193.0000 -4.6875 -3.2500 0.05 0.11 -0.02
 193.0000 -4.7500 -3.2500 -0.15 0.08 0.36
 193.0000 -4.6875 -3.2500 0.02 0.12 -0.09
 193.0625 -4.7500 -3.3125 0.09 0.24 -0.16
 193.0000 -4.7500 -3.4375 -0.08 0.12 0.08
 192.9375 -4.8125 -3.4375 -0.08 -0.41 -0.40
 193.0625 -5.4375 -3.9375 0.10 -1.52 -2.33
 193.6250 -7.6250 -5.5000 1.11 -3.24 0.16
 195.8125 -10.9375 -6.7500 -1.05 -6.38 8.15
 201.3125 -11.3125 -6.8750 -3.28 -0.68 11.05
 209.8125 -6.6250 -6.3125 -0.84 15.37 2.37
 210.1875 0.9375 -3.4375 -2.30 11.41 -8.94
 203.8125 6.5000 2.0000 -4.40 7.01 -5.69
 193.2500 8.3750 8.5625 -0.94 1.80 -0.62
 182.8750 7.5000 20.5000 -3.09 -10.79 3.71
 176.3125 10.2500 26.5000 -2.65 -11.95 0.77
 176.5625 16.1250 27.6250 -2.36 -8.00 -4.94
 181.9375 23.0000 27.9375 -4.72 -4.69 -8.88
 192.0625 27.0625 21.3125 -5.94 -1.27 -9.11
 204.8125 26.0625 11.6875 -6.56 9.29 -3.37
 213.5000 20.9375 4.2500 -3.49 10.99 -2.29
 214.6250 14.2500 0.1875 -2.66 13.55 4.90
 209.7500 10.3750 -0.6250 -3.03 6.03 5.06
 198.2500 8.8125 -0.9375 -3.51 -0.30 2.38
 187.5625 8.7500 2.7500 -2.36 -6.06 -2.57
 179.8750 7.4375 4.6875 -0.53 -8.84 -4.81
 177.8750 2.8750 5.1250 -1.71 -9.17 -2.31
 179.8750 -1.7500 3.8750 -0.03 -4.43 2.84
 183.8125 -6.5000 3.9375 -1.88 -1.76 7.54
 189.5625 -7.6250 1.8750 0.16 3.62 2.58
 194.1250 -7.0000 0.0000 0.78 5.38 0.63
 195.3125 -6.6875 -0.9375 0.17 2.04 -0.88
 195.3125 -7.1250 -1.3125 0.06 1.03 0.91
 195.3750 -7.0625 -1.2500 -0.26 -0.47 0.62
 195.3750 -6.7500 -1.1875 0.02 0.00 0.29
 195.4375 -6.2500 -1.3125 0.12 0.47 0.07
 194.9375 -5.8125 -1.1875 -0.02 0.01 0.11
 194.5000 -5.5625 -1.1875 -0.05 -0.01 -0.29
 
 %8
192.8750 -4.3750 -2.8750 0.02 -0.20 -0.34
 192.8750 -4.3125 -2.7500 -0.04 0.00 0.22
 192.9375 -4.3125 -2.6875 0.10 0.31 -0.09
 192.9375 -4.3750 -2.6875 -0.06 0.01 0.22
 193.0000 -4.3750 -2.6875 0.02 0.12 0.00
 193.0000 -4.4375 -2.6875 0.03 0.26 0.21
 192.8750 -4.3125 -2.7500 -0.15 -0.22 0.30
 192.8750 -4.3125 -2.7500 0.00 0.03 0.04
 192.8125 -4.3125 -2.7500 -0.13 -0.15 0.27
 192.9375 -4.2500 -2.7500 0.26 0.18 -1.21
 192.7500 -4.6875 -3.2500 0.07 -1.92 -2.48
 193.1875 -6.8750 -4.8750 0.21 -8.85 -0.03
 197.1250 -9.5000 -7.1250 -0.70 -2.57 8.96
 205.1250 -8.6875 -7.5625 -2.53 3.95 8.75
 212.4375 -1.6250 -6.0000 -2.10 17.00 -0.17
 211.1250 7.1875 -1.5000 -3.89 9.49 -6.42
 204.7500 12.0625 4.6875 -3.48 7.68 -6.35
 196.2500 12.4375 9.6875 -1.50 1.21 -2.57
 185.0000 9.5625 20.0000 -4.14 -8.74 7.74
 176.0000 10.8125 28.6250 -3.09 -13.58 -2.32
 174.8750 16.0000 32.5000 -2.73 -10.00 -5.76
 181.2500 21.7500 31.3750 -5.38 -5.15 -3.90
 192.3750 27.1250 26.0000 -6.80 -3.81 -8.52
 206.9375 28.5000 15.0000 -6.72 9.15 -4.26
 216.0625 25.6875 6.6875 -3.81 14.28 -2.79
 219.8750 18.8750 0.6875 -3.65 13.14 1.93
 212.9375 12.8125 0.5625 -2.87 8.60 5.67
 200.1875 9.4375 -0.5625 -5.18 -0.05 4.12
 188.7500 8.0000 4.3750 -3.18 -3.85 0.24
 178.8750 6.1875 8.4375 -1.38 -7.33 -4.07
 173.4375 3.9375 9.0625 -1.91 -10.51 -2.78
 171.8750 0.1250 8.7500 -0.77 -7.00 -1.45
 175.3750 -5.0625 7.3750 -1.96 -5.13 5.92
 181.7500 -6.3750 4.2500 -1.04 2.87 5.96
 187.3750 -5.9375 3.8125 0.54 5.03 1.95
 189.8750 -5.0625 3.0625 0.32 2.79 -0.31
 191.5625 -5.0000 0.7500 0.13 2.32 0.52
 192.0000 -4.6250 -1.4375 0.32 0.37 0.07
 
 %8
192.3125 -1.7500 -3.6250 -0.11 0.21 0.00
 192.2500 -1.6875 -3.7500 0.18 0.22 -0.18
 192.0625 -1.6250 -3.6875 -0.04 -0.11 0.18
 192.0625 -1.7500 -3.8125 -0.13 -0.19 0.21
 192.1875 -1.7500 -3.8750 -0.14 -0.18 0.34
 192.5000 -1.6875 -3.9375 0.06 0.64 0.01
 192.5625 -1.8750 -4.1250 0.04 0.11 -0.61
 192.5000 -2.6875 -5.0000 0.68 -2.07 -3.87
 193.3125 -5.7500 -6.3750 -1.34 -6.75 1.46
 197.6875 -10.0000 -6.6875 -0.83 -6.14 8.19
 206.0000 -11.0625 -8.8750 -2.27 4.14 12.51
 212.0000 -6.7500 -6.7500 -2.58 8.68 4.28
 214.5625 2.4375 -2.6875 -2.65 13.18 -4.21
 210.4375 10.7500 3.0625 -4.21 10.06 -6.07
 201.1875 13.8750 11.4375 -3.02 6.14 -3.34
 187.5000 12.2500 23.1875 -5.09 -9.21 0.42
 178.5000 11.8750 30.6250 -5.49 -17.92 0.72
 177.2500 17.7500 32.1875 -3.06 -10.58 -6.08
 183.1250 24.1875 30.4375 -5.11 -7.98 -10.05
 195.5625 28.9375 21.0000 -5.41 3.77 -8.08
 207.6250 27.6875 10.3125 -6.29 5.50 -5.83
 215.8750 21.2500 2.2500 -3.67 13.17 -1.15
 216.5000 15.7500 -0.3750 -2.33 14.95 5.56
 209.9375 12.0000 -0.5625 -3.13 7.24 5.41
 198.2500 11.6875 0.9375 -2.91 0.89 1.37
 187.1250 11.4375 4.8750 -3.35 -4.44 -2.31
 178.0000 9.4375 7.6250 -1.08 -9.53 -4.74
 174.5000 4.5000 8.1875 -3.03 -13.12 -0.39
 177.0000 0.1250 5.9375 -1.09 -4.70 3.13
 182.6875 -3.9375 3.4375 -1.02 0.49 6.21
 188.1250 -4.5000 0.9375 0.16 2.98 2.37
 191.5000 -4.1250 -1.0000 1.07 5.01 0.19
 193.6250 -3.5625 -3.0000 0.07 0.99 0.31
 194.1875 -3.7500 -3.3750 0.52 1.13 0.02
 194.3750 -3.5625 -3.8125 -0.08 -0.19 0.07
 194.0625 -3.6250 -3.5625 -0.52 -0.51 0.63
 194.0000 -3.3125 -3.4375 -0.15 -0.20 0.01
 
 %8
191.0000 -0.1250 -3.8750 0.01 -0.13 0.16
 191.0000 -0.1250 -3.7500 -0.05 -0.14 0.10
 191.0000 -0.1250 -3.6875 -0.05 -0.30 -0.02
 191.0625 -0.0625 -3.6875 -0.01 -0.05 -0.25
 191.0625 -0.1250 -3.7500 -0.05 0.00 0.09
 190.9375 -0.1250 -3.8125 -0.05 -0.44 0.03
 191.0000 -0.0625 -3.8125 0.13 -0.44 -0.62
 191.0000 -0.1250 -4.4375 0.15 -0.71 -1.58
 191.0000 -1.3125 -6.0625 0.22 -3.88 -1.60
 192.5625 -4.5000 -7.6875 -0.24 -10.20 3.52
 200.1875 -7.6875 -9.0000 -3.06 -2.32 12.84
 209.9375 -4.5625 -8.8125 -3.38 11.00 7.31
 214.4375 1.8125 -5.9375 -2.19 14.67 -3.31
 211.1875 10.0000 -0.1875 -3.85 10.13 -9.85
 201.3750 13.6875 5.3125 -3.26 6.69 -5.95
 188.2500 11.3125 17.0625 -4.53 -7.39 1.82
 177.1250 10.2500 27.0625 -4.42 -18.75 2.15
 176.0625 14.8125 28.9375 -2.41 -9.78 -3.16
 180.5625 22.3750 29.0000 -3.59 -7.60 -8.19
 190.5000 27.9375 23.6875 -6.17 -0.60 -10.47
 204.1250 28.1875 12.4375 -4.90 9.56 -8.10
 213.3125 22.6250 2.6875 -5.43 12.99 -0.67
 216.5625 15.6875 -1.0625 -1.92 13.59 2.67
 210.0000 11.3125 -2.4375 -4.03 5.53 9.71
 201.0625 11.6875 -1.7500 -2.82 2.16 1.26
 190.5000 13.2500 1.8750 -1.71 -1.45 -2.60
 180.2500 12.5625 7.3125 -2.40 -7.96 -6.54
 174.4375 9.0625 9.1875 -3.66 -10.62 -4.36
 174.0000 2.8750 9.5625 -1.32 -6.91 -2.60
 175.8125 -2.3125 7.9375 -2.64 -6.85 5.70
 181.8125 -5.3125 4.4375 -0.27 2.06 7.03
 187.7500 -5.3750 2.3125 -0.02 4.58 2.30
 192.1875 -4.1875 0.2500 1.12 4.35 0.31
 193.8750 -3.5000 -1.7500 0.32 2.35 -0.14
 194.6250 -3.1250 -4.1250 0.13 0.94 0.02
 194.8125 -3.0625 -4.6875 -0.18 -0.52 -0.09
 194.6875 -2.9375 -5.4375 -0.10 -0.14 0.27
 
 %8
193.8125 -1.2500 -5.5625 -0.03 -0.19 0.02
 193.9375 -1.1875 -5.4375 -0.02 -0.22 -0.03
 194.1250 -1.1875 -5.4375 -0.14 0.00 0.22
 194.1875 -1.1250 -5.4375 -0.03 0.12 0.04
 194.1875 -1.1875 -5.3750 -0.04 -0.19 0.16
 194.1250 -1.1250 -5.3750 0.07 -0.21 -0.06
 194.0625 -1.1875 -5.3750 0.02 -0.13 0.12
 194.0625 -1.1250 -5.4375 0.04 -0.15 -0.03
 193.9375 -1.1250 -5.5625 0.05 -0.06 -1.21
 192.8750 -1.6250 -8.3125 0.55 -2.74 -2.99
 192.8750 -3.7500 -13.0000 -0.65 -10.36 -0.32
 198.6250 -7.8750 -14.9375 -2.35 -2.66 9.66
 208.6875 -9.1875 -18.9375 -3.18 9.26 13.14
 216.1875 -3.6875 -14.7500 -0.91 14.74 1.77
 215.9375 5.3125 -7.0000 -2.34 10.01 -11.71
 209.8125 10.3125 -1.1250 -3.09 8.32 -10.75
 201.3750 9.7500 5.1875 -3.93 2.39 0.01
 189.4375 7.1250 16.8125 -5.46 -11.35 6.35
 180.3750 9.5000 24.6875 -4.67 -16.69 -1.09
 180.8125 16.7500 27.2500 -3.15 -10.70 -6.60
 188.6250 23.6875 25.5000 -5.33 -6.09 -9.88
 202.2500 26.8750 16.8125 -4.58 6.96 -10.40
 211.1875 24.7500 8.1250 -5.62 6.88 -6.80
 218.4375 17.0625 0.0000 -2.16 20.78 5.37
 214.2500 13.2500 1.5625 -3.23 10.71 7.11
 203.3125 13.0625 2.7500 -4.29 4.32 1.94
 189.7500 13.0625 6.7500 -4.20 -4.97 -2.96
 179.6250 10.3125 11.3750 -3.14 -10.69 -4.58
 175.3750 8.1250 10.7500 -1.35 -8.29 -4.69
 176.6250 3.6250 8.7500 -2.79 -7.03 -0.55
 180.7500 -0.6250 6.4375 -0.59 -3.77 0.04
 186.3750 -5.6250 4.1875 -2.35 -2.91 5.65
 193.0625 -8.2500 1.8125 0.06 7.20 4.74
 198.0000 -8.5625 0.0000 0.71 6.15 1.62
 199.6250 -7.8750 -1.3750 0.57 1.59 -0.93
 200.4375 -7.7500 -3.4375 0.20 1.71 0.00
 
 %8
196.0000 -6.3125 -4.5000 -0.07 -0.03 0.23
 196.0000 -6.3750 -4.5000 0.05 0.08 0.17
 195.9375 -6.3125 -4.5000 -0.13 -0.02 0.41
 196.0000 -6.3125 -4.5000 0.16 0.13 -0.11
 195.9375 -6.2500 -4.5625 -0.06 0.00 0.25
 195.9375 -6.3125 -4.6875 -0.02 0.00 -0.10
 195.8750 -6.2500 -4.7500 0.04 0.00 -0.29
 195.8125 -6.3125 -4.7500 0.24 0.15 -0.53
 195.5000 -6.4375 -4.8125 -0.12 -2.11 -1.39
 195.6875 -7.3750 -5.5625 -0.44 -5.78 -0.57
 199.0625 -9.2500 -6.5625 -0.22 -5.43 5.36
 205.9375 -9.4375 -6.6875 -2.17 -1.15 10.49
 214.6250 -5.0625 -4.5000 -1.61 7.39 3.49
 219.1250 0.8125 -3.9375 -1.86 14.85 -1.36
 217.3750 7.6875 0.0000 -4.19 8.67 -3.73
 209.6250 12.3750 6.9375 -3.72 6.64 -3.18
 198.5000 13.6875 16.3750 -2.44 -2.29 0.02
 187.3750 14.0625 27.0000 -2.74 -16.60 -0.35
 184.7500 19.5625 29.5000 -2.74 -11.97 -7.16
 189.8125 24.7500 27.1875 -5.24 -5.08 -10.04
 201.1250 27.5000 20.3750 -6.86 1.99 -8.34
 212.7500 25.1250 10.4375 -5.87 8.82 -4.28
 219.6250 18.3750 3.0000 -3.76 14.07 2.70
 218.8125 12.8750 1.1875 -2.60 10.89 3.46
 210.3750 9.6875 0.1875 -3.27 4.24 4.26
 201.8125 8.9375 -1.3125 -1.64 0.70 0.98
 193.0625 7.7500 0.3750 -3.82 -4.43 -1.64
 184.1250 6.3125 -3.1875 -0.96 -4.45 -0.61
 178.7500 3.8125 -5.6250 -0.23 -10.89 -3.77
 178.0625 -1.0000 -6.1875 -2.38 -12.39 3.45
 183.6250 -6.9375 -8.3125 -0.14 -0.95 5.94
 190.6875 -9.6875 -8.3125 -1.15 2.54 3.71
 196.8750 -10.3750 -6.5000 0.34 9.01 1.78
 197.0000 -8.9375 -4.6875 0.59 1.81 -1.37
 196.4375 -7.9375 -4.7500 0.01 1.38 0.61
 195.8750 -6.9375 -4.6875 0.37 -0.95 -1.33
 196.0000 -5.8750 -5.5000 0.42 0.36 -0.21
 
 %8
193.7500 -3.5000 -4.7500 -0.04 -0.05 0.08
 193.7500 -3.4375 -4.8125 -0.02 0.01 0.08
 193.6875 -3.3750 -4.8125 0.23 0.01 -0.32
 193.6250 -3.4375 -4.8125 0.08 -0.20 0.20
 193.7500 -3.5000 -4.8125 0.18 0.10 0.00
 193.7500 -3.4375 -4.7500 0.02 -0.02 0.29
 193.8750 -3.4375 -4.7500 -0.02 0.20 0.26
 193.8750 -3.3125 -4.6875 0.13 -0.04 -0.58
 193.9375 -3.5000 -4.8125 0.16 -0.05 -0.97
 193.7500 -4.8750 -5.9375 -0.92 -5.27 -1.29
 195.7500 -8.9375 -6.5000 0.44 -8.36 4.83
 202.3750 -11.0625 -10.8750 -2.66 -1.52 14.10
 211.5000 -7.0000 -8.2500 -1.29 7.79 3.89
 215.6875 0.0000 -7.5625 -1.56 16.26 -2.06
 212.6250 9.0625 -2.1875 -4.76 7.88 -6.94
 204.5625 13.8125 3.7500 -3.92 7.10 -6.32
 193.3750 13.5625 9.8125 -2.02 -1.32 -0.27
 181.9375 11.0625 21.4375 -5.73 -17.39 6.05
 177.0000 15.5625 25.7500 -4.25 -16.55 -2.99
 181.8750 23.2500 24.0625 -5.46 -9.38 -9.12
 194.4375 28.1250 16.7500 -7.29 -0.64 -11.12
 206.5625 26.8125 7.0625 -5.37 13.13 -6.19
 216.5000 20.4375 -0.0625 -5.81 9.78 -1.23
 220.0000 13.7500 -3.1875 -2.28 16.40 2.75
 213.6250 9.1250 -3.8125 -4.79 4.41 9.24
 204.5625 9.1250 -1.3750 -0.79 5.02 0.91
 193.0000 10.1250 1.8125 -6.00 -5.18 0.47
 185.5000 10.6875 2.5000 -1.44 -5.65 -4.63
 179.6250 8.8750 0.5625 -2.27 -10.65 -9.56
 182.8750 3.1875 -4.7500 -0.35 -6.57 -0.98
 188.3750 -3.6250 -5.5000 0.31 -3.86 4.14
 193.9375 -9.3125 -6.0625 -1.83 1.77 15.16
 198.7500 -8.2500 -4.6875 1.27 6.52 -1.01
 201.0625 -6.5000 -4.9375 -0.42 4.81 -1.41
 200.3750 -4.8750 -4.5625 -0.33 1.40 -3.43
 200.0000 -4.6250 -5.5625 -0.28 0.23 -0.34
 199.0625 -4.3750 -5.6250 -0.11 -1.09 -0.22 %9
183.6875 -6.1250 -3.4375 -0.01 -0.10 0.16
 183.6875 -6.1250 -3.3750 -0.04 -0.13 0.05
 183.8125 -6.1875 -3.3750 0.05 0.11 0.09
 183.8125 -6.1250 -3.3750 0.04 0.04 -0.09
 183.7500 -6.1250 -3.3750 -0.06 -0.07 0.12
 183.6250 -6.2500 -3.1875 -0.53 -0.69 0.36
 183.5625 -6.5625 -3.1250 -0.03 0.01 0.21
 183.5625 -6.7500 -2.9375 0.00 -0.17 0.14
 183.6250 -6.6875 -2.8750 0.14 0.03 -0.20
 183.5625 -7.0000 -3.0000 -0.18 -0.08 0.04
 183.5625 -6.6875 -3.0625 -0.39 0.08 -0.43
 183.4375 -6.1250 -2.8125 -0.44 -0.22 0.06
 183.4375 -5.3125 -2.3125 -0.08 -0.11 -0.05
 183.5625 -5.1875 -2.1875 0.07 0.24 0.30
 183.5625 -5.0625 -2.1875 0.16 -0.04 0.11
 183.5000 -5.0625 -2.0625 0.15 0.08 0.00
 183.4375 -5.1875 -2.1250 0.06 -0.05 0.14
 183.3750 -5.4375 -1.9375 0.06 -0.19 -0.16
 183.3125 -5.6250 -1.8750 0.04 -0.08 -0.90
 183.1875 -5.9375 -2.5000 -0.02 -0.44 -3.35
 183.2500 -7.4375 -4.0625 -0.40 -0.08 0.88
 183.8125 -9.8750 -5.3125 0.20 0.53 3.45
 183.8750 -11.8750 -5.8125 -0.11 1.70 11.28
 184.0625 -11.5000 -3.3125 -0.15 -0.17 10.26
 184.8125 -5.8750 -2.8750 -0.41 0.81 3.02
 185.0625 1.0625 -3.0000 -0.72 0.13 -3.00
 185.2500 5.9375 -1.0000 -1.18 -0.40 -1.94
 184.8125 10.4375 0.8125 -1.80 -0.39 -5.72
 184.9375 13.3125 3.0000 -1.93 0.82 -6.44
 184.8750 14.6875 4.1250 -2.31 -0.04 -4.50
 185.1875 14.8750 4.3750 -0.75 1.30 -3.99
 185.1875 14.1250 5.2500 -2.59 -1.44 -6.13
 185.8750 12.6250 5.9375 -3.14 -0.80 -9.98
 188.0000 7.3125 4.5000 -2.11 5.79 -5.11
 186.7500 0.0000 4.4375 -1.12 7.24 5.97
 183.0625 -5.4375 7.5000 -0.78 0.37 15.12
 177.5625 -8.1875 14.1875 1.69 -4.36 9.92
 172.3750 -4.8125 18.2500 -0.81 -8.10 5.65
 170.4375 1.6250 20.8125 -0.16 -4.70 -0.09
 169.6875 9.1250 20.9375 -2.72 -6.07 -3.90
 172.2500 16.6875 20.0625 -3.49 -5.40 -11.46
 179.2500 19.6250 14.5000 -4.61 4.22 -8.13
 186.1250 17.6875 8.1250 -3.90 2.70 -7.77
 190.0625 13.1250 2.4375 -0.80 14.62 0.06
 186.5000 7.7500 0.1250 -1.58 0.77 8.31
 183.8125 4.0625 2.4375 0.40 -1.69 7.02
 182.7500 4.3750 2.7500 0.60 -1.79 2.34
 183.0625 5.1875 1.5000 0.05 1.48 -0.62
 182.7500 5.2500 1.5625 -0.66 0.00 -0.62
 
 %9
182.5000 -6.9375 -0.7500 -0.20 -0.06 0.31
 182.6250 -6.8125 -0.6875 -0.03 0.14 -0.10
 182.6250 -6.8125 -0.6875 -0.09 0.16 0.04
 182.5625 -6.8125 -0.6250 -0.11 -0.07 0.16
 182.6250 -6.8750 -0.6250 -0.07 0.00 0.26
 182.6875 -6.8750 -0.6250 0.02 0.23 0.05
 182.7500 -6.8125 -0.6875 -0.13 0.07 -0.18
 182.6875 -6.9375 -0.7500 -0.01 0.28 -0.33
 182.5625 -7.6875 -0.7500 0.42 0.34 2.69
 182.2500 -9.3125 -0.5000 0.23 -0.06 11.33
 181.5625 -8.6250 1.5000 -0.51 -0.68 3.00
 182.2500 -3.8125 2.0000 0.11 1.09 1.36
 182.8750 0.3125 3.8750 -1.49 -0.18 0.11
 183.4375 5.8125 4.1875 -0.93 0.71 -4.54
 183.3125 9.3125 3.7500 -2.09 -0.04 -3.44
 183.5000 12.7500 3.1250 -1.79 0.91 -4.27
 183.6250 14.0000 3.6875 -1.43 -0.27 -6.35
 183.5000 13.5000 3.7500 -1.29 0.15 -5.94
 183.5625 10.8750 3.9375 -2.21 2.30 -7.86
 182.9375 4.9375 4.1875 -0.93 4.20 -3.11
 180.5000 -2.0000 5.7500 -0.37 9.08 9.07
 172.4375 -7.3750 11.2500 -2.51 -0.80 13.17
 164.6875 -6.0625 18.2500 -0.27 -10.08 5.25
 161.7500 -0.8125 19.8125 -1.96 -10.51 -0.32
 164.8125 5.6875 18.9375 -2.66 -5.48 -4.24
 169.7500 10.1875 16.5000 -3.37 -2.26 -7.08
 178.3750 12.2500 12.5625 -3.37 1.79 -6.48
 185.8125 11.7500 6.0000 -2.11 9.36 -2.66
 189.4375 8.3750 3.5625 -0.74 6.12 1.25
 188.0625 6.8750 3.1250 -1.27 0.09 -3.52
 187.4375 5.1875 2.6250 0.01 1.76 -1.56
 185.7500 1.6250 3.3750 -0.61 -1.59 2.49
 184.6875 -1.6250 4.4375 -0.11 -0.73 5.38
 183.8750 -2.4375 5.2500 0.07 -1.03 3.52
 184.1250 -2.1875 5.5625 0.76 0.25 0.90
 184.2500 -1.6875 5.2500 0.28 0.42 0.52
 184.4375 -1.0000 5.1875 -0.04 0.32 -0.23
 
 %9
185.3125 -6.2500 -0.4375 -0.07 -0.50 0.28
 185.6250 -6.2500 -0.5000 0.05 0.08 0.41
 186.0000 -6.1875 -0.6875 0.19 0.41 0.12
 185.9375 -5.9375 -0.8750 0.13 0.40 -0.01
 185.7500 -5.8125 -0.7500 -0.01 -0.31 -0.44
 185.6875 -5.8125 -0.6875 -0.04 -0.18 -0.48
 185.7500 -6.0625 -0.6875 0.30 -0.17 0.24
 185.7500 -7.1250 -0.6250 0.62 0.93 5.37
 185.1250 -7.3750 0.0000 -0.23 -1.00 8.78
 185.7500 -3.9375 -0.2500 1.34 2.06 1.53
 185.4375 -0.3750 -1.3125 -0.94 -0.44 2.16
 185.7500 3.8125 -1.4375 -1.08 -0.11 0.23
 186.2500 8.2500 -1.1875 -1.52 -0.11 -2.62
 187.2500 12.3750 -0.6250 -1.35 -0.06 -4.50
 187.8125 15.0625 -1.2500 -1.24 0.04 -5.61
 187.8750 16.1250 -1.7500 -1.66 -0.53 -5.03
 188.5625 15.3125 -0.9375 -1.47 -0.20 -5.24
 189.7500 12.6875 -1.0625 -0.17 5.19 -6.33
 188.5000 6.8125 0.2500 -1.24 3.64 0.47
 184.8750 0.0625 3.3750 -1.10 4.86 7.21
 178.7500 -2.6875 7.5625 -0.63 -3.91 7.23
 173.1875 -2.9375 14.3750 -0.06 -7.61 5.49
 169.9375 0.3125 18.8125 -1.58 -8.66 1.37
 171.5000 7.2500 18.1250 -1.99 -4.24 -1.65
 175.8750 13.3125 16.5000 -2.25 -3.66 -8.92
 183.0625 15.3125 11.6875 -2.86 0.14 -8.98
 190.0625 14.1250 3.6875 -0.98 7.80 -3.16
 192.5625 11.3125 0.6250 -1.33 5.66 -0.44
 193.0625 7.7500 -0.3125 0.28 2.36 3.10
 191.4375 5.6875 0.3125 -0.22 -1.10 3.66
 191.2500 5.1875 0.3750 0.71 0.30 1.51
 191.0625 5.3125 0.3125 0.34 0.00 -0.38
 191.0625 5.2500 0.3750 0.46 0.48 0.06
 190.8750 5.2500 0.3125 -0.13 0.12 0.16
 
 %9
187.0000 -6.6250 -1.6875 0.03 -0.05 0.10
 187.0625 -6.6250 -1.6875 0.09 0.03 -0.06
 187.1250 -6.6250 -1.6250 0.21 -0.01 0.13
 187.2500 -6.3750 -1.6875 0.34 0.20 -0.44
 187.4375 -6.5625 -1.8125 0.19 0.39 0.11
 187.2500 -6.6875 -1.8750 0.13 -0.02 -0.17
 187.1875 -6.8125 -1.8125 0.08 -0.07 0.16
 187.1875 -6.8750 -1.6875 0.31 -0.26 -0.25
 187.3750 -7.1250 -1.6250 0.61 -0.03 1.35
 187.3125 -8.2500 -1.3125 -0.13 1.10 9.60
 186.5625 -7.2500 -0.2500 -0.85 -1.62 7.40
 187.1875 -3.3750 -0.7500 0.27 -0.07 1.99
 188.2500 0.3125 -2.0000 -0.50 -0.05 -0.51
 189.6250 3.6875 -3.2500 -1.06 0.52 -1.82
 189.9375 6.4375 -3.3125 -1.03 -0.35 -2.63
 190.3750 9.1875 -3.1875 -0.20 0.56 -4.72
 190.3125 10.6250 -3.1875 -0.37 0.06 -4.52
 189.8750 11.0625 -2.6875 -0.69 -0.70 -3.81
 190.3125 10.5000 -1.4375 -0.71 0.81 -4.31
 190.3750 8.9375 -1.0000 0.09 3.52 -7.31
 188.8125 4.0000 0.0000 -1.23 6.60 4.15
 183.8750 -0.5000 4.1875 -0.56 4.69 7.54
 177.8125 -2.3750 9.1875 0.81 -3.25 6.76
 171.1250 -2.5000 15.0000 -0.23 -6.94 5.97
 167.8125 1.5625 16.3125 0.24 -7.81 0.35
 168.7500 6.7500 16.7500 -2.13 -6.96 -3.26
 174.0000 11.5625 15.0625 -2.80 -3.51 -6.22
 181.3125 14.8125 10.1250 -4.48 -1.57 -9.35
 189.5625 13.6250 2.6250 -2.13 8.96 -3.45
 193.8750 11.1875 -1.0625 -2.88 3.98 -3.55
 196.1875 6.6250 -2.0625 -0.25 3.69 1.38
 194.3750 3.2500 -0.5000 -0.67 -0.33 2.46
 193.1875 1.2500 -1.6875 0.86 0.30 1.84
 192.6250 -0.2500 -1.5625 0.25 -0.24 3.55
 192.1875 -0.7500 -1.1250 0.71 0.68 0.95
 191.7500 -0.5000 -1.0625 0.39 -0.46 -0.05
 191.5625 -0.3125 -1.1250 -0.14 -0.23 0.15
 191.5000 -0.3125 -1.0000 0.12 -0.19 0.44
 
 %9
189.9375 -4.2500 -3.3750 0.32 0.22 -0.28
 189.7500 -4.2500 -3.3125 0.09 0.18 -0.20
 189.3750 -4.1875 -3.3125 -0.05 -0.40 0.20
 189.3750 -4.1875 -3.3125 0.35 0.05 -0.40
 189.4375 -4.3750 -3.3750 -0.02 0.26 0.81
 189.4375 -4.1875 -3.5000 0.47 0.65 -0.28
 189.1250 -4.5625 -3.3750 0.20 -0.38 0.98
 188.9375 -5.1875 -3.1875 -0.03 1.28 5.65
 188.1250 -4.8125 -2.4375 -0.07 -1.29 7.31
 187.8750 -2.1875 -1.1875 -0.87 -0.26 3.03
 189.2500 2.0625 -1.9375 -0.09 1.04 0.47
 190.1875 5.2500 -2.9375 -0.19 0.26 -2.16
 190.8750 7.1875 -3.1250 -0.65 0.08 -0.13
 191.3125 9.1250 -3.6250 -0.63 -0.01 -2.79
 191.8125 11.3750 -3.6250 -1.13 -0.23 -2.65
 191.9375 13.3750 -4.0000 -0.92 -0.02 -4.70
 191.2500 14.7500 -2.3750 -1.51 -0.64 -7.79
 191.6875 13.1250 -1.3750 -1.38 5.62 -3.20
 190.1250 7.9375 1.6875 -1.31 8.67 1.20
 184.2500 2.5000 8.5625 -2.10 3.91 7.47
 174.3750 0.4375 17.3750 -0.34 -6.15 6.08
 167.3125 1.3750 22.6875 -1.55 -17.39 2.13
 168.6875 4.8750 23.6250 -2.55 -8.74 -1.60
 175.6875 10.5000 20.7500 -3.03 -3.49 -8.87
 183.4375 15.6875 13.0625 -3.44 1.00 -10.26
 191.3125 14.8750 5.9375 -2.81 5.27 -8.22
 194.9375 10.8750 1.1875 -2.61 4.67 -4.85
 195.7500 6.1250 -1.3750 -1.20 6.35 3.64
 194.5625 1.9375 -1.1250 -0.91 0.78 6.59
 192.4375 0.5625 -1.9375 1.05 -1.17 3.93
 191.3750 0.8750 -2.5000 0.90 0.54 1.18
 190.7500 1.0625 -3.0000 0.15 -1.20 0.06
 190.7500 0.8750 -3.0000 -0.20 -0.14 0.66
 190.4375 1.1250 -3.0000 -0.10 -0.50 -0.34
 
 %9
187.7500 -2.8125 -6.1875 0.11 0.14 -0.05
 187.8125 -2.8750 -6.1250 -0.07 -0.05 0.32
 187.6875 -2.8750 -6.0000 -0.07 -0.22 0.14
 187.5000 -2.8125 -6.0000 0.08 -0.18 -0.12
 187.5000 -2.8750 -6.0000 0.18 0.11 -0.16
 187.3125 -3.0000 -6.5000 0.00 0.08 -0.85
 186.6875 -3.4375 -7.3125 -0.11 -0.16 0.81
 186.5000 -3.5625 -7.3125 -0.01 -0.76 -0.35
 186.6250 -4.6250 -7.2500 0.62 -0.30 2.82
 186.9375 -7.1250 -6.5000 -0.73 0.62 12.84
 187.8125 -4.2500 -5.8750 0.14 1.46 4.05
 188.7500 1.1250 -6.4375 -0.41 0.52 1.16
 189.5625 6.2500 -6.0000 -0.85 0.00 -1.81
 189.6875 10.8125 -5.9375 -1.62 -1.18 -2.17
 190.1250 13.7500 -5.8750 -1.08 -0.25 -5.60
 190.3750 15.2500 -5.8125 -2.19 -1.44 -2.12
 191.3125 16.6250 -5.7500 -0.71 1.22 -3.36
 191.1875 16.6875 -5.3125 -1.26 -0.27 -3.39
 191.1875 15.3125 -4.3750 -2.05 0.11 -6.12
 191.1875 11.3125 -3.8750 -0.58 3.87 -4.13
 189.2500 6.2500 -1.1250 -0.56 3.58 2.24
 184.3125 0.8125 4.7500 0.09 -0.24 6.72
 178.5000 -2.5625 10.5000 0.45 -4.38 8.92
 172.7500 -0.8750 15.7500 -0.55 -6.03 6.84
 168.8125 5.5625 17.5000 -1.59 -6.12 -0.84
 168.3750 12.7500 17.9375 -3.36 -7.38 -6.05
 172.5000 17.6875 15.1250 -3.90 -1.40 -6.71
 181.0625 20.8125 7.3750 -3.70 1.57 -7.43
 189.8750 18.1875 -0.1250 -1.92 8.36 -3.27
 193.8125 12.7500 -2.8125 -1.00 2.15 -0.20
 193.8750 8.2500 -3.7500 -0.24 4.09 5.01
 192.1875 6.5625 -3.0000 -0.25 -0.94 2.30
 191.5000 5.8750 -3.2500 -0.20 -0.73 0.95
 191.2500 5.6875 -3.8750 0.16 0.36 -0.01
 190.9375 5.2500 -3.8125 -0.80 0.03 0.31
 190.9375 5.0000 -3.8125 0.00 0.03 0.11
 191.0000 4.9375 -3.5000 -0.04 0.19 -0.43
 
 %9
189.2500 0.0000 -6.3125 -0.15 -0.10 -0.09
 189.1875 -0.0625 -6.1875 -0.18 -0.21 -0.01
 189.1250 -0.1250 -6.1250 -0.01 0.08 -0.07
 189.0625 -0.0625 -6.1875 -0.15 -0.20 -0.32
 189.1250 -0.1250 -6.1875 -0.16 -0.11 0.14
 189.1875 -0.2500 -6.1250 -0.07 -0.02 -0.10
 189.3125 -0.1875 -6.1875 0.15 0.26 -0.68
 189.1875 -0.5000 -6.1250 -0.09 -0.31 0.61
 189.0625 -1.6875 -5.7500 -0.36 -0.51 10.05
 189.7500 -0.8125 -4.8750 0.01 0.07 7.83
 191.1875 4.4375 -5.6875 0.03 1.20 1.93
 192.0000 10.2500 -6.8750 -0.80 0.37 -0.92
 192.5000 14.3125 -6.7500 -1.84 -0.97 -3.97
 192.7500 18.0000 -6.9375 -2.13 0.38 -3.35
 192.0625 21.3750 -7.0625 -1.96 -0.24 -6.46
 191.8125 21.6250 -5.0625 -2.53 -2.05 -7.64
 192.8125 19.0000 -3.6875 -2.36 -1.55 -8.76
 194.9375 12.8750 -4.6875 -2.73 2.40 -3.68
 195.4375 6.2500 -3.6250 -1.57 7.70 2.42
 191.0625 -0.6250 0.1875 -0.26 3.59 6.98
 182.0000 -5.3750 9.1875 -1.08 -3.68 12.42
 172.1875 -3.6875 16.4375 -2.33 -8.66 8.03
 168.0000 3.7500 17.1250 -2.33 -8.81 -1.72
 170.6875 10.0000 14.5000 -3.52 -5.50 -5.61
 178.0625 15.2500 9.1875 -4.75 -2.54 -6.23
 188.5625 16.8750 0.8125 -3.60 4.59 -8.54
 197.8125 12.6875 -5.3125 -2.15 4.36 -7.49
 201.6875 6.5625 -8.4375 -0.68 7.15 -0.13
 200.0000 1.8750 -8.7500 -1.80 -0.34 4.02
 199.4375 -1.1875 -7.8125 -0.32 0.61 5.15
 198.6875 -2.5625 -6.5000 0.77 0.35 2.66
 198.9375 -2.3750 -6.3125 0.12 -0.28 1.54
 199.3750 -1.7500 -6.3750 0.51 0.58 0.03
 
 %9
197.4375 -3.3125 -4.6875 -0.12 -0.07 0.25
 197.5000 -3.2500 -4.8125 -0.09 -0.04 0.04
 197.5625 -3.4375 -4.6875 -0.04 -0.01 0.21
 197.6250 -3.3750 -4.7500 0.10 0.07 0.06
 197.5625 -3.3125 -4.6875 -0.11 -0.17 0.01
 197.6875 -3.1875 -4.7500 0.11 0.30 -0.17
 197.5625 -3.1875 -4.6875 -0.19 -0.34 -0.64
 197.6250 -3.5000 -4.7500 0.04 0.11 0.49
 197.4375 -4.3125 -5.2500 -0.68 0.64 8.03
 198.0625 -3.8750 -5.1875 0.08 -0.17 3.89
 199.2500 -1.0625 -5.7500 0.65 1.02 1.48
 200.0000 1.3125 -6.3750 0.34 0.80 -0.41
 200.0000 3.7500 -7.5000 -0.20 -0.48 0.32
 200.0625 5.1875 -7.9375 -1.30 0.35 2.45
 200.5000 9.1875 -9.0000 -0.23 0.17 -4.22
 201.0000 12.8750 -9.6250 -0.83 -0.61 -6.10
 200.8750 14.4375 -8.3125 -1.71 -1.78 -3.24
 201.0625 15.0000 -7.5625 -1.25 -1.06 -2.38
 201.6250 14.5625 -7.1250 -0.64 -0.64 -2.52
 202.7500 13.5000 -7.5625 -0.99 0.67 -5.72
 203.8750 10.6875 -8.0000 -0.64 2.76 -7.60
 204.5000 3.5000 -7.3125 -1.39 7.04 2.82
 199.6875 -1.9375 -4.4375 -1.01 4.49 8.63
 193.7500 -3.8125 0.6875 -0.52 -2.89 8.86
 187.7500 -2.4375 7.2500 -0.52 -7.06 4.45
 184.1875 2.6250 9.5000 -1.05 -7.57 0.04
 184.6250 9.1250 8.6250 -2.28 -4.00 -1.93
 187.8750 16.0000 5.3750 -3.63 -4.82 -6.76
 195.2500 18.8750 -0.5000 -4.06 0.68 -9.39
 203.1250 16.0000 -5.1250 -2.10 6.84 -7.14
 207.1250 10.0000 -6.5000 -1.52 4.84 -1.04
 207.1875 4.3125 -6.8750 -0.54 2.30 4.82
 205.6250 1.4375 -5.8750 0.63 0.25 4.00
 204.8750 0.7500 -5.0625 0.73 0.37 3.18
 204.0000 1.5625 -4.9375 0.23 -0.23 0.39
 203.7500 2.1875 -4.7500 0.17 -0.14 -1.18
 203.3750 2.5625 -4.7500 -0.04 -0.02 -0.01
 
 %9
196.6875 -3.7500 -3.2500 0.09 0.23 -0.20
 196.5625 -3.6875 -3.2500 -0.04 0.01 -0.29
 196.5000 -3.7500 -3.2500 0.15 0.21 -0.27
 196.4375 -3.9375 -3.1875 -0.12 -0.40 0.77
 196.6250 -3.9375 -3.1875 0.14 0.23 0.24
 196.7500 -3.8750 -3.3750 0.03 0.30 -0.03
 196.7500 -3.8125 -3.5000 0.01 0.18 0.03
 196.5000 -4.2500 -3.5625 -0.09 -0.33 3.18
 196.5000 -4.6250 -3.9375 -0.55 -0.09 7.26
 196.9375 -3.2500 -4.0625 0.54 0.54 2.95
 197.6875 -0.3125 -5.6875 0.47 1.42 1.84
 197.6250 2.2500 -6.9375 -0.71 0.27 1.13
 197.6250 5.4375 -8.1250 -0.56 -0.58 -0.59
 198.0000 8.1875 -9.0000 -0.50 -0.96 -2.99
 198.8750 11.3125 -9.5000 -1.00 -0.29 -4.40
 198.9375 13.3125 -10.2500 -0.89 -1.13 -4.64
 199.3750 13.1250 -9.6875 -0.85 -0.12 -1.72
 199.8125 13.0625 -9.5000 -0.58 -0.68 -0.44
 200.6875 12.7500 -9.2500 -0.70 -0.69 -3.26
 201.6875 11.7500 -9.4375 -1.14 -0.85 -6.40
 204.3750 7.5625 -9.8125 -0.43 5.69 -4.00
 203.4375 1.1875 -8.4375 -0.98 5.60 3.35
 200.0000 -4.4375 -4.2500 -0.42 4.34 7.50
 192.8125 -6.3125 2.1875 -0.12 0.75 8.49
 184.6875 -4.3750 8.9375 -1.06 -6.82 4.83
 179.8750 -0.4375 12.9375 -2.19 -8.49 0.09
 179.4375 6.9375 11.2500 -2.14 -5.61 -3.97
 182.1875 13.5625 6.8750 -2.97 -3.22 -5.55
 188.4375 17.0000 2.3750 -3.68 -0.19 -7.37
 197.5000 15.6250 -3.0625 -2.41 5.09 -7.08
 202.6250 11.3125 -5.2500 -0.74 4.36 -3.34
 204.2500 5.8125 -6.4375 -0.43 3.64 4.88
 203.1875 2.7500 -5.2500 0.41 -0.14 4.17
 202.8750 1.5000 -4.8750 0.84 0.66 2.10
 202.8125 1.5625 -5.2500 0.28 -0.06 0.26
 202.8750 1.7500 -5.6875 0.21 1.00 -0.07
 202.3750 2.2500 -6.0000 -0.07 0.33 -0.51
 201.6250 2.5000 -5.8125 0.09 -0.41 -0.72
 
 %9
196.0625 -2.9375 -3.6250 0.01 0.05 0.04
 196.0625 -2.8750 -3.8125 0.00 0.42 -0.11
 196.0000 -2.8750 -3.9375 0.08 0.22 -0.07
 195.7500 -2.8750 -4.0000 -0.02 -0.36 -0.04
 195.6250 -3.0000 -4.0000 0.00 -0.20 0.39
 195.6250 -2.8750 -4.0000 0.13 0.18 0.00
 195.7500 -2.9375 -3.9375 0.09 0.10 0.28
 195.5625 -3.1875 -3.6875 0.51 -0.13 1.29
 195.3750 -4.0625 -3.1875 -0.54 -0.21 6.47
 195.8750 -3.5000 -2.5625 0.24 0.99 4.18
 196.5625 -1.6875 -2.6875 -0.12 0.32 1.88
 197.1250 0.6250 -3.2500 0.01 0.76 0.61
 197.5000 3.0000 -3.6875 -0.24 -0.55 -1.06
 197.8125 5.0000 -4.5000 -0.55 0.39 0.22
 198.2500 7.8750 -4.8125 -0.30 -0.11 -2.99
 198.3750 10.3750 -5.5000 -0.85 -1.28 -3.92
 199.5000 12.3750 -6.1250 -0.15 0.63 -5.09
 200.1250 13.1250 -6.8125 -0.29 0.23 -3.69
 200.0625 12.3750 -5.6250 -0.48 -1.73 -2.39
 201.0000 11.1250 -5.6875 -0.34 -0.63 -5.96
 203.3750 7.3750 -6.6250 -1.00 3.41 -4.84
 202.8750 -0.3750 -5.9375 -1.89 6.10 1.42
 197.8750 -6.0000 -3.3750 -0.88 3.72 6.68
 190.9375 -8.0625 0.8750 -0.16 -1.53 8.17
 185.8125 -7.3125 5.7500 -0.38 -6.50 6.19
 182.3750 -2.8750 8.3750 -1.38 -6.63 2.05
 182.8750 4.1250 8.2500 -2.61 -5.11 -1.12
 185.5625 11.4375 5.2500 -2.70 -4.00 -5.60
 190.3125 15.0000 2.3125 -1.87 -0.88 -9.35
 198.0000 14.1250 -1.1250 -1.73 3.68 -6.19
 203.3750 9.6875 -3.4375 -0.86 5.45 -1.75
 205.6250 4.2500 -3.6250 -0.53 2.85 3.98
 205.2500 0.8125 -3.0625 0.11 1.11 4.13
 204.6250 -0.2500 -2.5000 0.37 0.12 1.88
 204.4375 -0.4375 -2.7500 0.12 0.18 0.65
 204.0625 -0.3125 -2.6875 -0.02 -0.11 -0.58
 203.8125 0.0000 -2.9375 0.11 0.37 -0.42
 203.5000 0.0625 -2.6250 -0.12 -0.57 -0.17
 
 %9
196.2500 -3.7500 -2.9375 0.08 0.04 -0.28
 196.3125 -3.6875 -2.9375 0.01 0.08 0.38
 196.3125 -3.6875 -2.9375 0.04 0.11 -0.20
 196.3750 -3.8125 -3.0000 -0.01 0.20 0.38
 196.3750 -3.6875 -3.0625 0.14 -0.17 -0.16
 196.3750 -3.7500 -3.0625 0.06 0.19 0.16
 196.1875 -3.6875 -3.1250 -0.16 -0.35 0.37
 196.3125 -3.6250 -3.0625 0.22 -0.08 0.14
 196.3125 -3.8750 -2.9375 0.19 0.08 1.94
 196.3750 -4.3125 -2.8125 -0.59 -0.56 4.77
 196.9375 -3.9375 -3.3125 0.02 0.42 4.19
 197.7500 -2.4375 -4.0000 -0.21 1.00 3.44
 198.0625 -0.1875 -4.9375 -0.02 -0.25 1.34
 198.6250 1.6250 -5.0000 -0.40 0.25 2.08
 199.1250 4.3750 -6.8750 -0.69 0.89 -0.03
 199.5625 6.5000 -7.7500 -1.18 -0.62 -1.03
 200.3125 10.5000 -9.3125 -0.81 0.11 -5.96
 200.7500 13.2500 -11.0625 0.00 -0.62 -8.12
 200.8750 13.1250 -9.4375 -0.10 -1.14 -3.03
 200.7500 12.2500 -8.7500 -0.41 -1.34 0.38
 201.3750 11.1875 -8.0000 0.00 -0.04 0.02
 202.6875 10.4375 -8.3125 -0.21 0.05 -2.77
 204.2500 9.1250 -8.3750 -0.79 -0.94 -8.39
 205.5000 4.0625 -7.7500 -1.72 3.87 -4.63
 204.5625 -2.1250 -6.5625 -2.16 4.95 3.99
 201.3125 -8.3125 -4.8750 -0.13 5.84 6.40
 194.0000 -10.9375 -1.2500 -0.88 -0.66 9.82
 186.3125 -9.3125 4.5000 -2.78 -9.59 7.48
 183.6875 -3.4375 7.0000 -2.08 -7.87 2.16
 184.6875 3.1250 6.1250 -1.93 -4.06 -4.68
 187.9375 9.8750 4.1875 -2.41 -4.69 -9.73
 194.4375 12.1875 1.1875 -2.32 -0.03 -11.03
 202.6875 9.0000 -3.2500 -1.29 6.72 -4.90
 206.5000 3.4375 -4.0000 -1.55 4.32 1.97
 207.8125 -0.0625 -4.8750 0.90 4.34 3.22
 206.6250 -1.3750 -4.1875 -0.45 -0.82 2.41
 205.8750 -1.6250 -4.1250 0.25 0.17 0.85
 205.3125 -1.2500 -4.6875 0.12 0.16 0.32
 204.8125 -1.0000 -4.6250 -0.11 -0.87 -0.54
 204.9375 -0.8125 -4.6250 -0.07 0.19 -0.10
 
 %9
197.6250 -4.0625 -6.1250 -0.21 0.08 -0.04
 197.5625 -4.1250 -6.0000 -0.04 -0.18 -0.15
 197.5000 -4.2500 -5.6250 0.03 0.04 -0.12
 197.4375 -4.2500 -5.5625 0.03 -0.22 -0.03
 197.3750 -4.4375 -5.5625 -0.02 0.00 0.21
 197.3125 -4.4375 -5.5000 -0.11 -0.37 0.20
 197.5000 -4.3750 -5.6250 0.07 -0.02 -0.07
 197.5000 -4.9375 -5.6250 -0.26 0.11 3.87
 197.8125 -5.3750 -5.1250 -0.25 -0.12 6.32
 198.6250 -4.2500 -6.1250 0.33 0.28 4.46
 200.0625 -2.8125 -8.3750 -0.45 2.83 4.88
 200.5000 0.3750 -10.3125 -0.85 0.49 2.22
 201.4375 3.7500 -11.4375 -1.12 0.77 -1.10
 201.6250 7.4375 -11.6250 -1.30 -0.90 -6.01
 201.3125 11.1875 -12.1875 -0.48 -2.69 -7.98
 201.7500 11.9375 -10.8750 -0.93 -0.52 -3.76
 202.8125 11.5625 -10.1875 -0.15 0.44 -2.40
 202.7500 10.6250 -8.6250 -0.09 -1.21 0.50
 203.2500 9.8750 -8.0000 0.05 -0.36 0.56
 204.4375 9.5625 -8.5000 -0.88 -1.10 -2.54
 206.0625 8.5625 -8.1250 -1.87 -1.90 -7.76
 209.0000 3.8750 -7.3125 -0.60 5.36 -6.43
 208.0625 -3.1250 -5.1875 -2.64 3.11 1.05
 206.0000 -9.6875 -2.6875 -0.97 6.74 10.20
 199.7500 -13.1875 0.1250 -0.33 -0.12 9.53
 191.8750 -12.8125 4.3750 -1.85 -6.83 8.74
 187.0625 -7.4375 7.6250 -2.01 -6.46 1.50
 185.6875 1.0000 6.7500 -2.83 -6.61 -3.44
 187.8750 8.5625 5.1250 -2.91 -5.52 -8.14
 193.3125 11.9375 3.0000 -2.69 -0.79 -9.77
 201.8125 11.3125 -1.3125 -1.72 5.38 -6.91
 207.0000 6.3125 -2.6250 -2.41 6.16 2.65
 209.0625 2.8125 -2.7500 1.21 5.61 4.63
 207.6875 1.4375 -1.8750 -0.84 -1.15 3.26
 207.7500 1.1875 -2.4375 -0.06 -0.04 0.97
 207.8750 1.5000 -2.7500 0.01 0.54 0.03
 
 %9
199.8125 -2.4375 -4.6875 -0.26 -0.21 -0.03
 199.6875 -2.5000 -4.6875 -0.15 0.05 0.00
 199.6250 -2.5625 -4.7500 -0.08 0.05 0.06
 199.6250 -2.5625 -4.8750 0.04 0.18 -0.15
 199.3750 -2.5000 -4.8750 -0.43 -0.48 0.07
 199.3125 -2.3125 -4.8750 -0.01 0.00 -0.84
 199.2500 -2.3750 -4.8125 -0.20 -0.07 -0.13
 199.1875 -2.5000 -4.8125 -0.08 -0.20 -0.35
 198.7500 -2.9375 -5.0000 0.77 0.08 -0.78
 198.0625 -4.3125 -5.3125 -0.77 -0.49 5.94
 198.0625 -7.6250 -3.4375 -0.46 -0.18 7.57
 198.1875 -7.6875 -3.9375 -1.30 -0.75 6.07
 199.5000 -5.7500 -4.5625 -0.39 1.15 2.14
 200.3750 -2.7500 -6.5625 -0.83 0.50 0.56
 200.8750 -0.1250 -7.1250 -0.95 -0.03 -0.44
 201.6250 3.3125 -7.0625 -0.60 -0.41 -3.28
 202.3750 6.4375 -7.5625 -0.85 -0.60 -3.80
 203.4375 9.3750 -7.6250 0.19 0.19 -5.95
 203.4375 10.5000 -8.0625 -0.41 -0.33 -4.33
 203.6250 10.0625 -7.5625 -0.42 -0.30 -0.13
 203.5625 9.8125 -6.5625 -0.75 -1.27 0.64
 204.4375 9.6875 -6.3750 -0.91 -0.28 -2.34
 205.5000 8.6250 -6.5625 -1.03 -0.64 -6.37
 206.6875 5.6250 -6.5625 -0.19 4.00 -5.29
 205.6875 0.0625 -6.5000 -1.67 2.46 1.96
 203.5000 -6.0625 -5.0000 0.35 5.39 6.59
 198.1875 -9.3750 -3.6250 -0.09 2.50 8.64
 192.0625 -9.5000 0.0000 -2.16 -4.31 10.08
 188.6875 -5.8750 2.0625 -2.76 -6.89 3.67
 187.5000 1.1875 3.3125 -1.80 -4.80 -2.63
 189.4375 8.1250 3.0000 -2.27 -5.88 -8.13
 195.0625 11.4375 1.3750 -2.36 -0.59 -6.09
 202.6250 11.3125 -1.5000 -1.65 2.39 -7.67
 208.9375 7.4375 -3.6250 -0.75 7.83 -3.19
 210.1250 3.3750 -3.2500 -0.63 3.50 2.16
 209.1875 -0.1250 -2.5625 -0.73 -0.38 5.08
 208.3750 -1.5000 -1.9375 -0.07 0.48 2.69
 208.0000 -1.3750 -1.8125 0.20 0.18 0.88
 207.4375 -0.9375 -1.8750 -0.20 0.13 0.11
 207.1875 -0.6875 -1.8750 -0.39 -0.19 -0.04
 
 %9
198.7500 -4.3750 -5.5000 0.22 0.00 -0.33
 198.5625 -4.3750 -5.4375 0.00 0.11 0.00
 198.4375 -4.2500 -5.4375 -0.06 -0.16 0.34
 198.3125 -4.3125 -5.3125 -0.01 -0.11 0.13
 198.1875 -4.2500 -5.2500 -0.08 -0.34 0.15
 198.3750 -4.3125 -5.1250 -0.11 0.43 0.06
 198.3125 -4.1250 -5.1875 0.07 -0.06 -0.72
 198.1875 -4.5000 -5.2500 -0.35 0.12 1.55
 198.0625 -5.1875 -5.0000 -0.33 -0.49 3.35
 198.1875 -5.6875 -4.5000 -0.51 -0.10 5.44
 198.8750 -4.5625 -4.9375 0.22 0.96 3.41
 199.4375 -2.4375 -5.9375 0.12 0.78 2.35
 199.8750 0.1250 -7.0000 -0.13 0.66 1.02
 200.2500 3.1875 -8.2500 -0.65 -0.09 0.88
 200.9375 6.9375 -9.5000 -0.27 -0.48 -3.54
 201.1875 9.2500 -10.8750 -0.85 -1.34 -4.77
 202.4375 11.6250 -11.4375 -1.04 -0.18 -6.30
 202.8750 12.5000 -11.1875 -0.16 0.42 -3.79
 202.7500 11.7500 -9.7500 -0.63 -0.21 -0.32
 203.3125 11.1875 -8.8125 -0.27 -1.47 -0.66
 203.9375 10.5625 -8.9375 -0.94 -0.39 -2.95
 205.3750 9.1250 -8.3750 -1.07 -1.99 -9.58
 208.0000 3.5000 -7.0625 -1.35 5.90 -4.01
 206.6875 -4.1250 -5.5625 -1.98 5.02 4.24
 202.0625 -9.8750 -3.5625 -0.72 5.72 8.37
 195.8750 -11.6250 -0.4375 -1.76 -2.17 9.80
 189.3750 -9.8125 5.8750 -2.09 -9.37 4.87
 187.3750 -3.7500 8.0625 -1.88 -6.30 -0.13
 188.8125 3.8125 6.5000 -1.66 -5.32 -5.35
 192.7500 9.3750 3.8750 -1.80 -3.40 -8.29
 197.6875 11.0625 0.8750 -1.43 0.63 -9.41
 203.9375 8.1875 -2.9375 -1.50 6.47 -4.72
 206.9375 2.7500 -4.9375 -1.96 3.76 3.82
 207.3125 -0.3750 -4.8125 0.20 0.93 4.36
 206.6875 -1.2500 -4.1875 -0.60 0.03 2.84
 206.8125 -0.5625 -4.1875 0.98 0.55 -1.33
 206.5625 -0.4375 -4.1875 -0.17 -0.40 -0.13
 
 %9
198.6875 -5.0625 -3.6250 0.12 -0.20 -0.27
 198.5000 -5.1250 -3.6875 0.08 0.06 0.00
 198.3125 -5.2500 -3.6250 -0.13 -0.19 0.54
 198.3125 -5.2500 -3.5625 0.00 0.06 0.09
 198.1875 -5.2500 -3.5625 0.15 0.13 -0.27
 198.1875 -5.3125 -3.5000 -0.15 0.13 0.15
 198.1875 -5.0625 -3.5625 0.10 -0.10 -0.45
 198.2500 -5.1875 -3.6875 0.07 0.29 -0.59
 198.1250 -5.3750 -3.8125 -0.11 -0.25 0.07
 197.9375 -6.4375 -3.5000 -0.99 -0.59 4.24
 198.4375 -7.2500 -2.9375 -0.67 1.97 6.71
 198.6250 -5.2500 -4.0625 -0.07 0.39 3.47
 198.3125 -2.8125 -4.8125 0.09 -0.49 2.18
 198.5000 -0.3125 -5.8125 -0.72 -0.88 2.62
 199.3750 2.2500 -6.5000 -0.93 -0.33 0.65
 200.5625 6.2500 -8.5000 -0.91 -0.32 -2.08
 201.7500 10.0625 -10.0000 -0.28 0.24 -6.22
 202.6875 12.4375 -10.2500 -0.74 -0.92 -6.17
 203.1250 13.3125 -9.7500 -0.69 -0.45 -5.01
 203.3750 12.6875 -9.2500 -0.61 -0.78 -0.52
 203.6875 12.2500 -8.1250 -0.05 -0.63 -0.08
 204.1250 12.0000 -7.8750 -0.93 -1.36 -1.56
 205.2500 11.1875 -7.8125 -1.95 -2.57 -7.18
 208.3125 6.8125 -8.2500 -0.47 4.87 -5.48
 208.4375 0.1250 -6.8125 -1.43 4.34 0.90
 206.6250 -5.5000 -4.8125 -1.03 3.75 4.54
 202.8125 -10.6250 -3.1875 -0.36 3.13 6.41
 195.6875 -13.0625 0.2500 -1.55 -3.00 8.59
 189.1250 -11.6250 4.5625 -2.36 -8.14 6.12
 187.1875 -6.3125 6.0000 -1.94 -6.24 2.38
 187.6875 -0.0625 5.0000 -1.58 -5.07 -3.41
 191.1250 6.4375 3.5000 -1.62 -3.68 -7.19
 196.8125 9.6250 0.3750 -1.78 -2.13 -8.16
 204.6250 7.6250 -3.5000 -1.98 4.98 -3.62
 209.3125 4.5000 -5.5000 -1.32 4.71 0.56
 211.1250 2.3750 -5.6875 0.11 4.68 1.66
 210.4375 1.7500 -5.3125 0.15 0.94 1.30
 209.3125 1.6875 -4.8750 -0.19 -0.93 0.85
 209.0625 1.7500 -4.9375 -0.17 -0.50 0.15
 209.0625 2.0000 -5.1250 -0.02 -0.02 0.25
 209.1875 2.1875 -5.1250 0.19 0.63 -1.14
 
 %9
199.3750 -6.3750 -4.3125 -0.14 0.07 0.22
 199.5000 -6.1250 -4.2500 0.31 0.55 -0.77
 199.3750 -6.1875 -4.2500 -0.11 0.20 0.10
 199.1250 -6.2500 -4.2500 0.08 -0.09 -0.16
 198.9375 -6.3125 -4.2500 0.14 -0.01 0.00
 198.7500 -6.3750 -4.3125 0.14 0.06 0.48
 198.5625 -6.4375 -4.2500 -0.11 0.05 0.53
 198.4375 -6.4375 -4.2500 -0.01 0.24 1.11
 198.0625 -6.8750 -4.0000 -1.18 -0.05 4.67
 198.2500 -6.5000 -3.6250 -0.12 0.46 3.54
 198.6250 -5.0625 -4.1875 0.17 1.21 2.50
 198.9375 -2.8750 -5.4375 0.44 0.50 1.04
 199.0000 -0.8125 -7.0625 -0.54 -0.42 2.39
 199.5625 1.3125 -8.0000 -0.37 -0.46 0.45
 200.4375 4.6250 -8.7500 -0.37 -0.47 -2.05
 201.6875 7.8125 -9.6250 -0.27 0.37 -5.39
 202.6875 9.6250 -9.8125 -0.85 0.17 -5.94
 202.6250 10.1250 -9.8125 -0.81 -0.50 -4.29
 202.4375 9.1875 -8.6875 -0.18 0.85 -0.36
 202.6250 8.2500 -6.8750 -0.10 -1.50 -0.24
 203.0625 7.8125 -5.6875 -2.01 -3.20 -5.42
 205.8125 5.1875 -5.0625 -1.60 3.06 -6.14
 207.5625 -0.6250 -4.0625 -0.13 5.56 -4.05
 205.5625 -7.6875 -1.5625 -1.00 4.89 4.50
 202.1875 -12.8125 0.4375 -0.99 4.38 10.14
 195.3125 -14.6875 3.3125 -0.92 -0.66 9.91
 188.3750 -12.1875 6.7500 -2.07 -7.10 4.33
 184.8750 -6.0000 8.5625 -2.21 -8.18 -1.47
 186.0000 1.2500 7.8750 -1.99 -6.46 -5.10
 189.8750 5.8125 6.5625 -2.29 -4.07 -7.45
 197.7500 8.1875 4.0000 -2.03 1.54 -7.61
 205.9375 6.8750 1.2500 -0.29 8.56 -4.44
 209.2500 3.1250 1.1250 -1.24 4.18 2.44
 209.7500 0.7500 0.9375 0.41 2.88 3.00
 208.6875 0.0000 0.8750 -0.26 -0.98 1.77
 208.2500 -0.0625 0.5000 0.10 0.31 0.92
 207.8750 0.1875 0.3125 -0.23 -0.28 -0.12
 207.8125 0.5625 0.0000 -0.16 -0.04 -0.16
 208.0625 0.6875 0.0000 0.02 0.71 -0.32
 
 %9
199.5000 -6.2500 -5.3750 0.08 0.00 -0.25
 199.6250 -6.3750 -5.4375 0.19 0.64 0.10
 199.5000 -6.4375 -5.3750 0.18 0.18 0.26
 199.3125 -6.3125 -5.3750 0.06 0.16 0.13
 199.1250 -6.3125 -5.3125 0.10 -0.22 0.15
 198.9375 -6.3125 -5.3125 0.07 -0.09 -0.39
 198.9375 -6.3125 -5.5000 0.43 0.14 -1.02
 198.8125 -7.0625 -5.5000 -0.47 0.75 4.44
 198.5625 -8.3125 -4.6250 -2.26 -1.34 9.17
 198.8750 -5.7500 -4.3125 0.48 -0.05 2.34
 200.1250 -2.6250 -6.1875 0.37 0.88 0.90
 201.3750 0.0000 -7.5625 0.03 0.71 0.48
 202.0000 2.0000 -8.7500 -1.04 0.20 0.65
 202.9375 5.0625 -10.1250 -0.19 1.28 -2.48
 203.1250 7.6250 -10.1250 -0.01 -0.77 -7.16
 203.0000 8.8125 -10.3750 -0.66 -1.21 -6.22
 203.0625 7.5000 -8.7500 -1.05 -0.36 0.32
 203.5625 7.6875 -8.0000 0.59 -0.15 -1.33
 203.7500 7.3750 -7.6250 -0.04 0.41 -1.26
 204.5625 7.0000 -7.2500 -0.07 -0.57 -2.29
 205.7500 5.8125 -6.4375 -0.88 -2.00 -6.43
 208.3125 1.6875 -6.3125 -0.78 6.17 -4.43
 207.5000 -3.2500 -5.2500 -1.34 4.23 2.59
 203.7500 -8.6875 -2.0000 -1.17 4.44 6.82
 197.6250 -11.1875 0.4375 0.23 0.51 6.35
 189.9375 -11.8125 5.4375 -1.67 -5.51 8.86
 186.0000 -8.8750 8.1250 -1.45 -7.44 3.84
 184.9375 -2.4375 8.5625 -1.73 -4.74 -0.56
 187.1250 4.7500 8.0625 -1.81 -3.98 -4.72
 191.3750 10.0000 6.3750 -1.23 -1.38 -7.17
 197.0000 12.2500 2.3750 -1.59 1.58 -7.27
 203.7500 9.1875 -0.1250 -1.92 4.23 -2.23
 207.4375 5.8125 -1.6250 0.16 4.44 0.60
 209.0625 3.0000 -2.3125 0.00 2.13 3.33
 208.6875 1.6250 -2.1875 0.18 0.33 1.70
 208.5625 1.5625 -2.0625 0.04 0.26 0.43
 208.6250 1.4375 -2.1875 0.15 0.33 0.07
 208.4375 1.3750 -2.2500 0.07 0.33 -0.77
 
 %9
197.8125 -6.8125 -4.8750 -0.26 -0.18 0.61
 197.9375 -6.8125 -4.7500 0.01 -0.09 0.12
 197.8125 -6.8750 -4.7500 0.32 0.59 0.06
 197.6875 -6.6875 -4.8125 0.01 -0.08 -0.02
 197.6250 -6.6250 -4.8750 0.04 0.00 -0.23
 197.6250 -6.7500 -4.8750 -0.06 -0.25 -0.01
 197.5000 -6.5625 -5.1250 0.47 0.46 -1.16
 197.3125 -6.8125 -5.3125 0.22 0.00 -1.11
 197.1250 -7.4375 -5.5000 0.16 -0.23 0.55
 197.0625 -7.8125 -5.6875 0.56 0.16 -0.48
 196.8125 -9.1250 -5.1250 -0.34 -0.36 4.57
 196.9375 -10.6875 -3.8750 -1.13 0.14 8.35
 197.6250 -9.6875 -3.9375 -0.33 0.64 5.15
 198.7500 -7.7500 -6.3750 0.03 1.16 4.23
 199.5625 -5.1250 -8.5000 -0.20 0.10 -0.39
 200.5625 -3.0625 -9.2500 -1.11 0.52 0.48
 201.0000 0.6875 -9.2500 -1.03 -0.89 -2.97
 201.3750 4.6875 -9.8125 -0.93 -1.52 -5.20
 202.6875 7.7500 -9.4375 -0.15 0.16 -7.03
 203.2500 9.2500 -9.5000 0.04 -0.39 -5.20
 203.0625 9.0625 -8.5625 -0.33 -0.20 -1.05
 202.9375 8.3750 -7.0625 -0.61 -1.54 0.01
 204.1875 7.6875 -6.5625 -1.18 -0.40 -4.15
 205.8125 5.0000 -6.0625 -1.42 -0.16 -7.38
 207.4375 0.0000 -5.9375 0.89 6.87 -4.64
 203.8125 -7.5000 -3.9375 -2.25 2.29 6.76
 199.3750 -12.8125 -2.5625 -0.50 3.03 8.07
 192.3125 -14.7500 0.4375 -2.42 -3.83 11.63
 187.3750 -11.6250 5.0000 -2.70 -7.63 7.05
 186.1875 -5.5000 6.3125 -2.47 -6.30 0.61
 188.1875 2.8750 5.2500 -1.55 -4.12 -5.86
 192.4375 9.1250 3.4375 -1.49 -3.82 -10.19
 199.6875 10.1250 0.2500 -1.85 2.13 -6.90
 207.0625 7.0000 -2.6875 -0.77 5.86 -1.39
 210.1250 3.1875 -3.6875 -1.45 4.20 3.88
 210.5625 1.6250 -3.3750 0.30 2.53 2.73
 209.5000 1.3125 -2.5625 0.35 0.28 0.65
 208.5625 1.0000 -2.5625 -0.06 0.34 1.14
 207.6250 1.3750 -2.6875 -0.35 -1.13 -0.45
 
 %9
196.9375 -6.7500 -1.6875 0.14 0.36 -0.31
 197.0000 -6.8125 -1.8125 0.10 0.31 0.19
 196.8750 -6.8125 -1.8125 -0.19 -0.19 0.38
 196.8750 -6.7500 -1.8125 0.11 -0.14 -0.40
 196.8750 -6.8125 -1.9375 -0.09 -0.01 -0.11
 196.8750 -6.7500 -2.0625 -0.03 0.20 0.17
 196.8125 -6.8750 -2.0000 0.06 0.24 0.39
 196.8125 -6.8125 -2.0000 -0.02 -0.30 0.29
 196.9375 -6.6875 -2.1875 0.17 0.53 -0.05
 196.6875 -7.0625 -2.3750 0.28 -0.82 1.46
 196.5625 -8.8750 -3.0625 -1.23 -1.18 9.10
 197.5000 -8.6250 -3.7500 -0.53 0.22 7.91
 199.5000 -5.4375 -5.4375 -0.07 1.84 4.21
 200.8125 -1.5625 -7.6875 -0.43 1.98 0.73
 201.0625 3.7500 -9.4375 -0.81 -0.07 -4.80
 201.4375 7.6250 -10.7500 -1.95 -2.12 -6.08
 202.2500 10.3750 -10.7500 -1.69 -1.93 -8.13
 203.1250 11.1250 -9.0625 -1.00 -1.81 -5.15
 203.2500 11.3125 -8.3125 0.44 -0.31 -2.35
 203.1250 10.5000 -7.3125 -0.21 -0.40 0.23
 203.5625 9.8125 -6.4375 0.08 -0.92 -0.64
 204.5000 9.2500 -6.5000 -0.61 -1.15 -3.25
 205.7500 7.4375 -6.3125 -0.43 0.71 -9.85
 207.4375 1.9375 -5.5000 -0.02 5.24 -7.29
 204.8125 -7.1875 -4.0000 -3.24 6.98 7.80
 198.9375 -14.9375 -1.9375 -2.77 2.40 14.42
 190.6250 -16.6875 4.5000 -2.78 -7.00 12.45
 186.3125 -11.4375 9.0625 -2.61 -7.05 4.76
 185.3750 -2.1875 9.8125 -2.56 -5.78 -1.82
 187.2500 5.2500 9.0000 -1.81 -4.68 -8.74
 191.6875 10.6250 7.1875 -2.17 -4.24 -12.03
 199.6250 10.3750 3.1250 -2.95 4.31 -4.45
 205.9375 6.5625 0.0625 -2.52 9.58 3.09
 209.1250 4.0000 -0.5000 0.97 4.77 1.56
 207.5625 2.6250 0.0625 -0.12 -0.35 2.10
 207.1250 1.9375 0.3750 0.60 0.78 0.51
 206.6250 1.7500 0.3125 0.02 0.16 0.60
 205.8750 1.6250 0.6250 0.04 -0.71 -0.33
 205.6250 1.5625 0.3750 0.41 0.86 0.20
 
 %9
198.1250 -6.0000 -4.5625 0.08 -0.22 -0.31
 198.1250 -6.0625 -4.5000 0.18 0.13 -0.12
 198.0000 -5.9375 -4.6250 0.20 0.18 -0.09
 197.9375 -5.9375 -4.6250 0.27 0.03 -0.09
 197.6875 -6.0000 -4.5625 0.03 -0.07 -0.04
 197.6250 -5.9375 -4.5625 0.08 -0.05 0.06
 197.6875 -5.8750 -4.5625 0.12 -0.09 -0.56
 197.9375 -6.0000 -4.5625 0.24 0.49 -0.25
 197.8125 -6.5000 -4.5625 0.07 -0.07 1.09
 197.7500 -7.9375 -3.6875 -0.25 -0.53 5.79
 198.3750 -9.3125 -2.8125 -0.26 0.79 7.16
 199.1250 -8.4375 -3.4375 0.00 0.86 5.71
 199.7500 -5.5625 -3.1875 -0.22 0.87 1.32
 199.3125 -2.1875 -4.5000 -1.43 -0.72 -0.57
 199.1875 2.4375 -3.9375 -1.20 -1.23 -2.78
 199.7500 6.6250 -3.5000 -1.23 -0.26 -5.25
 200.6250 9.0625 -2.5000 -2.49 -1.57 -3.93
 201.8125 11.1250 -1.9375 -0.82 0.36 -6.74
 202.6875 11.5625 -2.7500 0.31 1.78 -3.22
 202.7500 10.6250 -2.1875 0.32 -0.68 -0.91
 203.0625 9.5625 -2.0625 -0.27 -1.74 -0.11
 204.4375 9.1875 -2.5000 -1.68 -2.49 -6.64
 207.7500 6.1875 -2.8125 -1.72 0.82 -7.91
 210.0000 -0.1250 -2.7500 -0.38 5.19 -4.85
 208.1250 -7.2500 -0.7500 -1.79 4.22 6.47
 204.0625 -13.3125 0.8750 -0.53 5.55 9.99
 196.3750 -15.8125 4.7500 -2.19 -2.10 11.67
 189.1250 -13.6250 10.0625 -2.71 -7.45 6.14
 186.1250 -6.3750 12.6875 -2.46 -7.48 -0.03
 186.5625 0.5625 13.0000 -2.28 -6.36 -5.01
 190.3125 8.5625 12.0625 -2.34 -3.65 -8.55
 198.2500 12.1250 9.0000 -1.36 2.21 -9.55
 205.3750 11.4375 5.3750 -2.30 6.16 -4.47
 210.8125 6.8750 3.0625 -1.50 6.35 0.23
 211.1875 3.8125 2.6875 0.79 3.78 2.22
 209.9375 1.8750 3.0625 -0.64 -1.42 4.28
 209.4375 1.1875 3.3125 0.75 1.04 0.67
 209.0000 1.3125 3.3750 0.14 -0.36 0.55
 208.7500 1.5000 3.5625 0.05 0.32 -0.08 