-0.255648,-0.466800,0.774628,-0.318771,0.519767
-0.254404,-0.464614,0.772435,-0.318164,0.519052
-0.253222,-0.460614,0.770352,-0.317583,0.516577
-0.252099,-0.456814,0.770296,-0.316289,0.513240
-0.252956,-0.455127,0.772166,-0.316575,0.510585
-0.253770,-0.453525,0.775865,-0.316112,0.507115
-0.254543,-0.452002,0.779380,-0.315675,0.503836
-0.255277,-0.452479,0.782718,-0.315264,0.502532
-0.257898,-0.452932,0.785890,-0.317088,0.500997
-0.262311,-0.455285,0.790826,-0.320272,0.500101
-0.268426,-0.457521,0.795516,-0.325427,0.498949
-0.272312,-0.457722,0.801894,-0.327368,0.495510
-0.276004,-0.457913,0.807953,-0.329180,0.492284
-0.279512,-0.458094,0.813709,-0.330875,0.489257
-0.280921,-0.458266,0.819178,-0.330363,0.486711
-0.282259,-0.456507,0.824373,-0.329882,0.482588
-0.283531,-0.456758,0.827385,-0.330142,0.481279
-0.284739,-0.456997,0.828323,-0.331099,0.480894
-0.285887,-0.457224,0.829215,-0.332006,0.480529
-0.286977,-0.457440,0.828139,-0.333583,0.481031
-0.288013,-0.457645,0.827116,-0.335082,0.481508
-0.288997,-0.455917,0.826145,-0.336509,0.480234
-0.288009,-0.454275,0.823299,-0.336517,0.480168
-0.285147,-0.452715,0.820596,-0.334434,0.480404
-0.282428,-0.451233,0.818028,-0.332441,0.480628
-0.279845,-0.447902,0.817511,-0.329811,0.478224
-0.277391,-0.444738,0.818943,-0.326589,0.475068
-0.275060,-0.441732,0.820304,-0.323533,0.472059
-0.274768,-0.438876,0.821596,-0.322739,0.468910
-0.278338,-0.438086,0.826670,-0.324775,0.465435
-0.283652,-0.437335,0.833414,-0.328051,0.461059
-0.288700,-0.438546,0.841743,-0.330406,0.457884
-0.295419,-0.439695,0.851579,-0.333917,0.453848
-0.301802,-0.440787,0.860923,-0.337170,0.450090
-0.309788,-0.441825,0.871723,-0.341455,0.445551
-0.319299,-0.442811,0.881983,-0.347346,0.441062
-0.328334,-0.443747,0.891730,-0.352795,0.436882
-0.338840,-0.444637,0.900990,-0.359714,0.432716
-0.348821,-0.445482,0.907863,-0.366832,0.429525
-0.358303,-0.444361,0.914393,-0.373459,0.424903
-0.367311,-0.443297,0.920597,-0.379638,0.420562
-0.373946,-0.442286,0.926490,-0.383619,0.416750
-0.380249,-0.441326,0.932088,-0.387344,0.413168
-0.386236,-0.440413,0.935484,-0.391554,0.410441
-0.391924,-0.437623,0.938710,-0.395513,0.406272
-0.401174,-0.436896,0.939851,-0.403435,0.404017
-0.409962,-0.436205,0.940936,-0.410895,0.401870
-0.420233,-0.435549,0.941966,-0.419625,0.399554
-0.429990,-0.434925,0.942944,-0.427839,0.397345
-0.439260,-0.434333,0.945797,-0.434792,0.394646
-0.446143,-0.435693,0.946584,-0.440441,0.394523
-0.454605,-0.435062,0.945409,-0.448215,0.393138
-0.460721,-0.434463,0.944292,-0.453922,0.392092
-0.468454,-0.433894,0.941308,-0.461776,0.391380
-0.475801,-0.435276,0.936551,-0.470055,0.392822
-0.482780,-0.436589,0.932031,-0.477934,0.394171
-0.491333,-0.437836,0.925814,-0.487908,0.395704
-0.499459,-0.439022,0.921831,-0.496535,0.396554
-0.507178,-0.442070,0.916124,-0.505613,0.399469
-0.514512,-0.443044,0.908779,-0.515163,0.401228
-0.519555,-0.443969,0.899879,-0.523607,0.403787
-0.524347,-0.444847,0.891423,-0.531708,0.406212
-0.528899,-0.445682,0.883391,-0.539474,0.408510
-0.533223,-0.448398,0.873836,-0.547892,0.412852
-0.537331,-0.449055,0.864760,-0.555981,0.415403
-0.541234,-0.449679,0.858060,-0.562734,0.417229
-0.543018,-0.450272,0.849773,-0.568615,0.419937
-0.544714,-0.450835,0.841900,-0.574267,0.422520
-0.546324,-0.451370,0.834420,-0.579697,0.424985
-0.545931,-0.449956,0.827314,-0.583292,0.426132
-0.543634,-0.448612,0.816718,-0.587287,0.428868
-0.541453,-0.447335,0.806651,-0.591159,0.431508
-0.537457,-0.446122,0.797088,-0.593252,0.434480
-0.529815,-0.443047,0.788003,-0.591928,0.436559
-0.522555,-0.440125,0.779372,-0.590639,0.438579
-0.513735,-0.435427,0.769249,-0.588814,0.439950
-0.505356,-0.430963,0.759633,-0.587030,0.441287
-0.495473,-0.426722,0.750498,-0.583507,0.443045
-0.486084,-0.422694,0.739896,-0.581254,0.445461
-0.477164,-0.418867,0.729824,-0.579047,0.447820
-0.466767,-0.415231,0.718333,-0.576229,0.451339
-0.456891,-0.411778,0.709339,-0.572221,0.454029
-0.447508,-0.408496,0.700795,-0.568299,0.456649
-0.436671,-0.403456,0.692679,-0.562479,0.457808
-0.424452,-0.398668,0.683045,-0.556015,0.460236
-0.412845,-0.394119,0.673893,-0.549653,0.462604
-0.401818,-0.389798,0.663275,-0.544680,0.465761
-0.387497,-0.385693,0.655111,-0.534144,0.469021
-0.373891,-0.381793,0.645432,-0.525051,0.473083
-0.359043,-0.378088,0.634315,-0.515069,0.478514
-0.343014,-0.374568,0.623753,-0.502781,0.484381
-0.325863,-0.369301,0.611796,-0.489412,0.489521
-0.307647,-0.364297,0.600437,-0.473496,0.495109
-0.290341,-0.359544,0.589646,-0.457549,0.500569
-0.273901,-0.355028,0.579394,-0.441600,0.505890
-0.256360,-0.350739,0.569655,-0.422876,0.511605
-0.239696,-0.346663,0.564250,-0.401705,0.514644
-0.223865,-0.342792,0.559114,-0.380844,0.517442
-0.208825,-0.339113,0.554235,-0.360331,0.520002
-0.194538,-0.335619,0.549600,-0.340201,0.522332
-0.180965,-0.332300,0.549043,-0.318387,0.521696
-0.171917,-0.329146,0.554284,-0.300752,0.515929
-0.163321,-0.326151,0.561185,-0.283206,0.508988
-0.155155,-0.323305,0.567741,-0.266771,0.502317
-0.149320,-0.320601,0.575892,-0.253698,0.494268
-0.143777,-0.318032,0.589405,-0.239263,0.482828
-0.136588,-0.315592,0.602243,-0.223027,0.472448
-0.129759,-0.313274,0.612515,-0.208760,0.463928
-0.117502,-0.311072,0.618428,-0.187763,0.458968
-0.105857,-0.308980,0.622122,-0.168541,0.455307
-0.092872,-0.305070,0.625631,-0.147370,0.449415
-0.080536,-0.301355,0.628965,-0.127353,0.443650
-0.068817,-0.297825,0.632132,-0.108438,0.438030
-0.055761,-0.292549,0.637064,-0.087306,0.429045
-0.043358,-0.287537,0.641749,-0.067459,0.420384
-0.031574,-0.282776,0.646200,-0.048823,0.412055
-0.020380,-0.276329,0.652352,-0.031231,0.400500
-0.009746,-0.270205,0.660119,-0.014763,0.388484
-0.003489,-0.262464,0.673267,-0.005183,0.371710
0.002454,-0.255110,0.689603,0.003559,0.354323
0.008101,-0.248124,0.707046,0.011457,0.337483
0.013465,-0.241487,0.725540,0.018557,0.321253
0.018561,-0.235182,0.743109,0.024972,0.306420
0.025325,-0.231115,0.757877,0.033404,0.295837
0.031751,-0.227252,0.769983,0.041213,0.286760
0.041702,-0.225504,0.777638,0.053576,0.281861
0.051156,-0.223845,0.782987,0.065241,0.277896
0.060136,-0.220345,0.784222,0.076533,0.273148
0.070591,-0.215097,0.783472,0.089858,0.266911
0.082446,-0.208188,0.780837,0.105197,0.259184
0.093708,-0.201625,0.778334,0.119819,0.251734
0.102485,-0.195390,0.775956,0.131315,0.244637
0.110822,-0.189466,0.775619,0.141921,0.237267
0.116819,-0.183839,0.777223,0.149187,0.229775
0.120594,-0.178493,0.782593,0.152892,0.221713
0.118410,-0.175338,0.795386,0.147786,0.214681
0.114413,-0.174263,0.809463,0.140414,0.210020
0.110615,-0.171319,0.824759,0.133323,0.203040
0.105084,-0.168523,0.843136,0.123996,0.195800
0.095984,-0.171635,0.864441,0.110583,0.194834
0.089262,-0.174592,0.886604,0.100340,0.193480
0.084799,-0.175477,0.903812,0.093549,0.190949
0.080559,-0.174396,0.918237,0.087508,0.186988
0.076531,-0.173368,0.928094,0.082274,0.184061
0.072704,-0.172392,0.937459,0.077400,0.181329
0.070992,-0.169542,0.942509,0.075180,0.177488
0.071289,-0.164911,0.943460,0.075418,0.172563
0.071570,-0.160512,0.944364,0.075642,0.167887
0.071838,-0.156332,0.945223,0.075855,0.163445
0.075938,-0.150439,0.944116,0.080261,0.157515
0.081757,-0.142917,0.941141,0.086652,0.150146
0.091131,-0.135771,0.938314,0.096818,0.143035
0.100036,-0.128982,0.939476,0.106081,0.135681
0.102726,-0.122533,0.950194,0.107692,0.127513
0.105282,-0.116407,0.960377,0.109190,0.119909
0.107710,-0.110586,0.970050,0.110583,0.112823
0.104248,-0.108903,0.983086,0.105647,0.109717
0.097112,-0.109227,0.999316,0.096875,0.108363
0.086488,-0.111458,1.018581,0.084707,0.108603
0.074471,-0.113577,1.038806,0.071566,0.108625
0.063055,-0.113668,1.056097,0.059635,0.107028
0.054133,-0.111831,1.068676,0.050611,0.104132
0.045657,-0.110085,1.080627,0.042225,0.101432
0.037605,-0.106504,1.088134,0.034545,0.097509
0.033802,-0.103102,1.093343,0.030906,0.093977
0.034035,-0.097947,1.096368,0.031033,0.089058
0.036179,-0.091126,1.099242,0.032901,0.082666
0.042062,-0.084647,1.098126,0.038285,0.076875
0.047652,-0.078492,1.097066,0.043408,0.071358
0.052961,-0.072644,1.096059,0.048282,0.066104
0.056083,-0.067089,1.095102,0.051167,0.061106
0.055202,-0.061811,1.096116,0.050318,0.056260
0.052441,-0.056798,1.099003,0.047681,0.051576
0.045973,-0.052035,1.103668,0.041631,0.047071
0.037905,-0.049433,1.110023,0.034135,0.044478
0.028318,-0.046961,1.117983,0.025324,0.041967
0.019210,-0.044613,1.127469,0.017036,0.039543
0.010557,-0.042382,1.140326,0.009257,0.037148
0.002337,-0.040263,1.150618,0.002031,0.034978
-0.005473,-0.036327,1.160394,-0.004716,0.031295
-0.010968,-0.032588,1.165836,-0.009408,0.027944
-0.014266,-0.029035,1.169083,-0.012202,0.024829
-0.015476,-0.023737,1.170244,-0.013224,0.020280
-0.016625,-0.018704,1.171347,-0.014192,0.015965
-0.015794,-0.012000,1.170472,-0.013493,0.010251
-0.013081,-0.003708,1.167718,-0.011202,0.003175
-0.010504,0.004170,1.165101,-0.009015,-0.003579
-0.008056,0.011654,1.160692,-0.006940,-0.010040
-0.007653,0.018764,1.158427,-0.006606,-0.016196
-0.007270,0.025518,1.158198,-0.006277,-0.022028
-0.010753,0.030011,1.159903,-0.009270,-0.025867
-0.015984,0.034280,1.163447,-0.013738,-0.029453
-0.022877,0.036412,1.168736,-0.019572,-0.031139
-0.031349,0.038437,1.175684,-0.026658,-0.032670
-0.041320,0.038439,1.182284,-0.034935,-0.032481
-0.052716,0.038440,1.190478,-0.044252,-0.032247
-0.063541,0.038441,1.196338,-0.053063,-0.032076
-0.073826,0.038442,1.203829,-0.061249,-0.031862
-0.083596,0.038443,1.210945,-0.068924,-0.031660
-0.092878,0.036521,1.215783,-0.076245,-0.029943
-0.101695,0.034695,1.220378,-0.083139,-0.028324
-0.110072,0.034883,1.222821,-0.089773,-0.028404
-0.116107,0.035062,1.225141,-0.094488,-0.028483
-0.119917,0.037155,1.227346,-0.097395,-0.030120
-0.119690,0.042990,1.231363,-0.096897,-0.034734
-0.123321,0.048532,1.237103,-0.099357,-0.039017
-0.128694,0.053798,1.244478,-0.103045,-0.042974
-0.133797,0.058801,1.253408,-0.106344,-0.046614
-0.140569,0.061630,1.259969,-0.111106,-0.048574
-0.147002,0.064317,1.268124,-0.115406,-0.050339
-0.153114,0.064948,1.275872,-0.119436,-0.050499
-0.160843,0.065547,1.283232,-0.124692,-0.050639
-0.170108,0.064192,1.286378,-0.131475,-0.049431
-0.180834,0.062906,1.289367,-0.139341,-0.048278
-0.191023,0.061684,1.294129,-0.146549,-0.047118
-0.200702,0.060522,1.298654,-0.153333,-0.046025
-0.209898,0.059419,1.301029,-0.159954,-0.045058
-0.216711,0.058371,1.301362,-0.165012,-0.044216
-0.223183,0.057376,1.301678,-0.169807,-0.043417
-0.227408,0.058353,1.301979,-0.172919,-0.044122
-0.231423,0.059282,1.302265,-0.175872,-0.044790
-0.235236,0.062087,1.302536,-0.178673,-0.046873
-0.236936,0.064752,1.300871,-0.180161,-0.048931
-0.238550,0.067283,1.299289,-0.181579,-0.050890
-0.240085,0.069689,1.295863,-0.183193,-0.052829
-0.243465,0.071973,1.292608,-0.186171,-0.054664
-0.248599,0.072221,1.289516,-0.190449,-0.054938
-0.253477,0.072456,1.288502,-0.194242,-0.055119
-0.260034,0.070756,1.287538,-0.199282,-0.053815
-0.266263,0.069141,1.286623,-0.204067,-0.052575
-0.274104,0.067607,1.283830,-0.210346,-0.051455
-0.281552,0.066150,1.281177,-0.216322,-0.050386
-0.288629,0.064766,1.278657,-0.222007,-0.049368
-0.295351,0.061527,1.276262,-0.227415,-0.046933
-0.301737,0.058451,1.273988,-0.232559,-0.044616
-0.309727,0.055529,1.271827,-0.238880,-0.042395
-0.317318,0.052752,1.269774,-0.244886,-0.040283
-0.324529,0.050115,1.267824,-0.250593,-0.038275
-0.331379,0.047609,1.265971,-0.256015,-0.036365
-0.337887,0.045228,1.264211,-0.261167,-0.034549
-0.344070,0.042967,1.262539,-0.266061,-0.032823
-0.349943,0.040819,1.260950,-0.270711,-0.031182
-0.355523,0.038778,1.259441,-0.275128,-0.029623
-0.360824,0.036839,1.259931,-0.278919,-0.028101
-0.365860,0.034997,1.260396,-0.282510,-0.026660
-0.370644,0.033247,1.258914,-0.286325,-0.025329
-0.373265,0.029662,1.253661,-0.289382,-0.022672
-0.375756,0.028178,1.248670,-0.292305,-0.021606
-0.376199,0.026770,1.242006,-0.294112,-0.020625
-0.378543,0.023508,1.233752,-0.297704,-0.018214
-0.382692,0.018486,1.225910,-0.302584,-0.014394
-0.386635,0.013716,1.218461,-0.307265,-0.010729
-0.390380,0.009184,1.209461,-0.312215,-0.007226
-0.393938,0.004879,1.202834,-0.316499,-0.003855
-0.397318,-0.001134,1.196539,-0.320601,0.000900
-0.400529,-0.006847,1.192481,-0.324040,0.005443
-0.403579,-0.012274,1.186703,-0.327814,0.009792
-0.406477,-0.017429,1.179291,-0.331927,0.013972
-0.409230,-0.024250,1.172249,-0.335871,0.019529
-0.411846,-0.028807,1.165560,-0.339652,0.023299
-0.412407,-0.033136,1.159205,-0.341804,0.026925
-0.411018,-0.037248,1.151245,-0.342915,0.030462
-0.411621,-0.041155,1.143683,-0.345474,0.033846
-0.412194,-0.046790,1.136499,-0.347933,0.038684
-0.410815,-0.050219,1.129674,-0.348790,0.041754
-0.409505,-0.055401,1.123190,-0.349614,0.046307
-0.410183,-0.060323,1.115107,-0.352480,0.050727
-0.410828,-0.064999,1.107429,-0.355237,0.054974
-0.411440,-0.069442,1.100134,-0.357886,0.059053
-0.412022,-0.073662,1.093205,-0.360430,0.062969
-0.412575,-0.077671,1.088544,-0.362286,0.066623
-0.411177,-0.081480,1.082194,-0.363101,0.070266
-0.409849,-0.085098,1.076161,-0.363884,0.073764
-0.408587,-0.088535,1.070430,-0.364635,0.077119
-0.407389,-0.091801,1.064986,-0.365356,0.080337
-0.406250,-0.096826,1.059813,-0.366047,0.085103
-0.405168,-0.101600,1.054899,-0.366709,0.089668
-0.406064,-0.106136,1.050231,-0.368938,0.093982
-0.406914,-0.110444,1.045797,-0.371070,0.098104
-0.407722,-0.112614,1.039661,-0.373737,0.100501
-0.408490,-0.116599,1.033832,-0.376295,0.104510
-0.409220,-0.120385,1.028294,-0.378746,0.108349
-0.409912,-0.123981,1.023033,-0.381095,0.112024
-0.410571,-0.129320,1.018035,-0.383345,0.117269
-0.413119,-0.134393,1.011364,-0.387793,0.122400
-0.415540,-0.139211,1.006950,-0.391383,0.127107
-0.415917,-0.143789,1.002756,-0.393177,0.131686
-0.412429,-0.146215,0.998772,-0.391608,0.134495
-0.409115,-0.148520,0.993064,-0.390784,0.137411
-0.405967,-0.150709,0.987642,-0.389993,0.140211
-0.401053,-0.150866,0.982491,-0.387556,0.141220
-0.396385,-0.152938,0.977597,-0.385212,0.143976
-0.391950,-0.156830,0.972948,-0.382960,0.148415
-0.387738,-0.158604,0.966608,-0.381482,0.151126
-0.383735,-0.162212,0.960585,-0.380059,0.155551
-0.379933,-0.165640,0.952941,-0.379381,0.160078
-0.376321,-0.168896,0.945678,-0.378727,0.164443
-0.372890,-0.171990,0.940702,-0.377395,0.168356
-0.369630,-0.176852,0.935975,-0.376115,0.173965
-0.366533,-0.181471,0.931484,-0.374885,0.179341
-0.363591,-0.185859,0.927217,-0.373705,0.184491
-0.362719,-0.190027,0.923164,-0.374378,0.189292
-0.361891,-0.193988,0.921237,-0.374311,0.193540
-0.361104,-0.199673,0.919405,-0.374248,0.199456
-0.360356,-0.203151,0.917666,-0.374187,0.203215
-0.359646,-0.206455,0.916013,-0.374129,0.206794
-0.357049,-0.209594,0.914444,-0.372251,0.210347
-0.354581,-0.212575,0.912952,-0.370457,0.213733
-0.352236,-0.215408,0.911535,-0.368746,0.216959
-0.348086,-0.218099,0.910189,-0.365271,0.220183
-0.344143,-0.220656,0.908911,-0.361952,0.223255
-0.340398,-0.223085,0.905773,-0.359480,0.226590
-0.336839,-0.225392,0.902792,-0.357111,0.229779
-0.333459,-0.227584,0.899960,-0.354843,0.232828
-0.328324,-0.229666,0.895347,-0.351475,0.236329
-0.323447,-0.231644,0.890964,-0.348235,0.239689
-0.318813,-0.235447,0.886800,-0.345121,0.244834
-0.314411,-0.237136,0.884768,-0.341441,0.247376
-0.310229,-0.238741,0.882837,-0.337921,0.249802
-0.308179,-0.242188,0.881003,-0.336500,0.253884
-0.304308,-0.243540,0.879261,-0.333192,0.256007
-0.300631,-0.244825,0.877605,-0.330030,0.258031
-0.297138,-0.246045,0.876033,-0.327009,0.259961
-0.295743,-0.249128,0.874539,-0.326097,0.263577
-0.294417,-0.252056,0.873120,-0.325228,0.267018
-0.293158,-0.254838,0.871771,-0.324399,0.270294
-0.291962,-0.257480,0.870490,-0.323608,0.273412
-0.292748,-0.261914,0.869274,-0.324843,0.278143
-0.291572,-0.264203,0.866194,-0.324699,0.281406
-0.290455,-0.266377,0.859423,-0.325913,0.285605
-0.287471,-0.268443,0.854914,-0.324380,0.289276
-0.284636,-0.270406,0.848706,-0.323588,0.293358
-0.280019,-0.272270,0.842810,-0.320771,0.297476
-0.273711,-0.274041,0.835284,-0.316659,0.302219
-0.267717,-0.275724,0.828136,-0.312673,0.306799
-0.262024,-0.277322,0.821344,-0.308812,0.311219
-0.254692,-0.278841,0.812969,-0.303601,0.316314
-0.247727,-0.280283,0.805013,-0.298533,0.321245
-0.239186,-0.279731,0.797455,-0.291399,0.324141
-0.231073,-0.281129,0.788351,-0.285123,0.329715
-0.225289,-0.282457,0.779703,-0.281281,0.334915
-0.219794,-0.283719,0.771487,-0.277543,0.339951
-0.214573,-0.284917,0.763682,-0.273910,0.344825
-0.209614,-0.286056,0.756267,-0.270381,0.349538
-0.204902,-0.287138,0.749223,-0.266958,0.354091
-0.198503,-0.286243,0.740608,-0.261872,0.357297
-0.192424,-0.285392,0.732424,-0.256917,0.360405
-0.186649,-0.286507,0.726572,-0.251453,0.364829
-0.183086,-0.287566,0.721012,-0.248673,0.368874
-0.177778,-0.288573,0.713808,-0.244090,0.373841
-0.170812,-0.289529,0.706964,-0.237070,0.378853
-0.164195,-0.290437,0.700462,-0.230252,0.383686
-0.155985,-0.291299,0.696208,-0.220409,0.387630
-0.148186,-0.292119,0.692167,-0.210906,0.391393
-0.140776,-0.290975,0.688328,-0.201737,0.392648
-0.133737,-0.289888,0.684680,-0.192900,0.393829
-0.127051,-0.288855,0.683139,-0.183880,0.393973
-0.120698,-0.287873,0.681674,-0.175245,0.394083
-0.112740,-0.288864,0.682206,-0.163778,0.395723
-0.105180,-0.289806,0.682711,-0.152860,0.397239
-0.097998,-0.290700,0.683191,-0.142470,0.398641
-0.091175,-0.291550,0.683647,-0.132583,0.399938
-0.086616,-0.292357,0.684080,-0.125947,0.401013
-0.080362,-0.293124,0.684491,-0.116869,0.402137
-0.074421,-0.295775,0.682959,-0.108540,0.406546
-0.068777,-0.298294,0.681503,-0.100579,0.410721
-0.063415,-0.300687,0.680120,-0.092972,0.414674
-0.058321,-0.302960,0.678807,-0.085707,0.418417
-0.053482,-0.305120,0.679482,-0.078548,0.420909
-0.048885,-0.305249,0.680123,-0.071753,0.420906
-0.042595,-0.305371,0.678809,-0.062667,0.422005
-0.036619,-0.303564,0.677561,-0.053992,0.420666
-0.030942,-0.301847,0.676375,-0.045714,0.419360
-0.025548,-0.300216,0.677172,-0.037710,0.417037
-0.020425,-0.300590,0.679852,-0.030034,0.416132
-0.015557,-0.299022,0.684321,-0.022730,0.411864
-0.012856,-0.297533,0.686643,-0.018721,0.408828
-0.010291,-0.296118,0.688849,-0.014938,0.405950
-0.007853,-0.296696,0.690945,-0.011365,0.405573
-0.003614,-0.297246,0.692937,-0.005216,0.405220
0.000413,-0.297768,0.694828,0.000594,0.404873
0.004238,-0.298265,0.696625,0.006084,0.404534
0.009796,-0.298736,0.698332,0.014026,0.404191
0.015075,-0.299184,0.698031,0.021593,0.404841
0.020091,-0.299609,0.697745,0.028786,0.405438
0.026778,-0.300013,0.695550,0.038480,0.406953
0.033132,-0.298474,0.693465,0.047741,0.406030
0.039167,-0.297012,0.691484,0.056582,0.405120
0.046824,-0.295623,0.691525,0.067609,0.403155
0.054099,-0.292380,0.691564,0.078067,0.398897
0.062932,-0.289300,0.691601,0.090745,0.394720
0.071324,-0.286373,0.695483,0.102196,0.388766
0.077373,-0.281670,0.701093,0.109916,0.379932
0.081197,-0.279125,0.708346,0.114131,0.373147
0.080983,-0.278630,0.715237,0.112745,0.369328
0.078857,-0.278160,0.723706,0.108535,0.364975
0.076837,-0.279637,0.733674,0.104349,0.362336
0.076842,-0.281040,0.745067,0.102770,0.358955
0.078769,-0.280449,0.755891,0.103832,0.353517
0.080600,-0.279888,0.766173,0.104812,0.348476
0.084262,-0.279355,0.775942,0.108169,0.343710
0.089664,-0.276926,0.783298,0.113974,0.337783
0.094796,-0.272695,0.790287,0.119381,0.330069
0.099672,-0.268676,0.796927,0.124424,0.322830
0.104304,-0.262934,0.805157,0.128827,0.313197
0.108704,-0.257480,0.812976,0.132923,0.304177
0.112884,-0.252298,0.820405,0.136737,0.295725
0.116855,-0.247376,0.829384,0.139973,0.287183
0.122551,-0.242699,0.837915,0.145227,0.279116
0.127962,-0.238256,0.846019,0.150114,0.271574
0.131179,-0.234036,0.853718,0.152464,0.264604
0.134236,-0.230026,0.861032,0.154656,0.258077
0.137139,-0.226217,0.867981,0.156703,0.251961
0.137975,-0.224522,0.876505,0.156133,0.247838
0.136845,-0.224834,0.884603,0.153480,0.246086
0.133849,-0.225131,0.892296,0.148895,0.244521
0.131003,-0.227336,0.897681,0.144912,0.245537
0.130222,-0.227508,0.902797,0.143255,0.244434
0.129480,-0.227671,0.907657,0.141697,0.243396
0.130698,-0.223980,0.912274,0.142298,0.238414
0.133779,-0.220473,0.916660,0.144918,0.233650
0.136705,-0.217142,0.920827,0.147383,0.229158
0.137562,-0.212054,0.924786,0.147667,0.223032
0.140299,-0.207220,0.928547,0.149961,0.217181
0.142900,-0.202628,0.930196,0.152432,0.212071
0.145370,-0.198266,0.931763,0.154769,0.207225
0.149640,-0.192199,0.935175,0.158668,0.200221
0.153697,-0.186435,0.940340,0.162015,0.193226
0.157550,-0.180960,0.947169,0.164829,0.186279
0.159288,-0.177681,0.953656,0.165501,0.181742
0.157093,-0.174566,0.961743,0.161912,0.177256
0.155008,-0.171607,0.969425,0.158554,0.173051
0.151103,-0.168796,0.976723,0.153488,0.169155
0.145471,-0.168048,0.983656,0.146824,0.167421
0.140121,-0.167338,0.990242,0.140568,0.165785
0.133115,-0.166664,0.996500,0.132796,0.164283
0.126459,-0.166023,1.002444,0.125488,0.162860
0.120136,-0.165414,1.008091,0.118612,0.161514
0.116052,-0.164836,1.011532,0.114230,0.160502
0.112173,-0.164286,1.014802,0.110090,0.159542
0.110410,-0.163764,1.015985,0.108248,0.158893
0.110659,-0.161345,1.019032,0.108168,0.156125
0.108972,-0.159047,1.021926,0.106233,0.153539
0.107370,-0.156864,1.024676,0.104403,0.151092
0.105847,-0.154790,1.029212,0.102483,0.148506
0.102478,-0.154743,1.035443,0.098649,0.147637
0.099277,-0.154698,1.041364,0.095047,0.146819
0.094313,-0.154655,1.046988,0.089838,0.146071
0.087675,-0.154615,1.054254,0.082972,0.145126
0.081368,-0.154577,1.061156,0.076529,0.144233
0.073453,-0.154540,1.065791,0.068810,0.143661
0.065935,-0.152582,1.068271,0.061643,0.141606
0.060715,-0.150722,1.068703,0.056751,0.139886
0.057679,-0.148955,1.067191,0.053995,0.138482
0.054795,-0.145354,1.065755,0.051369,0.135373
0.053978,-0.141932,1.062467,0.050761,0.132632
0.053203,-0.136759,1.059344,0.050180,0.128228
0.056312,-0.131844,1.056376,0.053256,0.123991
0.061188,-0.125252,1.049711,0.058225,0.118559
0.065821,-0.118989,1.045303,0.062886,0.113122
0.070222,-0.113040,1.039191,0.067472,0.108106
0.072481,-0.109311,1.033386,0.070024,0.105131
0.074626,-0.105768,1.027870,0.072475,0.102272
0.074741,-0.100480,1.024554,0.072820,0.097502
0.072927,-0.097379,1.021403,0.071278,0.094811
0.073127,-0.094433,1.018410,0.071682,0.092226
0.069470,-0.093558,1.017489,0.068170,0.091480
0.064074,-0.092726,1.018538,0.062825,0.090610
0.058947,-0.091936,1.019534,0.057753,0.089782
0.052153,-0.093108,1.020480,0.051062,0.090870
0.043776,-0.094222,1.023303,0.042754,0.091734
0.033895,-0.095280,1.027907,0.032963,0.092379
0.024508,-0.096285,1.034204,0.023693,0.092807
0.017514,-0.095317,1.040186,0.016835,0.091367
0.010869,-0.094398,1.045869,0.010392,0.090009
0.006479,-0.093524,1.051268,0.006163,0.088728
0.002309,-0.092694,1.056397,0.002186,0.087521
0.000270,-0.089982,1.061269,0.000255,0.084585
-0.001666,-0.087406,1.065898,-0.001563,0.081819
-0.003506,-0.084959,1.068372,-0.003282,0.079354
-0.003331,-0.080711,1.068800,-0.003116,0.075372
-0.001241,-0.076675,1.069206,-0.001161,0.071590
0.000744,-0.072842,1.069592,0.000696,0.067997
0.002630,-0.069200,1.069958,0.002458,0.064585
0.004422,-0.065740,1.070307,0.004131,0.061344
0.004200,-0.062453,1.070637,0.003923,0.058266
0.002067,-0.059330,1.070952,0.001930,0.055343
-0.001882,-0.056363,1.073173,-0.001754,0.052472
-0.007557,-0.055468,1.077207,-0.007015,0.051446
-0.012949,-0.054618,1.081039,-0.011977,0.050477
-0.019993,-0.053810,1.086602,-0.018398,0.049473
-0.026686,-0.053043,1.093811,-0.024393,0.048441
-0.031121,-0.052314,1.100659,-0.028267,0.047475
-0.037257,-0.051621,1.111010,-0.033522,0.046404
-0.043087,-0.049040,1.118921,-0.038488,0.043768
-0.048625,-0.046588,1.126437,-0.043140,0.041297
-0.051963,-0.042336,1.133577,-0.045808,0.037290
-0.055134,-0.038296,1.142282,-0.048229,0.033474
-0.058146,-0.034458,1.148630,-0.050579,0.029952
-0.061008,-0.030812,1.154660,-0.052787,0.026641
-0.063727,-0.027348,1.160388,-0.054864,0.023528
-0.068233,-0.024058,1.163907,-0.058557,0.020631
-0.072514,-0.020932,1.167250,-0.062044,0.017896
-0.076580,-0.017962,1.168503,-0.065444,0.015338
-0.080444,-0.015141,1.171617,-0.068553,0.012892
-0.086037,-0.014384,1.174574,-0.073119,0.012213
-0.093273,-0.013665,1.177384,-0.079056,0.011569
-0.100148,-0.014905,1.180053,-0.084665,0.012584
-0.106679,-0.016082,1.182589,-0.089965,0.013543
-0.114807,-0.017201,1.186921,-0.096427,0.014424
-0.120605,-0.016341,1.191037,-0.100917,0.013650
-0.128036,-0.017447,1.194946,-0.106741,0.014517
-0.135096,-0.016575,1.198661,-0.112232,0.013740
-0.141803,-0.015746,1.202189,-0.117411,0.013007
-0.148174,-0.014959,1.205541,-0.122297,0.012315
-0.154227,-0.014211,1.208726,-0.126909,0.011662
-0.159977,-0.013500,1.211751,-0.131262,0.011045
-0.163517,-0.012825,1.214625,-0.133819,0.010464
-0.168802,-0.012184,1.215432,-0.138000,0.009929
-0.173824,-0.011575,1.214276,-0.142184,0.009436
-0.178594,-0.009073,1.213177,-0.146162,0.007399
-0.181203,-0.006696,1.212134,-0.148392,0.005464
-0.183681,-0.004438,1.209220,-0.150748,0.003629
-0.187959,-0.004217,1.206451,-0.154552,0.003453
-0.192022,-0.005929,1.203821,-0.158178,0.004863
-0.195883,-0.005632,1.201322,-0.161634,0.004627
-0.199550,-0.007274,1.198948,-0.164926,0.005984
-0.203034,-0.008833,1.196693,-0.168062,0.007277
-0.206344,-0.010315,1.194551,-0.171050,0.008508
-0.209488,-0.011722,1.192515,-0.173895,0.009681
-0.214399,-0.013059,1.190582,-0.178169,0.010794
-0.219063,-0.016252,1.188745,-0.182237,0.013444
-0.223495,-0.017363,1.188923,-0.185812,0.014351
-0.227705,-0.020341,1.189093,-0.189204,0.016799
-0.231704,-0.023170,1.189253,-0.192421,0.019121
-0.235503,-0.025857,1.189406,-0.195473,0.021323
-0.239113,-0.028411,1.189551,-0.198367,0.023411
-0.242542,-0.030836,1.189689,-0.201114,0.025392
-0.245799,-0.031218,1.187897,-0.204040,0.025729
-0.248894,-0.031580,1.186194,-0.206825,0.026049
-0.251834,-0.031924,1.184577,-0.209475,0.026354
-0.252704,-0.032251,1.181117,-0.210775,0.026695
-0.255453,-0.034484,1.177831,-0.213577,0.028605
-0.258065,-0.036606,1.174708,-0.216249,0.030427
-0.260546,-0.038622,1.169819,-0.219147,0.032215
-0.262904,-0.040537,1.167097,-0.221565,0.033871
-0.267066,-0.044280,1.164512,-0.225439,0.037045
-0.272944,-0.047835,1.162055,-0.230698,0.040052
-0.278527,-0.051212,1.157799,-0.236080,0.042979
-0.283832,-0.056344,1.155678,-0.240831,0.047312
-0.288871,-0.059296,1.153663,-0.245350,0.049818
-0.293658,-0.062100,1.151749,-0.249648,0.052199
-0.296283,-0.064765,1.149931,-0.252168,0.054485
-0.296853,-0.067296,1.148204,-0.252997,0.056683
-0.297395,-0.069700,1.146563,-0.253787,0.058775
-0.297910,-0.071984,1.143081,-0.254949,0.060863
-0.298399,-0.074154,1.139773,-0.256059,0.062856
-0.298864,-0.076216,1.138554,-0.256703,0.064657
-0.299305,-0.078174,1.137395,-0.257316,0.066370
-0.299725,-0.080035,1.136295,-0.257900,0.068000
-0.300123,-0.081802,1.131403,-0.259295,0.069771
-0.298578,-0.083481,1.126756,-0.259036,0.071496
-0.297111,-0.085077,1.122341,-0.258788,0.073148
-0.293794,-0.084669,1.118147,-0.256943,0.073106
-0.290643,-0.084282,1.112240,-0.255598,0.073184
-0.289572,-0.085837,1.106628,-0.255932,0.074899
-0.288555,-0.087314,1.101296,-0.256254,0.076544
-0.287589,-0.088718,1.096232,-0.256562,0.078121
-0.288594,-0.091974,1.091420,-0.258504,0.081291
-0.289549,-0.095068,1.086849,-0.260364,0.084322
-0.290456,-0.098007,1.082507,-0.262144,0.087222
-0.291318,-0.100799,1.076458,-0.264296,0.090143
-0.292137,-0.103451,1.070712,-0.266360,0.092943
-0.292914,-0.105971,1.065254,-0.268340,0.095627
-0.293653,-0.106441,1.060068,-0.270237,0.096466
-0.294355,-0.106889,1.055141,-0.272056,0.097269
-0.296945,-0.111160,1.052384,-0.275014,0.101309
-0.299406,-0.115217,1.051688,-0.277353,0.104980
-0.301743,-0.119071,1.051027,-0.279574,0.108465
-0.300117,-0.122733,1.048475,-0.278787,0.112068
-0.298573,-0.124289,1.046052,-0.278036,0.113761
-0.297106,-0.125767,1.041826,-0.277804,0.115572
-0.295712,-0.127171,1.037812,-0.277582,0.117306
-0.294388,-0.128505,1.033998,-0.277370,0.118965
-0.293130,-0.131695,1.030375,-0.277166,0.122321
-0.290012,-0.134725,1.026933,-0.275239,0.125589
-0.287050,-0.135681,1.021740,-0.273882,0.127155
-0.284236,-0.138513,1.016807,-0.272580,0.130449
-0.281563,-0.141202,1.012121,-0.271330,0.133607
-0.279023,-0.143758,1.007668,-0.270131,0.136633
-0.278533,-0.146185,1.005362,-0.270269,0.139221
-0.278068,-0.150414,1.003171,-0.270401,0.143498
-0.277626,-0.154432,1.001089,-0.270526,0.147573
-0.275284,-0.158249,0.997189,-0.269351,0.151796
-0.273058,-0.159952,0.995406,-0.267732,0.153742
-0.269020,-0.161570,0.991790,-0.264874,0.155949
-0.265185,-0.163107,0.986431,-0.262623,0.158344
-0.259618,-0.164567,0.981340,-0.258629,0.160720
-0.254329,-0.165954,0.974581,-0.255270,0.163297
-0.249305,-0.167271,0.968159,-0.252029,0.165779
-0.244532,-0.170446,0.962059,-0.248905,0.170050
-0.239998,-0.173462,0.954341,-0.246371,0.174481
-0.237613,-0.176328,0.948931,-0.245356,0.178337
-0.235348,-0.180973,0.941870,-0.244859,0.184296
-0.233196,-0.185386,0.935161,-0.244381,0.190028
-0.231152,-0.189578,0.928787,-0.243919,0.195541
-0.229209,-0.193561,0.920809,-0.243963,0.201222
-0.227364,-0.197344,0.913230,-0.244006,0.206699
-0.225611,-0.200939,0.906031,-0.244048,0.211974
-0.222023,-0.204353,0.899191,-0.242073,0.217158
-0.220537,-0.205674,0.894616,-0.241697,0.219619
-0.217203,-0.206929,0.888346,-0.239798,0.222525
-0.214035,-0.208121,0.882391,-0.237967,0.225321
-0.209103,-0.209253,0.878656,-0.233634,0.227665
-0.204417,-0.212252,0.875108,-0.229476,0.231935
-0.199965,-0.215101,0.871737,-0.225486,0.236021
-0.195736,-0.215884,0.868535,-0.221660,0.237889
-0.191718,-0.216629,0.865492,-0.217994,0.239674
-0.187902,-0.219259,0.860679,-0.214945,0.243932
-0.184276,-0.221757,0.856107,-0.212014,0.248016
-0.178908,-0.224131,0.851763,-0.207035,0.252042
-0.173809,-0.226386,0.847636,-0.202248,0.255899
-0.167042,-0.228528,0.843716,-0.195456,0.259701
-0.160613,-0.230563,0.839992,-0.188927,0.263338
-0.156428,-0.232497,0.836454,-0.184878,0.266709
-0.152453,-0.236257,0.833093,-0.180994,0.272042
-0.148676,-0.239828,0.829900,-0.177269,0.277136
-0.147012,-0.243222,0.826866,-0.175955,0.281895
-0.145430,-0.246445,0.823984,-0.174697,0.286437
-0.143928,-0.249507,0.821247,-0.173494,0.290773
-0.144424,-0.252417,0.818646,-0.174621,0.294798
-0.144895,-0.257104,0.816175,-0.175699,0.300752
-0.145343,-0.261556,0.813828,-0.176728,0.306419
-0.145768,-0.265786,0.811598,-0.177711,0.311812
-0.144249,-0.269804,0.809480,-0.176348,0.317066
-0.142806,-0.273622,0.807467,-0.175046,0.322068
-0.139511,-0.277248,0.805555,-0.171486,0.326952
-0.136382,-0.280694,0.803739,-0.168083,0.331600
-0.131486,-0.282044,0.802014,-0.162499,0.334032
-0.126835,-0.283326,0.800375,-0.157162,0.336344
-0.122416,-0.284544,0.798817,-0.152064,0.338541
-0.118218,-0.283779,0.797338,-0.147194,0.338508
-0.114231,-0.283051,0.795933,-0.142544,0.338469
-0.108519,-0.282360,0.794598,-0.135731,0.338528
-0.103093,-0.281704,0.793329,-0.129226,0.338571
-0.097938,-0.279157,0.792124,-0.123016,0.336454
-0.093041,-0.276738,0.790980,-0.117090,0.334420
-0.088389,-0.274439,0.789892,-0.111437,0.332467
-0.083970,-0.274179,0.786936,-0.106303,0.333505
-0.079771,-0.273931,0.782205,-0.101631,0.335246
-0.075783,-0.273696,0.779633,-0.096899,0.336150
-0.071994,-0.273473,0.777190,-0.092370,0.337008
-0.066471,-0.273261,0.772946,-0.085786,0.338662
-0.061224,-0.273059,0.768914,-0.079457,0.340237
-0.058163,-0.272868,0.765083,-0.075876,0.341677
-0.053332,-0.274609,0.761445,-0.069926,0.345344
-0.048742,-0.274340,0.757988,-0.064216,0.346605
-0.042459,-0.274085,0.752781,-0.056343,0.348667
-0.034567,-0.271919,0.749757,-0.046071,0.347583
-0.027069,-0.269862,0.746885,-0.036227,0.346511
-0.019947,-0.267907,0.744156,-0.026798,0.345454
-0.013180,-0.266050,0.741563,-0.017771,0.344415
-0.006752,-0.264286,0.741024,-0.009111,0.342574
-0.000645,-0.262610,0.740511,-0.000871,0.340797
0.005157,-0.262941,0.741947,0.006950,0.340576
0.010668,-0.263256,0.743311,0.014351,0.340349
0.015904,-0.263554,0.744607,0.021355,0.340119
0.018955,-0.263838,0.747761,0.025343,0.339100
0.021853,-0.264108,0.750758,0.029100,0.338135
0.026530,-0.264364,0.753605,0.035189,0.337193
0.030973,-0.264607,0.758232,0.040826,0.335506
0.035193,-0.264839,0.758782,0.046348,0.335477
0.041126,-0.265058,0.757381,0.054247,0.336186
0.046762,-0.263344,0.757974,0.061615,0.333796
0.054039,-0.259792,0.760460,0.070942,0.328425
0.062876,-0.256418,0.762821,0.082239,0.323257
0.073193,-0.251289,0.765065,0.095379,0.316005
0.082995,-0.246417,0.765273,0.108030,0.309813
0.092307,-0.241788,0.767394,0.119711,0.303178
0.101153,-0.235468,0.769409,0.130719,0.294598
0.107634,-0.231387,0.773246,0.138309,0.288136
0.113791,-0.229433,0.778815,0.145081,0.283638
0.119640,-0.227577,0.784105,0.151413,0.279411
0.123273,-0.227737,0.789130,0.154961,0.277763
0.126725,-0.227888,0.793905,0.158287,0.276213
0.130004,-0.228032,0.798440,0.161406,0.274756
0.133119,-0.228169,0.802749,0.164334,0.273385
0.136079,-0.228299,0.806842,0.167083,0.272094
0.138890,-0.228423,0.812654,0.169274,0.270285
0.141561,-0.228540,0.818175,0.171324,0.268589
0.144098,-0.228651,0.823420,0.173245,0.266997
0.146509,-0.226834,0.828403,0.175047,0.263373
0.148799,-0.227031,0.833137,0.176737,0.262086
0.150974,-0.225295,0.839557,0.177924,0.258217
0.153041,-0.223645,0.845656,0.179035,0.254590
0.155004,-0.222079,0.849527,0.180474,0.251714
0.158792,-0.218667,0.853204,0.184008,0.246825
0.162391,-0.217349,0.858621,0.186922,0.243781
0.165810,-0.216097,0.863767,0.189655,0.240922
0.167135,-0.214907,0.872502,0.189266,0.237353
0.166471,-0.213777,0.882723,0.186398,0.233638
0.165839,-0.212704,0.892433,0.183733,0.230177
0.165240,-0.209761,0.901657,0.181251,0.224956
0.162747,-0.208888,0.910421,0.176892,0.222134
0.160379,-0.208059,0.918746,0.172821,0.219493
0.158129,-0.207272,0.926655,0.169017,0.217018
0.157915,-0.204600,0.934168,0.167460,0.212689
0.157712,-0.202063,0.941306,0.166004,0.208631
0.159441,-0.199652,0.948087,0.166613,0.204758
0.161085,-0.197362,0.954528,0.167183,0.201124
0.162646,-0.193263,0.962571,0.167389,0.195444
0.164129,-0.189369,0.968289,0.167908,0.190483
0.165538,-0.185670,0.973721,0.168395,0.185815
0.166876,-0.182155,0.978881,0.168853,0.181422
0.168148,-0.178817,0.985706,0.168960,0.176956
0.169356,-0.175645,0.992190,0.169060,0.172764
0.168580,-0.172632,0.998350,0.167281,0.168880
0.165921,-0.169770,1.006124,0.163440,0.164975
0.161471,-0.167051,1.013510,0.157990,0.161356
0.157243,-0.164467,1.022450,0.152595,0.157667
0.151304,-0.163936,1.030943,0.145723,0.156051
0.145662,-0.163432,1.039011,0.139285,0.154530
0.138379,-0.164876,1.046676,0.131446,0.154913
0.129537,-0.164324,1.053958,0.122292,0.153529
0.121137,-0.165723,1.060875,0.113694,0.153977
0.111234,-0.167052,1.069370,0.103646,0.154145
0.101826,-0.170238,1.077440,0.094228,0.156023
0.094812,-0.173265,1.085106,0.087154,0.157748
0.086225,-0.174217,1.090467,0.078908,0.157940
0.079991,-0.175122,1.095559,0.072884,0.158092
0.074068,-0.174058,1.100396,0.067209,0.156529
0.068442,-0.173047,1.104992,0.061860,0.155051
0.063096,-0.172087,1.109357,0.056815,0.153652
0.058019,-0.171175,1.111582,0.052147,0.152588
0.053195,-0.168386,1.113695,0.047728,0.149890
0.048612,-0.165736,1.115703,0.043543,0.147332
0.044258,-0.163218,1.117610,0.039580,0.144905
0.040122,-0.158903,1.119422,0.035826,0.140920
0.036193,-0.156727,1.121143,0.032271,0.138821
0.032460,-0.154660,1.122778,0.028903,0.136830
0.026991,-0.152696,1.122408,0.024043,0.135175
0.021795,-0.150831,1.122057,0.019422,0.133598
0.014936,-0.149058,1.121724,0.013315,0.132098
0.010343,-0.149298,1.123330,0.009208,0.132127
0.005980,-0.149525,1.124855,0.005316,0.132152
0.001835,-0.149741,1.126305,0.001629,0.132174
-0.004026,-0.149947,1.127682,-0.003570,0.132193
-0.009594,-0.150142,1.128990,-0.008498,0.132207
-0.016807,-0.148404,1.130233,-0.014869,0.130542
-0.023659,-0.146753,1.131414,-0.020908,0.128959
-0.030168,-0.145184,1.132535,-0.026631,0.127454
-0.036352,-0.143694,1.133601,-0.032057,0.126023
-0.042227,-0.142279,1.134613,-0.037200,0.124662
-0.047808,-0.140934,1.135575,-0.042075,0.123369
-0.055033,-0.141580,1.136488,-0.048386,0.123794
-0.061896,-0.142193,1.137356,-0.054368,0.124193
-0.068417,-0.142776,1.138181,-0.060039,0.124568
-0.074611,-0.143329,1.138964,-0.065415,0.124919
-0.084342,-0.143855,1.141631,-0.073745,0.125011
-0.093587,-0.144355,1.144165,-0.081613,0.125089
-0.100446,-0.146752,1.144649,-0.087528,0.127029
-0.106962,-0.149030,1.145109,-0.093138,0.128863
-0.115076,-0.151194,1.145546,-0.100119,0.130576
-0.120860,-0.151327,1.144038,-0.105253,0.130791
-0.126356,-0.151453,1.140682,-0.110322,0.131208
-0.131576,-0.149649,1.137494,-0.115160,0.129952
-0.136536,-0.149859,1.134466,-0.119777,0.130406
-0.141248,-0.150058,1.129665,-0.124389,0.131053
-0.145724,-0.150248,1.123182,-0.129021,0.131888
-0.149976,-0.150428,1.117023,-0.133466,0.132687
-0.154016,-0.150599,1.111172,-0.137729,0.133450
-0.157853,-0.152684,1.105613,-0.141816,0.135870
-0.163422,-0.154665,1.102256,-0.147189,0.137919
-0.168713,-0.156547,1.099066,-0.152317,0.139868
-0.175662,-0.160258,1.096036,-0.158919,0.143383
-0.180340,-0.163784,1.093157,-0.163499,0.146766
-0.184785,-0.167133,1.092345,-0.167577,0.149732
-0.189007,-0.168392,1.091574,-0.171451,0.150849
-0.193018,-0.169588,1.088919,-0.175434,0.152164
-0.196829,-0.170724,1.086396,-0.179232,0.153415
-0.200449,-0.171803,1.083999,-0.182851,0.154604
-0.203888,-0.172828,1.081722,-0.186299,0.155735
-0.205232,-0.173802,1.079559,-0.187865,0.156862
-0.206509,-0.174727,1.075581,-0.189689,0.158202
-0.207722,-0.173683,1.071802,-0.191433,0.157766
-0.210797,-0.172692,1.070135,-0.194492,0.157028
-0.211796,-0.171749,1.068551,-0.195672,0.156376
-0.212745,-0.170854,1.067047,-0.196796,0.155756
-0.213646,-0.170004,1.065618,-0.197867,0.155165
-0.214502,-0.169196,1.064260,-0.198886,0.154602
-0.215315,-0.168428,1.062970,-0.199856,0.154066
-0.218011,-0.167699,1.061744,-0.202518,0.153502
-0.220572,-0.167007,1.060580,-0.205050,0.152964
-0.221082,-0.166349,1.061397,-0.205357,0.152246
-0.221566,-0.165723,1.062174,-0.205648,0.151564
-0.223950,-0.165130,1.062911,-0.207657,0.150863
-0.226214,-0.164565,1.063612,-0.209562,0.150198
-0.228364,-0.165953,1.062354,-0.211739,0.151552
-0.230408,-0.167270,1.061160,-0.213810,0.152839
-0.232349,-0.168522,1.060025,-0.215779,0.154062
-0.232270,-0.169711,1.057024,-0.216302,0.155548
-0.232195,-0.170841,1.052249,-0.217185,0.157235
-0.232124,-0.171915,1.047714,-0.218031,0.158851
-0.232056,-0.172934,1.043405,-0.218841,0.160397
-0.231992,-0.173903,1.041235,-0.219224,0.161597
-0.231930,-0.174823,1.037250,-0.219983,0.163023
-0.229949,-0.175697,1.033464,-0.218937,0.164451
-0.228067,-0.178451,1.029868,-0.217936,0.167590
-0.226279,-0.181067,1.024528,-0.217372,0.170890
-0.224581,-0.181629,1.019456,-0.216831,0.172266
-0.222967,-0.184086,1.014637,-0.216312,0.175382
-0.221434,-0.186420,1.010059,-0.215815,0.178366
-0.221901,-0.188638,1.005710,-0.217162,0.181153
-0.222344,-0.190744,1.001578,-0.218451,0.183819
-0.222765,-0.192745,0.997653,-0.219686,0.186367
-0.223166,-0.194647,0.993924,-0.220867,0.188803
-0.223546,-0.196453,0.990382,-0.221997,0.191131
-0.223907,-0.200092,0.985094,-0.223498,0.195537
-0.222327,-0.201625,0.980070,-0.223073,0.198000
-0.220826,-0.203083,0.975297,-0.222665,0.200361
-0.219400,-0.204467,0.970763,-0.222274,0.202624
-0.218046,-0.205782,0.966456,-0.221898,0.204792
-0.216759,-0.207031,0.962364,-0.221539,0.206868
-0.215536,-0.208218,0.958476,-0.221194,0.208855
-0.212452,-0.209346,0.952860,-0.219374,0.211238
-0.207598,-0.210417,0.947525,-0.215687,0.213615
-0.202988,-0.209512,0.942456,-0.212141,0.213993
-0.198607,-0.208651,0.937641,-0.208731,0.214354
-0.194446,-0.207834,0.931144,-0.205867,0.215110
-0.188570,-0.207058,0.924971,-0.201110,0.215922
-0.182988,-0.206320,0.919107,-0.196523,0.216701
-0.175761,-0.203697,0.913536,-0.190074,0.215558
-0.170820,-0.203127,0.908244,-0.185905,0.216354
-0.166125,-0.202586,0.903217,-0.181893,0.217117
-0.161665,-0.202072,0.898440,-0.178034,0.217847
-0.157428,-0.201584,0.893903,-0.174325,0.218545
-0.153402,-0.201120,0.889592,-0.170762,0.219213
-0.153425,-0.202603,0.887420,-0.171196,0.221284
-0.153446,-0.204011,0.885357,-0.171610,0.223258
-0.153466,-0.207272,0.883397,-0.172006,0.227178
-0.153485,-0.210370,0.879612,-0.172752,0.231383
-0.153503,-0.213313,0.876016,-0.173467,0.235402
-0.153520,-0.216109,0.872600,-0.174152,0.239243
-0.151613,-0.218765,0.867431,-0.173036,0.243503
-0.149802,-0.221288,0.862521,-0.171964,0.247589
-0.148081,-0.221762,0.857857,-0.170933,0.249435
-0.146446,-0.222213,0.851502,-0.170319,0.251734
-0.144893,-0.222640,0.845466,-0.169728,0.253947
-0.141494,-0.223047,0.839731,-0.166932,0.256170
-0.138266,-0.223433,0.838129,-0.163497,0.257204
-0.135199,-0.223800,0.834684,-0.160581,0.258743
-0.130362,-0.224148,0.833334,-0.155176,0.259742
-0.125767,-0.224479,0.830129,-0.150359,0.261253
-0.119479,-0.224794,0.827084,-0.143465,0.262778
-0.115428,-0.225093,0.824192,-0.139145,0.264148
-0.111579,-0.225376,0.821444,-0.135007,0.265454
-0.107923,-0.225646,0.820756,-0.130743,0.266113
-0.104450,-0.225902,0.820103,-0.126681,0.266737
-0.101151,-0.226146,0.819482,-0.122812,0.267327
-0.098016,-0.226377,0.818893,-0.119127,0.267886
-0.095039,-0.226596,0.818333,-0.115619,0.268414
-0.094133,-0.226805,0.817801,-0.114601,0.268846
-0.093272,-0.227003,0.819218,-0.113367,0.268662
-0.090532,-0.227192,0.820565,-0.109884,0.268554
-0.087928,-0.225447,0.821845,-0.106584,0.266284
-0.083532,-0.223790,0.823060,-0.101143,0.264188
-0.077432,-0.222216,0.824215,-0.093672,0.262246
-0.071638,-0.220721,0.825312,-0.086584,0.260388
-0.066133,-0.219300,0.826354,-0.079859,0.258613
-0.060903,-0.217951,0.829267,-0.073310,0.256350
-0.055935,-0.216668,0.832034,-0.067125,0.254201
-0.051215,-0.215450,0.834663,-0.061283,0.252160
-0.048654,-0.214293,0.837161,-0.058053,0.250191
-0.046221,-0.215117,0.839534,-0.055001,0.250474
-0.043910,-0.215900,0.841788,-0.052116,0.250739
-0.039792,-0.214720,0.845852,-0.047009,0.248336
-0.035879,-0.213599,0.849713,-0.042200,0.246065
-0.032162,-0.212535,0.855305,-0.037585,0.243392
-0.028631,-0.213447,0.860616,-0.033256,0.242981
-0.025276,-0.214313,0.867586,-0.029126,0.242075
-0.022089,-0.213212,0.874206,-0.025263,0.239149
-0.019062,-0.212167,0.880496,-0.021646,0.236402
-0.016186,-0.211174,0.886471,-0.018257,0.233823
-0.013453,-0.210231,0.892148,-0.015079,0.231399
-0.010858,-0.209335,0.897540,-0.012096,0.229119
-0.006469,-0.208483,0.904586,-0.007151,0.226513
-0.002299,-0.207675,0.911280,-0.002523,0.224066
0.001662,-0.206906,0.917639,0.001811,0.221768
0.005425,-0.206176,0.923680,0.005873,0.219608
0.007077,-0.205483,0.929419,0.007614,0.217581
0.010569,-0.204824,0.934871,0.011305,0.215672
0.013887,-0.204198,0.940051,0.014772,0.213875
0.017039,-0.203604,0.943048,0.018066,0.212602
0.021956,-0.201116,0.947819,0.023161,0.209032
0.026628,-0.198752,0.954274,0.027896,0.205263
0.031065,-0.196507,0.960407,0.032335,0.201720
0.035281,-0.194374,0.966233,0.036498,0.198389
0.041210,-0.192348,0.971767,0.042381,0.195239
0.044918,-0.190423,0.977025,0.045942,0.192289
0.048442,-0.188594,0.982020,0.049289,0.189512
0.049866,-0.186856,0.988688,0.050394,0.186559
0.051219,-0.185206,0.995023,0.051429,0.183788
0.052504,-0.183638,1.001041,0.052401,0.181186
0.053725,-0.182148,1.006758,0.053314,0.178740
0.052962,-0.180733,1.014113,0.052177,0.176131
0.052237,-0.179389,1.021099,0.051113,0.173685
0.051548,-0.178112,1.027737,0.050115,0.171389
0.050894,-0.176898,1.034042,0.049178,0.169234
0.050272,-0.175746,1.040032,0.048299,0.167208
0.049681,-0.174651,1.045723,0.047473,0.165304
0.049120,-0.171688,1.053052,0.046612,0.161444
0.046664,-0.170795,1.060015,0.043994,0.159601
0.044331,-0.169948,1.068553,0.041463,0.157591
0.040192,-0.167220,1.076663,0.037312,0.153976
0.036259,-0.164628,1.082446,0.033485,0.150849
0.034446,-0.162166,1.087939,0.031651,0.147895
0.032724,-0.159827,1.093157,0.029926,0.145114
0.029164,-0.155682,1.098115,0.026552,0.140784
0.025783,-0.153667,1.100901,0.023416,0.138649
0.022571,-0.151753,1.103549,0.020450,0.136628
0.019519,-0.149934,1.106063,0.017646,0.134715
0.016620,-0.148207,1.110376,0.014967,0.132676
0.011943,-0.146566,1.114472,0.010716,0.130753
0.007500,-0.145007,1.118364,0.006706,0.128937
0.003279,-0.143526,1.122061,0.002922,0.127221
-0.000731,-0.142118,1.125574,-0.000650,0.125599
-0.008387,-0.140782,1.126987,-0.007442,0.124272
-0.017583,-0.141435,1.128330,-0.015582,0.124684
-0.026319,-0.142056,1.127683,-0.023335,0.125277
-0.036542,-0.144568,1.127068,-0.032411,0.127506
-0.046253,-0.146955,1.124561,-0.041107,0.129833
-0.057402,-0.149223,1.122179,-0.051108,0.132030
-0.067994,-0.151377,1.119916,-0.060639,0.134110
-0.078055,-0.155347,1.115843,-0.069838,0.137997
-0.087614,-0.159118,1.111974,-0.078629,0.141697
-0.096695,-0.162700,1.108299,-0.087026,0.145217
-0.105322,-0.166104,1.104807,-0.095043,0.148565
-0.113517,-0.169337,1.101489,-0.102695,0.151749
-0.121303,-0.172409,1.098338,-0.109997,0.154776
-0.130622,-0.175327,1.093421,-0.118899,0.157890
-0.139476,-0.180022,1.088750,-0.127412,0.162560
-0.147887,-0.184482,1.084313,-0.135551,0.167007
-0.155877,-0.188720,1.080097,-0.143328,0.171240
-0.161545,-0.190822,1.076092,-0.149009,0.173599
-0.166929,-0.192820,1.070364,-0.154709,0.176148
-0.172044,-0.194717,1.064923,-0.160171,0.178583
-0.176903,-0.196520,1.059754,-0.165404,0.180908
-0.181520,-0.198232,1.054843,-0.170413,0.183129
-0.183982,-0.197936,1.048255,-0.173743,0.183881
-0.186322,-0.195731,1.041996,-0.176942,0.182845
-0.188544,-0.195560,1.036050,-0.180014,0.183614
-0.188732,-0.195398,1.030401,-0.181156,0.184410
-0.186988,-0.193320,1.025035,-0.180437,0.183451
-0.185331,-0.191346,1.018014,-0.180079,0.182855
-0.183757,-0.189471,1.011344,-0.179735,0.182282
-0.182261,-0.187690,1.005008,-0.179403,0.181730
-0.180840,-0.185998,0.998988,-0.179084,0.181199
-0.179491,-0.184390,0.993269,-0.178778,0.180689
-0.178208,-0.182863,0.987837,-0.178483,0.180198
-0.178913,-0.181412,0.982676,-0.180095,0.179666
-0.179583,-0.181957,0.977773,-0.181641,0.181028
-0.180219,-0.182475,0.973115,-0.183124,0.182333
-0.180824,-0.182966,0.968690,-0.184544,0.183582
-0.181398,-0.183433,0.964486,-0.185906,0.184778
-0.181943,-0.181954,0.960493,-0.187209,0.184022
-0.182462,-0.182472,0.954776,-0.188827,0.185558
-0.182954,-0.182963,0.949345,-0.190382,0.187032
-0.183422,-0.183431,0.942262,-0.192257,0.188808
-0.181943,-0.183874,0.937457,-0.191698,0.190221
-0.178615,-0.182373,0.932891,-0.189174,0.189696
-0.175453,-0.180947,0.928555,-0.186751,0.189191
-0.168604,-0.179592,0.922511,-0.180771,0.189214
-0.162097,-0.178304,0.916770,-0.175004,0.189230
-0.153992,-0.177082,0.911317,-0.167396,0.189304
-0.146292,-0.175920,0.906135,-0.160065,0.189365
-0.138978,-0.174816,0.903136,-0.152686,0.189029
-0.132029,-0.173768,0.900287,-0.145614,0.188699
-0.125427,-0.172771,0.897580,-0.138840,0.188373
-0.119156,-0.173748,0.895009,-0.132355,0.190108
-0.115121,-0.172753,0.892566,-0.128270,0.189650
-0.111288,-0.175654,0.890246,-0.124363,0.193340
-0.107647,-0.178410,0.889964,-0.120372,0.196451
-0.104188,-0.181028,0.891620,-0.116325,0.198991
-0.100901,-0.183515,0.893193,-0.112490,0.201393
-0.097779,-0.185878,0.896610,-0.108625,0.203244
-0.094813,-0.188122,0.899856,-0.104978,0.204987
-0.091996,-0.190254,0.902941,-0.101534,0.206628
-0.091242,-0.192280,0.907794,-0.100173,0.207709
-0.092449,-0.194205,0.910481,-0.101192,0.209106
-0.093596,-0.196033,0.913034,-0.102154,0.210424
-0.092762,-0.197770,0.915459,-0.100984,0.211712
-0.090047,-0.199420,0.921609,-0.097398,0.212117
-0.087468,-0.199064,0.929375,-0.093839,0.210102
-0.085018,-0.198726,0.936752,-0.090510,0.208214
-0.082690,-0.198405,0.943761,-0.087394,0.206442
-0.080479,-0.198100,0.950419,-0.084475,0.204780
-0.078378,-0.197811,0.956744,-0.081739,0.203219
-0.076382,-0.197536,0.962753,-0.079171,0.201753
-0.074486,-0.197274,0.968461,-0.076760,0.200373
-0.074608,-0.198949,0.977731,-0.076159,0.200173
-0.074724,-0.200540,0.986536,-0.075599,0.199987
-0.072910,-0.200128,0.994902,-0.073153,0.197988
-0.069265,-0.197814,1.002849,-0.068959,0.194301
-0.065802,-0.195616,1.010399,-0.065033,0.190842
-0.062512,-0.195450,1.017571,-0.061355,0.189416
-0.059386,-0.195293,1.024385,-0.057908,0.188076
-0.056417,-0.195144,1.030858,-0.054673,0.186816
-0.053596,-0.195002,1.037008,-0.051637,0.185631
-0.050916,-0.194868,1.042850,-0.048785,0.184515
-0.048370,-0.192816,1.048399,-0.046105,0.181693
-0.045952,-0.190868,1.053672,-0.043583,0.179036
-0.043654,-0.189017,1.056757,-0.041286,0.176846
-0.041471,-0.187258,1.057766,-0.039187,0.175085
-0.039398,-0.185588,1.058723,-0.037195,0.173413
-0.041274,-0.184001,1.053864,-0.039145,0.172724
-0.043057,-0.182493,1.049248,-0.041013,0.172063
-0.044750,-0.181061,1.044862,-0.042802,0.171429
-0.046359,-0.179700,1.040696,-0.044516,0.170821
-0.047887,-0.178407,1.036738,-0.046157,0.170238
-0.049339,-0.177179,1.032978,-0.047727,0.169680
-0.048795,-0.176012,1.031329,-0.047277,0.168852
-0.046355,-0.174904,1.027840,-0.045069,0.168384
-0.044037,-0.171928,1.022602,-0.043037,0.166419
