-0.180123,-0.494605,0.859994,-0.206462,0.512703
-0.182655,-0.498721,0.849687,-0.211745,0.520961
-0.185061,-0.502631,0.839894,-0.216873,0.528890
-0.187346,-0.506346,0.830592,-0.221845,0.536499
-0.189517,-0.507952,0.825601,-0.225642,0.540166
-0.189657,-0.509477,0.822782,-0.226549,0.542908
-0.189789,-0.510926,0.820105,-0.227417,0.545522
-0.187992,-0.512303,0.813715,-0.227046,0.550234
-0.186285,-0.513611,0.807645,-0.226688,0.554755
-0.184663,-0.514854,0.801878,-0.226342,0.559091
-0.183122,-0.512188,0.798322,-0.225483,0.558843
-0.177812,-0.509655,0.796868,-0.219542,0.558040
-0.172768,-0.507250,0.795486,-0.213864,0.557256
-0.167975,-0.504964,0.794173,-0.208438,0.556492
-0.161500,-0.502793,0.794849,-0.200454,0.554922
-0.155348,-0.500730,0.795491,-0.192858,0.553398
-0.149504,-0.498770,0.796101,-0.185633,0.551922
-0.140105,-0.493063,0.796681,-0.174081,0.547406
-0.131177,-0.487640,0.797231,-0.163079,0.543027
-0.118849,-0.482489,0.797754,-0.147892,0.539100
-0.109060,-0.477595,0.800174,-0.135461,0.534069
-0.099761,-0.472946,0.802473,-0.123682,0.529212
-0.090927,-0.466607,0.808504,-0.111993,0.520713
-0.082534,-0.460584,0.814232,-0.101020,0.512604
-0.074562,-0.452939,0.819675,-0.090715,0.503083
-0.066987,-0.445677,0.824845,-0.081034,0.494005
-0.055946,-0.440701,0.827833,-0.067478,0.488251
-0.043533,-0.435974,0.830672,-0.052359,0.482761
-0.031741,-0.433406,0.829523,-0.038245,0.481166
-0.014769,-0.429043,0.824586,-0.017909,0.479700
0.003277,-0.422976,0.819895,0.003997,0.476275
0.020421,-0.413365,0.815438,0.025037,0.469045
0.038630,-0.404235,0.809282,0.047698,0.462792
0.055930,-0.395562,0.803433,0.069501,0.456544
0.072364,-0.387322,0.799800,0.090232,0.449391
0.087977,-0.379495,0.798272,0.109766,0.441435
0.100885,-0.372059,0.796820,0.125940,0.433803
0.111226,-0.364994,0.797363,0.138598,0.425646
0.121049,-0.358283,0.797880,0.150565,0.417823
0.130381,-0.351907,0.798370,0.161880,0.410326
0.141170,-0.343927,0.798836,0.174914,0.400994
0.151419,-0.336346,0.797356,0.187667,0.392876
0.161156,-0.327221,0.794027,0.200240,0.383837
0.172329,-0.318552,0.787018,0.215562,0.376527
0.188712,-0.308394,0.778436,0.237837,0.367525
0.206200,-0.296821,0.768360,0.262186,0.357106
0.222813,-0.285826,0.758789,0.285614,0.346818
0.238595,-0.275381,0.749695,0.308121,0.336696
0.255512,-0.265458,0.739134,0.332831,0.327234
0.273505,-0.256031,0.727177,0.359752,0.318341
0.290599,-0.248999,0.717741,0.384707,0.311120
0.304916,-0.242318,0.710700,0.405284,0.303646
0.310824,-0.235971,0.702088,0.416778,0.298166
0.314513,-0.229942,0.693907,0.425553,0.293124
0.318018,-0.224214,0.686135,0.434017,0.288225
0.321348,-0.218773,0.678751,0.442175,0.283472
0.320665,-0.213603,0.671737,0.445378,0.279457
0.316171,-0.210615,0.666996,0.442650,0.277947
0.309977,-0.207777,0.662492,0.437636,0.276780
0.296402,-0.210850,0.660137,0.422022,0.283529
0.281582,-0.213769,0.661745,0.402305,0.288929
0.263656,-0.214619,0.661350,0.379354,0.292781
0.242781,-0.217349,0.660975,0.352010,0.299390
0.222950,-0.221866,0.660619,0.325484,0.308081
0.206033,-0.224235,0.662203,0.301639,0.312721
0.191885,-0.224561,0.663708,0.281437,0.314261
0.180368,-0.222949,0.667061,0.264077,0.312095
0.171350,-0.221417,0.670247,0.250291,0.309755
0.162782,-0.218038,0.675196,0.236574,0.304188
0.152720,-0.214829,0.681821,0.220351,0.298289
0.141238,-0.209856,0.691961,0.201347,0.288841
0.126484,-0.205133,0.701593,0.178365,0.280174
0.108621,-0.200645,0.714591,0.150850,0.270777
0.085882,-0.198305,0.730784,0.116984,0.263250
0.060434,-0.198005,0.750014,0.080404,0.257316
0.036259,-0.197721,0.768283,0.047159,0.251620
0.007523,-0.197450,0.789484,0.009528,0.245062
-0.019777,-0.197193,0.809625,-0.024422,0.238840
-0.047634,-0.198872,0.828759,-0.057413,0.235136
-0.077945,-0.204313,0.846937,-0.091773,0.235755
-0.106740,-0.209482,0.864205,-0.122889,0.236084
-0.137941,-0.216315,0.880610,-0.155380,0.238080
-0.167582,-0.222807,0.896195,-0.184858,0.239681
-0.195742,-0.230898,0.907155,-0.212517,0.243852
-0.222493,-0.240507,0.913720,-0.238854,0.250378
-0.247907,-0.247712,0.919957,-0.263224,0.254359
-0.272050,-0.254557,0.922036,-0.286913,0.258855
-0.296909,-0.262983,0.929781,-0.309097,0.263190
-0.324371,-0.270988,0.939061,-0.332590,0.266282
-0.354307,-0.280515,0.949800,-0.357045,0.269960
-0.382745,-0.289567,0.960002,-0.379378,0.273179
-0.413608,-0.298165,0.973541,-0.401743,0.274755
-0.446774,-0.308257,0.986402,-0.425290,0.277332
-0.478281,-0.317844,0.998620,-0.446660,0.279541
-0.508213,-0.326952,1.010228,-0.466099,0.281444
-0.536649,-0.335604,1.021255,-0.483823,0.283089
-0.565586,-0.345747,1.031731,-0.501453,0.285811
-0.594999,-0.355383,1.043606,-0.518172,0.287627
-0.624864,-0.364537,1.056810,-0.533978,0.288630
-0.653236,-0.369387,1.069354,-0.548374,0.286662
-0.670574,-0.370148,1.075502,-0.557519,0.284144
-0.685123,-0.368949,1.081342,-0.564749,0.280610
-0.695097,-0.363963,1.086890,-0.568979,0.274963
-0.702650,-0.357303,1.090238,-0.572494,0.268807
-0.707902,-0.349053,1.093419,-0.574560,0.261821
-0.712892,-0.341216,1.096440,-0.576507,0.255215
-0.715709,-0.329924,1.099310,-0.577115,0.246401
-0.714539,-0.317274,1.102037,-0.575235,0.237024
-0.713427,-0.303334,1.102704,-0.574249,0.226979
-0.712371,-0.292013,1.101415,-0.574107,0.219048
-0.711368,-0.279336,1.096345,-0.575569,0.210569
-0.712338,-0.267292,1.091527,-0.578205,0.202268
-0.715183,-0.255850,1.085028,-0.582772,0.194393
-0.717885,-0.244981,1.076930,-0.587959,0.187068
-0.720452,-0.234655,1.069238,-0.592925,0.180030
-0.722891,-0.224845,1.060007,-0.598522,0.173483
-0.723285,-0.215526,1.049314,-0.603504,0.167529
-0.723659,-0.206673,1.035310,-0.610040,0.162180
-0.722092,-0.198262,1.020083,-0.615992,0.157325
-0.720603,-0.190272,1.003694,-0.622672,0.152793
-0.719188,-0.182682,0.988125,-0.629161,0.148379
-0.717844,-0.175471,0.973334,-0.635460,0.144082
-0.716567,-0.168620,0.957359,-0.642529,0.140084
-0.715354,-0.162112,0.942184,-0.649396,0.136189
-0.714202,-0.155930,0.927767,-0.656058,0.132400
-0.713107,-0.150056,0.910225,-0.664562,0.129052
-0.712067,-0.146400,0.891637,-0.673891,0.127603
-0.713002,-0.144849,0.873978,-0.684309,0.127722
-0.715814,-0.145299,0.857202,-0.695755,0.129379
-0.724254,-0.149572,0.843188,-0.709665,0.133760
-0.734195,-0.153632,0.829875,-0.724301,0.137775
-0.743639,-0.157489,0.815304,-0.739460,0.141760
-0.752611,-0.159230,0.799539,-0.755173,0.144009
-0.763057,-0.162807,0.786485,-0.770280,0.147492
-0.772981,-0.166205,0.776007,-0.783445,0.150595
-0.782409,-0.169433,0.766053,-0.795961,0.153518
-0.791366,-0.170577,0.756596,-0.807856,0.154557
-0.797951,-0.171664,0.745690,-0.819241,0.155905
-0.800361,-0.170773,0.733405,-0.829025,0.156033
-0.800728,-0.169926,0.719812,-0.838563,0.156530
-0.795307,-0.167199,0.708821,-0.842834,0.155675
-0.788234,-0.162685,0.698380,-0.845767,0.153269
-0.777668,-0.156474,0.688461,-0.846169,0.149530
-0.765708,-0.150574,0.680961,-0.843912,0.145899
-0.750499,-0.144968,0.677682,-0.836340,0.142394
-0.734128,-0.137720,0.678414,-0.824821,0.136913
-0.716653,-0.128911,0.681031,-0.810879,0.129661
-0.700051,-0.120542,0.687364,-0.794542,0.122252
-0.684279,-0.110669,0.695304,-0.777407,0.112960
-0.669296,-0.101289,0.706693,-0.758227,0.103691
-0.653139,-0.090455,0.721358,-0.735807,0.092688
-0.635866,-0.078240,0.739136,-0.710434,0.080074
-0.613689,-0.064713,0.757949,-0.680610,0.066259
-0.590696,-0.049939,0.779667,-0.648365,0.051009
-0.563085,-0.033980,0.804145,-0.610879,0.034600
-0.533007,-0.016897,0.833168,-0.569126,0.017082
-0.498665,0.001256,0.866510,-0.522200,-0.001256
-0.464116,0.020424,0.902031,-0.475199,-0.020131
-0.425526,0.040556,0.941544,-0.424470,-0.039232
-0.385019,0.061606,0.982929,-0.373336,-0.058292
-0.342691,0.081602,1.026090,-0.322330,-0.075289
-0.298633,0.102522,1.069016,-0.272409,-0.092105
-0.254855,0.122396,1.111719,-0.225351,-0.106903
-0.211343,0.141276,1.152287,-0.181396,-0.120014
-0.171930,0.159212,1.192750,-0.143160,-0.131357
-0.134487,0.176252,1.231189,-0.108802,-0.141360
-0.098917,0.192439,1.269630,-0.077753,-0.149978
-0.068971,0.205894,1.306148,-0.052756,-0.156134
-0.044369,0.216753,1.338918,-0.033126,-0.160408
-0.024842,0.225146,1.368126,-0.018156,-0.163077
-0.008216,0.227351,1.397796,-0.005878,-0.161235
0.005657,0.229445,1.422137,0.003978,-0.159958
0.016912,0.231434,1.445261,0.011701,-0.158774
0.029528,0.233324,1.463383,0.020175,-0.158079
0.041513,0.233196,1.472906,0.028177,-0.156959
0.052899,0.233075,1.480030,0.035727,-0.156099
0.063716,0.234882,1.482951,0.042939,-0.156941
0.073991,0.236600,1.481881,0.049889,-0.158132
0.081830,0.236308,1.477018,0.055346,-0.158407
0.089277,0.234108,1.468551,0.060718,-0.157798
0.094429,0.232018,1.458585,0.064650,-0.157425
0.099323,0.231956,1.449118,0.068433,-0.158355
0.103972,0.231897,1.440123,0.072072,-0.159247
0.106466,0.229917,1.429655,0.074332,-0.159022
0.110758,0.229960,1.417788,0.077962,-0.160316
0.112912,0.228077,1.406514,0.080106,-0.160252
0.113036,0.226289,1.397727,0.080696,-0.159992
0.113153,0.224590,1.389379,0.081262,-0.159741
0.111342,0.222975,1.381448,0.080424,-0.159518
0.109621,0.221442,1.373914,0.079619,-0.159304
0.106063,0.219985,1.366757,0.077447,-0.159115
0.102683,0.218601,1.358035,0.075468,-0.159153
0.099472,0.217287,1.349748,0.073564,-0.159189
0.096421,0.216038,1.339953,0.071835,-0.159447
0.093523,0.214851,1.328725,0.070270,-0.159921
0.090770,0.215647,1.314212,0.068959,-0.162260
0.088155,0.214480,1.298501,0.067786,-0.163328
0.085670,0.213372,1.283576,0.066644,-0.164367
0.085233,0.216165,1.269397,0.067044,-0.168299
0.084817,0.216895,1.257850,0.067328,-0.170374
0.084423,0.217589,1.248804,0.067500,-0.172121
0.084048,0.218248,1.240210,0.067665,-0.173802
