%0
-0.29 0.18 0.22
-0.08 0.23 -0.67
-0.15 -0.07 0.14
-0.15 -0.18 -0.45
-0.15 0.26 -0.22
-0.11 0.16 -0.42
-0.25 -0.07 0.07
-0.09 0.11 -0.5
-0.13 0 0.24
1.49 -1.18 1.11
0.41 1.26 4.73
-2.77 6.95 7.09
-1.1 8.8 -2.33
-0.14 1.08 -5.66
-0.73 1.35 -7.38
326.65 -1.47 -5.77
-0.02 -2.04 -9.04
-1.07 -5.98 -6
-0.66 -10.42 -0.3
-0.79 -10.52 2.12
-3 -6.41 9.8
-2.71 -3.34 10.95
-3.42 2.92 11.81
-3.07 6.48 8.24
-0.97 4.1 5.54
-0.58 4.93 0.25
-0.85 5.66 -1.74
-1.26 4.94 -6.25
-0.46 3.14 -8.22
-0.09 -1.66 -6.2
1.43 -3.69 -2.93
-0.17 -3.74 0.68
-0.14 -1.69 -0.21
-0.37 -0.08 0.57

%0
-0.1 -0.2 -0.52
-0.25 -0.18 -0.4
-0.19 -0.08 -0.37
-0.41 0.09 0.12
-0.38 -0.16 0.36
-0.27 -0.15 0.05
1.47 0.7 0.73
-0.2 -1.1 7.3
-0.96 7.13 5.66
-2.87 7.07 -0.98
-0.41 2.76 -4.53
-1.15 0.07 -7.03
-0.37 -0.88 -7.1
-0.68 -2.54 -7.7
-0.93 -6.42 -3.67
-0.91 -6.92 -2.22
-0.43 -9.27 4.44
-1.06 -8.6 7.18
-0.29 -3.66 6.51
-2.78 -0.28 9.59
-3.1 4.57 8.93
-2.68 4.49 6.73
-2.77 7.97 4.39
-2.97 7.44 1.07
-2.72 4.79 -3.26
-0.5 4.09 -6.53
-1.15 -0.02 -5.49
-0.24 -3.19 -3.98
1.28 -4.76 -2.15
-0.13 -2.42 -0.53

%0
-0.38 -0.09 0.38
-0.21 0.03 -0.23
-0.27 -0.03 0.03
-0.28 0.28 0
-0.23 0.08 -0.04
-0.01 0.47 0.13
-0.61 2.18 3.1
-0.45 7.41 1.56
-0.43 4.56 -2.09
-0.6 3.47 -5.17
-0.46 3.14 -7.08
-0.23 -5.18 -5.63
1.47 -8.81 -8.62
-0.68 -7.26 -4.07
-2.75 -6.87 3.88
-0.97 -5.55 6.39
-2.84 323.03 9.37
-2.71 0.66 9.24
-3.24 2.33 10.79
-3.14 6.2 7.62
-2.59 6.54 5.95
-3.59 7.4 0.16
-1.19 4.43 -5.49
-0.91 4 -8.23
-0.61 0.39 -5.23
-0.17 -1.78 -4.51
1.54 -4.35 -2.93
-0.43 -3 -0.08
-0.22 -1.7 0.23

%0
-0.2 0.33 -0.57
-0.22 -0.1 0.06
-0.22 -0.17 0.06
-0.32 0.16 0.56
-0.22 -0.05 0.02
-0.15 0.11 0.12
1.53 0.4 0.48
-1.16 3.87 3.87
-0.86 5.62 -3
-0.82 1.66 -4.08
-0.78 2.14 -6.34
-0.48 -2.34 -5.93
-0.65 -5.58 -5.08
-0.89 -7.92 0.33
-0.56 -5.71 4.04
-0.79 -5.55 5.65
-0.71 -4.09 6.52
-1.27 0 8.89
-0.84 1.55 6.7
-2.69 5.85 5.45
-0.99 7.2 1.77
-2.57 6.46 0.17
-0.61 5.61 -3.11
-0.1 2.84 -3.52
-0.49 2.62 -5.28
-1.16 -1.35 -2.42
-0.17 -1.9 -3.76
1.47 -4.93 -1.81
1.45 -3.31 -1.12

%0
-0.18 0.1 -0.66
-0.2 -0.5 0
-0.21 0.18 -0.16
-0.32 0.2 0.19
-0.2 0 -0.24
1.55 -0.05 0.9
-0.36 1.24 4.83
-0.94 4.55 2.79
-1.07 5.14 -2.2
-1.08 3.78 -5.11
-0.55 1.35 -4.38
-0.27 0.44 -7.52
-0.01 -5.59 -5.25
-0.7 -8.06 -5.4
-0.32 -6.86 1.74
-0.5 -8.12 6.63
-0.9 -5.77 6.51
-2.61 -1.66 11.54
-1.26 3.24 9.51
-1.13 4.58 7.08
-2.58 6.08 2.63
-2.6 5.9 0.45
-0.99 4.85 -1.76
-0.52 4.96 -3.8
-0.18 1.2 -4.22
-0.94 -0.17 -5.28
-1.1 -1.67 -3.7
2.12 -4.38 -5.39
1.28 -4.43 -0.24
-0.47 -1.78 0.9

%0
-0.35 0.08 -0.12
-0.24 0.32 -0.59
-0.54 -0.04 0.34
-0.18 0.26 -0.43
-0.26 -0.48 -0.12
-0.2 0.05 0.21
2.35 -0.15 0.78
-0.66 3.2 4.7
-1.11 7.33 0.74
-0.32 5.69 -3.83
-0.43 2.73 -6.05
-0.8 1.07 -7.12
-2.57 -1.63 -7.36
-0.81 -7.71 -5.77
-0.91 -12.93 0.26
-0.67 -8.35 6.86
-0.74 -7.49 4.78
-1.28 -3.8 7.48
-2.66 1.56 10.23
-1.28 5.04 8.85
-2.85 5.84 4.87
-2.7 -320.04 0.85
-1.18 5.93 -1.61
-0.66 3.08 -3.68
-0.96 2.74 -6.8
-0.32 -1.67 -5.8
1.47 -3.43 -3.48
1.67 -3.94 -1.7

%0
-0.25 -0.04 -0.12
-0.19 -0.2 -0.3
-0.22 -0.16 -0.1
-0.2 -0.02 -0.02
-0.16 0.16 0.07
-0.1 -0.16 -0.01
1.81 -0.43 1.2
-0.86 1.76 5.6
-1.01 5.53 1.41
-1.01 5.83 -3.76
-1.18 3.81 -5.71
-0.15 2.53 -5.52
-0.24 0.13 -8.84
-0.13 -4.8 -7.66
-0.18 -8.3 -2.28
-0.67 -10.58 3.03
-1.15 -8.27 4.18
-2.78 -7.12 9.42
-0.94 -2.96 8.75
-2.81 4.67 10.94
-3.09 7.88 5.45
-1.07 7.46 2.46
-0.79 7.23 -0.36
-1.27 4.33 -3.25
-0.89 3.02 -5.15
-0.6 0.46 -5.68
-0.11 -2.19 -4.14
-0.05 -2.78 -2.55
-0.32 -5.01 0.4

%0
-0.16 0.25 -0.28
-0.26 0.16 0
-0.14 -0.04 -0.37
-0.09 -0.07 -0.15
-0.19 0.16 0
-0.21 0 -0.02
1.48 -0.26 0.32
1.4 -0.34 3.87
-0.04 4.95 4.34
-0.12 6.02 -0.01
-0.76 4.44 -4.45
-0.52 1.05 -6.99
-0.64 -2.46 -7.14
-0.79 -4.16 -7.04
-0.39 -3.88 -3.48
-0.99 -6.15 -0.92
-1.06 -7.25 0.63
-1.25 -6.94 6.22
-0.89 -4.04 6.65
-0.52 -1.54 7.45
-1.21 0.77 9.28
-1.21 4.33 6.61
-0.68 5.37 3.39
-0.88 6.96 1.76
-0.09 4.78 -2.49
-0.02 3.8 -3.05
-0.79 2.38 -5.13
-0.22 -0.03 -5.61
1.52 -2.68 -2.89
-0.15 -3.1 -0.92

%0
1.28 0.23 -0.66
-0.18 0.17 -0.24
-0.1 -0.35 -0.19
1.3 0.14 -0.7
-0.16 -0.12 0.09
1.51 0.09 0.04
2.19 1.11 2.84
-0.15 6 4.26
-0.65 5.45 1.3
-0.47 2.19 -2.36
-0.73 1.96 -4.74
-2.72 1.28 -6.55
-2.62 -0.63 -8.49
-0.67 -4.17 -7.41
-0.92 -6.41 -3.02
-1.02 -7.87 0.69
-1.18 -10.9 6.87
-0.67 -8.19 10.86
-0.39 -3.63 8.12
-0.54 0.8 9.23
-0.61 4.08 7.63
-0.75 7.09 5.55
-2.7 6.18 3.26
-0.98 4.91 -2.12
-0.79 4.17 -5.75
-1.2 1.82 -7.14
-0.45 -1.87 -4.84
1.51 -3.32 -2.24

%0
-0.17 -0.08 0.05
-0.06 0.08 -0.22
-0.08 0.11 -0.2
-0.25 -0.02 0.06
1.28 0.05 -0.38
1.28 -0.15 -0.35
1.55 0.06 0.31
-0.36 2.44 3.35
-0.02 5.94 2.24
-1.22 3.7 -1.01
-0.31 3.6 -3.91
-0.6 2.81 -6.56
-0.56 -4.23 -8.59
326.77 -6.25 -8.3
-0.21 -8.93 -3.46
-0.76 -6.13 2.28
-0.53 -7.59 6.99
-0.47 -7.78 10.29
-0.95 -0.89 9.62
-2.68 1.31 9.11
-2.86 6.21 6.8
-3.24 6.18 4.27
-2.71 7.72 1.02
-2.71 3.2 -4.62
-0.15 2.13 -7.86
-0.53 -1.02 -6.6
1.5 -4 -4.66

%0
-0.45 -0.15 0.38
-0.19 0.01 -0.4
-0.24 0.07 -0.2
-0.3 -0.01 0
-0.19 0.06 -0.52
-0.22 -0.52 0.17
1.62 -0.99 1.23
-0.73 0.6 4.85
-0.58 6.75 2.43
-0.32 5.33 -1.49
-1.2 0.77 -3.36
-0.16 1.3 -6.87
-0.44 -2.16 -5.26
-0.1 -2.38 -9.18
-0.84 -6.78 -0.62
-0.34 -5.11 -2.42
-0.33 -8.31 5.36
-0.82 -8.34 8.19
-1.56 -3.84 8.64
-1 0.3 9.86
-1.21 5.56 6.52
-2.72 7.98 6.53
-2.66 7.8 -1.17
-0.74 4.68 -3.55
-1.15 2.18 -4.45
-0.97 1.43 -5.51
-0.09 -0.42 -6.18
-0.15 -3.54 -2.11

%0
-0.27 -0.06 -0.03
-0.23 0.05 0.16
-0.21 0.06 -0.48
-0.3 0.44 -0.11
-0.38 0 -0.1
-0.17 -0.17 0.07
1.95 -0.95 1.09
-0.94 2.1 6.29
-3.25 8.84 1.08
-2.94 4.76 -3.94
-0.06 -0.92 -6.36
-0.81 -1.16 -8.77
-0.17 -2.94 -5.74
-0.25 -3.77 -3.73
-0.44 -4.71 -3.15
-0.64 -9 5.04
-1.22 -4.82 5.37
-0.84 -5.67 5.42
-1.09 -3.49 6.67
-0.3 -1.29 9.85
-3.03 4.32 8.36
-3.4 5.98 4.84
-2.99 5.66 0.04
-0.97 5.14 -3.83
-0.29 2.83 -4.88
-0.92 3.12 -6.03
-0.03 -0.59 -3.36
1.28 -1.62 -4.2

%0
-0.25 1.38 -0.32
-0.17 0.25 0.11
-0.08 -0.07 -0.34
-0.28 -0.05 0.31
-0.17 0.13 -0.46
-0.09 -0.04 0.19
-0.23 0.85 2.38
-1.11 5.82 1.34
-1.2 3.67 -2.11
-1.04 2.59 -4.62
-0.78 -1.23 -4.73
-0.41 -2.17 -7.8
-0.76 -3.98 -5.52
-0.37 -5.8 -2.54
-0.16 -5.53 5.57
-1.37 -5.38 8.82
-1 -6.27 7.43
-0.16 -2.14 6.29
-1.03 1.96 7.21
-2.74 7.13 4.01
-3.2 8.42 2.64
326.58 7.32 -1.23
-0.76 2.99 -3.2
-1 2.12 -6.43
-0.44 -0.08 -5.41
1.41 -2.08 -4.24

%0
-0.19 0.11 0.07
-0.22 0.3 -0.09
-0.38 0.19 0.17
-0.27 -0.06 -0.49
1.28 -0.29 -0.68
1.48 0.39 0.92
-0.91 1.51 3.84
-1.27 4.62 1.07
-0.63 6.41 -2.25
-1.12 1.5 -6.52
-0.84 -0.18 -7.74
-1.03 -4.45 -6.87
-0.63 -4.97 -6.41
-0.51 -8.25 1.85
-0.13 -6.58 5.02
-0.32 -5.28 8.84
-1.17 -3.68 7.97
-0.93 0.46 8.37
-2.88 5.8 6.15
-3.07 6.23 2.94
-1.22 7 -0.27
-0.94 4.75 -3.14
-0.46 2.76 -5.51
-0.06 1.38 -5.69
-0.77 -0.68 -4.27
-0.41 -3.48 -1.85

%0
-0.21 0.1 -0.38
-0.28 0.05 -0.24
-0.16 0.2 -0.76
-0.38 -0.2 0.08
-0.19 -0.07 0
1.57 -0.01 0.52
-0.37 0.41 4.08
-1.28 5.52 1.36
-0.41 5.83 -1.11
-0.9 4.12 -4.73
-0.96 5.47 -7.59
-1.28 -7.02 -6.23
-0.07 -8.02 -7.51
-0.56 -7.54 -4.07
-0.96 -7.1 0.74
-0.57 -5.59 6.19
-0.37 -4.25 9.24
-0.84 -1.32 9.78
-2.65 2.16 8.77
-2.94 5.92 5.15
-2.95 5.71 2.39
-0.74 5.07 -1.92
-0.11 3.33 -3.49
-0.24 3.41 -4.44
-0.86 0.78 -5.94
1.63 -2.16 -5.58

%0
-0.11 -0.35 -0.25
-0.18 -0.33 0.31
-0.34 -0.26 0.45
-0.14 0.21 -0.19
-0.34 0.38 -0.03
1.31 0.11 -0.93
1.58 0.43 0.19
-1.11 2.55 4.47
-0.55 6.34 0.67
-0.59 3.72 -5.27
-1.01 1.44 -3.79
-0.69 -3.05 -8.62
-0.76 -3.48 -7.19
-0.05 -4.25 -3.06
-1.22 -6.22 0.49
1.28 -7.52 5.28
-0.56 -6.62 9.6
-0.98 -4.37 7.58
-1.07 -1.13 7.76
-0.81 2.31 5.88
-3.75 5.08 5.86
-3.62 8.03 1.53
-3.19 6.08 -2.03
-2.58 3.64 -4.44
-1.91 1.03 -4.39
-0.73 -0.85 -7.2
-0.7 -0.95 -4.11
1.43 -4.39 -1.61

%0
-0.23 -0.06 -0.04
-0.22 0.19 -0.19
-0.3 -0.06 0.24
-0.17 0.18 -0.43
-0.23 0.11 -0.21
-0.12 0.01 -0.45
-0.04 -0.01 -0.06
-0.19 0.17 -0.22
1.62 0.67 1.06
-0.68 1.19 6.38
-0.43 5.89 1.73
-0.93 5.62 -3.7
-2.6 3.2 -4.43
-0.88 2.29 -6.97
-0.11 -1.66 -9.7
-1.12 -6.64 -6.72
-0.2 -7.56 -2.17
-0.66 -8.7 -0.41
-0.06 -6.04 5.07
-0.11 -4.8 9.92
-0.41 -3.96 6.35
-0.9 -1.22 7.64
-1.26 0.66 6.03
-0.87 3.63 4.69
-3.37 6.66 4.36
-3.54 6.59 -1.03
-2.7 4.59 -3.48
-0.37 2.15 -5.05
-0.87 0.28 -6
1.59 -1.43 -5.85
-0.01 -1.95 -1.57
1.61 -3.34 -0.74

%0
-0.19 0.24 -0.23
-0.18 0.15 -0.2
-0.14 -0.04 -0.35
-0.23 -0.21 0.12
-0.13 -0.07 -0.02
1.28 -0.22 -0.29
1.6 0.16 0.81
-0.69 1.21 3.49
-0.32 7.95 -1.6
-0.44 6.73 -2.39
-0.07 -0.35 -3.62
-1.12 -0.64 -6.45
-1.25 -2.85 -5.56
-0.57 -4.55 -7.21
-0.72 -6.78 -2.78
-0.48 -7.04 1.24
-0.5 -7.52 5.45
-0.15 -5.38 7.83
-1.04 -1.38 10.92
-1.11 1.59 8.17
-3.15 4.17 5.86
-3.15 6.1 3.86
-3.26 5.78 -1.88
-2.71 5.62 -4.78
-0.3 2.35 -5.15
-0.53 3.2 -4.75
-1.25 -0.15 -3.29
-0.19 -3.16 -3.28
1.63 -4.3 -1.53
1.28 -3.55 0.22

%0
-0.32 -0.17 -0.21
-0.32 0.02 -0.2
-0.19 0.12 -0.38
-0.22 0.24 -0.2
-0.25 0.14 -0.28
-0.32 0 0.31
-0.1 -0.36 -0.3
1.29 0.13 0.72
-1.16 3.09 4.16
-0.71 7.82 -0.89
-0.93 4.56 -4.6
-0.65 -0.48 -4.91
-0.57 -4.27 -7.44
-0.83 -5.16 -4.36
-0.91 -6.3 -3.05
-1.03 -6.17 0.77
-0.69 -5.92 2.78
-0.98 -6.03 7.92
-0.24 -3.46 11.15
-1.18 0.79 10.33
-1.24 2.54 6.41
-3.1 3.87 4.05
-3.76 6.49 0.69
-2.81 5.48 -4.37
-0.87 3.67 -6.49
-1.22 -0.13 -6.71
-0.37 -1.53 -5.05
-0.3 -2.72 -2.6
0.11 -4.44 -0.88

%0
-0.13 -0.08 -0.69
-0.34 0.1 -0.21
-0.29 0.13 -0.23
-0.26 0.27 -0.05
-0.42 -0.22 0.65
-0.15 0.11 0.29
-0.57 1.96 2.27
-0.16 4.54 2.26
-1.13 4.15 -3.36
-1.16 2.7 -4.03
-0.21 -0.26 -6.99
-1.07 -2.14 -7.7
-0.21 -5.71 -6.34
-0.78 -9.41 -0.19
-0.63 -5.36 4.29
-0.21 -6.19 6.48
-0.61 -7.2 4.83
-3.24 -1.12 14.29
-2.79 4.84 9.28
-1.06 2.76 4.46
-2.59 6.47 1.84
-2.64 5.35 0.25
-2.68 5.02 -1.42
-1.13 5.7 -5.45
-0.44 2.71 -4.88
-1.18 -0.18 -5.14
-0.29 -2.8 -4.39
1.3 -4.25 -2.5
1.71 -5.07 -2

%8
-0.31 0.26 0.11
-0.09 0.05 -0.34
-0.21 -0.27 0
-0.21 0.16 -0.12
-0.24 0.06 -0.12
-0.29 -0.09 -0.22
-0.16 -0.23 -0.68
-0.34 -1.1 -1.85
1.95 -2.61 -3.95
1.79 -6.06 0.05
-0.16 -3.62 3.11
-0.28 -1.73 5.93
-0.43 1.22 4.77
-0.96 4.9 2.5
-1.09 8.4 0.51
-2.6 10.05 -1.46
-1 8.26 -3.05
-1.08 4.83 -1.72
-2.87 2.05 0.86
-2.91 -3.36 2.91
-0.58 -6.29 1.35
-1.06 -9.72 0.67
1.83 -10.81 -3.93
-0.07 -8.02 -2.5
-0.69 -6.9 -3.29
-0.07 -3.57 -3.55
-0.24 -1.51 -4.56
-0.59 3.32 -5.59
-0.87 6.19 -4.69
-1.11 9.4 -1.64
-0.84 7.8 0.79
-1.12 7.83 3.99
-3.18 4.69 3.12
-3.58 4.44 1.37
-2.85 0.08 -1.78
-0.47 -4.76 -2.38
-0.3 -5.6 -4.88
2.1 -5.31 -4.44
1.34 -6.91 0.8
-0.04 -7.51 2.07
-0.93 -3.9 3.45
-1.54 -2.22 4.99
-1.99 -1.08 6.68

%8
-0.07 -0.02 -0.09
-0.11 0.08 0
-0.12 0.15 0.11
-0.28 0.04 0.3
-0.17 0.16 0
-0.1 -0.36 0
-0.02 -0.29 -2.08
1.3 -3.02 -0.18
1.95 -4.53 -1.74
1.65 -4.83 -0.55
-0.49 -1.31 2.9
-1.28 0.59 5.28
-0.08 3.14 4.68
-0.11 4.06 2.13
-1.24 7.56 0.11
-2.86 10.75 -4.29
-2.95 8.65 -2.95
-0.77 3.16 -0.04
-2.86 -1.56 4.57
-0.81 -5.19 4.17
-0.52 -6.48 2.6
-1.07 -8.77 1.2
-0.14 -10.49 -0.74
1.28 -9.69 -3.79
-0.56 -8.6 -5.61
-0.03 -3.58 -6.74
-0.43 0.01 -7.21
-2.92 4.99 -5.08
-3.4 9.52 -2.97
-2.77 10.5 0.13
-3.04 9.92 1.96
-3.23 7.18 2.93
-3.28 2.55 6.98
-3.81 2.41 -0.78
-2.71 -3.98 -1.96
-1.07 -5.19 -6.51
-0.43 -7.14 -3.02
2.18 -8.96 -1.19
2.43 -9.72 0.04
-0.02 -7.01 1.29
-1.03 -2.82 4.1
-0.15 -1.67 4.39
-0.86 2.3 5.92

%8
-0.43 -0.09 0.05
-0.28 -0.26 -0.02
-0.28 0.09 -0.08
-0.29 0 -0.3
-0.24 -0.28 -0.05
-0.51 0.33 -0.65
-0.9 2.1 -0.15
-0.33 4.55 -0.57
-2.66 6.87 1.5
-1.07 4.73 1.81
-0.65 0.51 5.25
-0.61 -4.8 6.22
-0.13 -7.51 4.66
1.53 -7.69 -2.33
1.56 -12.39 -4.82
1.99 -7.75 -7.33
0.07 -10.21 -4.26
-2.92 -3.56 1.46
-2.89 -1.45 5.42
-5.14 1.83 5.52
-5.97 10.69 5.84
-5.17 10.97 2.64
-2.93 9.19 -0.06
-3.59 7.87 -3.43
-2.72 4.41 -2.97
-3.82 1.99 -6.43
-0.88 -2.9 -8.82
1.36 -5.1 -9.53
2.51 -8.62 -7.14
-0.62 -9.95 1.63
1.33 -10.82 0.11
-0.18 -8.45 3.37
-2.9 -3.84 2.68
-3.41 -0.89 0.53
-2.6 6.19 -0.14
-3.29 6.44 0.67
-1.22 6.53 0.57
-0.68 7.91 0.96
-1.27 4.81 1.2
-0.79 1.96 1.81
-1.19 0.89 2.79
-0.66 -2.22 1.72

%8
-0.17 -0.07 -0.26
-0.08 -0.19 -0.01
-0.13 0.26 -0.51
-0.15 0.15 -0.13
-0.18 0.06 -0.12
-0.16 -0.02 -0.08
-0.22 -0.2 0.01
-0.44 1.82 -0.69
-0.05 4.88 0.82
-0.4 5.61 -0.38
-0.58 2.9 2.11
-0.71 2.77 5.55
-0.2 -1.86 4.57
-0.16 -5.31 4.06
-0.77 -7.18 2.09
1.44 -6.84 -1.37
2.5 -7.92 -5.27
1.47 -10.21 -4.74
-0.3 -8.71 -1.95
-3.37 -2.07 1.4
-3.33 1.99 4.78
-5.51 6.05 6.86
-5.27 6.68 5.27
-3.35 10.68 -0.87
-3.01 10.16 -5.94
-2.66 8.96 -5.52
-2.66 3.28 -5.47
-1.06 -0.68 -3.08
-1.25 -1.42 -6.69
1.29 -4.33 -5.6
1.71 -5.01 -3.53
2.19 -6.75 -1.39
1.79 -9.98 0.9
-0.47 -10.5 0.8
-2.62 -6.51 5.37
-2.84 -1.51 1.55
-3.57 1.97 0.1
-2.7 5.15 -1.84
-3.68 8.47 -0.23
-0.65 6.73 -1.82
-0.63 6.24 0.74
-0.25 4.29 0.25
-0.13 2.91 2.07
-0.84 0.8 1.49
-0.55 -1.92 2.53
-0.47 -3 2.32

%8
-0.16 -0.19 -0.17
-0.19 0.05 -0.38
-0.1 0.14 -0.51
-0.27 -0.01 0.36
-0.23 0.52 -0.22
-0.37 0.06 -0.2
-0.29 4.99 -1.22
-0.75 6.07 1.03
-0.32 4.39 3.87
-0.44 1.98 5.95
-1.02 -2.91 3.23
-1.24 -6.29 2.81
1.34 -6.98 -1.51
2.07 -9.76 -3.32
2.18 -7.99 -5.98
-0.05 -7.97 -2.73
-0.92 -3.85 0.35
-2.96 -0.19 4.12
-5.38 3.75 7.12
-6.24 14.34 6.24
-3.32 11.33 1.9
-2.85 11.12 -1.71
-3.45 6.04 -5.9
-3.33 3.38 -7.32
-1.18 -3.11 -11.28
-0.26 -6.94 -7.47
-0.41 -11.4 -2.05
1.5 -11.51 -4.06
-0.86 -8.97 1.52
-0.3 -7.04 1.31
-3.1 -2.14 4.63
-1.24 -2.18 -0.15
-3 4.96 0.22
-1.08 6.31 -0.31
-1.07 8.22 -2.54
-0.4 5.6 1.67
-0.54 5.51 2.75
-0.25 2.51 2.65
-1.01 0.02 2.37
-0.91 -2.31 2.88
-0.38 -4.38 2

%8
-0.18 0.38 -0.22
-0.14 -0.14 -0.26
-0.13 0.03 -0.08
-0.11 -0.15 -0.31
-0.26 0.11 -0.16
1.31 1.11 -0.95
-0.59 5.6 -1.95
-1.28 6.07 0.66
-0.36 5.57 1.04
-0.3 -1.55 6.25
-0.97 -4.75 3.91
-0.07 -5.75 3.57
-0.81 -5.52 -0.63
1.71 -6.05 -5.53
2.07 -4.67 -5.95
-0.11 -6.99 -3.56
-0.11 -4.37 -3.8
-0.49 -4.08 -1.24
-3.73 0.16 6.75
-5.42 3.96 11.52
-5.6 8.96 7.95
-6.19 15.16 1.93
-3.29 12.23 -4.21
-2.83 4.77 -8.11
-0.27 -0.19 -8.95
-0.74 -1.44 -6.52
-0.38 -1.23 -7.38
1.34 -10.98 -0.48
1.88 -15.45 -0.79
-0.61 -11.01 -1.25
-1.2 -5.51 1.76
-3.68 -1.99 2.7
-3.52 4.52 1.28
-3.7 5.64 2.32
-2.82 8.82 1.12
-0.88 6.88 0.16
-0.24 6.75 0.7
-0.45 4.26 2.46
-1.79 0.47 3.48
-0.81 -4.8 2.66
1.65 -9.68 0.98

%8
-0.39 -0.19 0.58
-0.17 0.08 -0.45
-0.16 0.18 -0.62
-0.36 0.25 -0.01
-0.23 0.46 0.09
-0.44 0.49 -0.27
-1.13 4.72 1.3
-0.39 6.76 3.34
-1.08 0.99 3.27
-0.52 -2.18 3.33
-0.1 -5.1 4
-0.56 -7.8 -1.52
2.54 -8.54 -7.17
1.29 -7.23 -5.06
-0.58 -7.06 -4.41
-3.09 -4.24 5.89
-2.71 2.91 6.34
-3.65 7.16 5.36
-3.56 11.19 3.66
-3.56 10.4 0.38
-0.72 6.33 -2.92
-1.25 4.07 -7.96
-0.88 0.58 -7.7
1.65 -2.94 -8.1
2.13 -5.36 -6.63
1.37 -9.09 -2.82
-0.57 -8.77 0.7
-0.08 -10.29 3.44
-0.8 -5.58 2.74
-1.01 -0.31 -1.07
-3.06 2.08 -1.08
-3.03 11.02 -4.9
-3.55 10.48 2.27
-1.21 7.39 -1.56
-0.43 4.71 3.24
-0.7 3.86 5.86
-1.21 1.7 1.67
-1.28 -1.87 3.6
1.28 -6.47 1

%8
-0.13 0.07 -0.54
-0.08 0.23 -0.51
-0.14 -0.04 -0.03
-0.11 0.15 -0.67
-0.27 -0.08 -0.03
-0.6 1.7 -0.43
-0.32 5.63 -0.61
-0.32 4.62 0.41
-0.08 3.49 1.71
-0.13 2.46 3.89
-0.66 -2.38 7.15
-0.85 -4.52 4.97
1.51 -8.57 -1.3
1.84 -12.81 -5.18
1.78 -8.28 -5.73
-0.25 -6.47 -0.06
-2.9 -2.06 2.28
-3.78 2.13 2.67
-5.4 5.9 6
-5.36 12.71 2.46
-3.73 9.95 1.06
-1.27 7.93 -3.44
-1.12 2.76 -6.56
-1.25 1.37 -6.59
-0.63 -3.3 -5.04
1.92 -4.19 -8.45
2.18 -8.67 -4.92
2.24 -10.29 -1.29
-1.17 -10.39 4.57
-0.71 -6.55 2.57
-2.89 0.63 0.87
-1.1 5.34 -2.37
-3.21 4.05 -0.79
-2.95 8.43 0.41
-0.49 6.18 0.63
-0.13 5.04 1.26
-1 1.76 3.55
-0.36 -0.67 1.61
-0.11 -3.31 1.48
1.99 -4.1 -0.64

%8
-0.31 0.17 -0.22
-0.16 0.01 -1.05
-0.49 0.82 0.07
-0.26 0.63 -0.05
-0.51 0.61 -0.27
-0.91 2.68 -1.38
-1.51 4.83 0.74
-0.26 4.97 2.87
-0.29 1.82 3.63
-1.21 -1.33 4.6
-0.15 -4.26 3.91
-0.73 -4.76 -1.01
2.09 -8.94 -4.59
1.9 -6.81 -4.5
1.58 -9.51 -4.11
-0.37 -6.13 -0.33
-2.9 -2.75 1.37
-2.97 1.31 3.93
-6.2 11.45 7.99
-5.88 14.12 4.81
-3.24 11.61 -0.97
-3.37 8.21 -4.33
-1.23 3.58 -7.36
-0.33 0.49 -8.65
-0.31 -5.7 -8.28
1.56 -10.14 -5.43
2.2 -11.92 -6.66
-0.85 -10.82 -0.89
-0.36 -7.62 1.87
-3.06 -2.33 2.82
-3.08 0.64 1.15
-3.42 5.02 0.34
-2.69 10.43 1.52
-2.73 8.07 3.12
-0.68 7.45 1.59
-0.3 2.47 2.62
-0.17 0.98 2.24
-0.96 -0.84 1.73
-0.89 -4.49 3.58
2.13 -5.12 -1.87

%8
-0.25 -0.12 -0.19
-0.2 0.24 -0.29
-0.3 -0.03 -0.09
-0.16 0.23 -0.5
-0.11 -0.12 -0.17
-0.24 0.3 -0.14
-0.21 0.39 -0.74
-0.33 1.31 -0.1
-0.95 5.94 -1.5
-0.87 7.19 4.38
-0.83 1.59 7.5
-0.68 -1.11 5.48
-0.68 -5.41 2.2
-0.09 -8.84 -2.01
2.38 -11.52 -5.08
1.28 -9.92 -5.48
-0.32 -10.18 -4.35
-3.62 -4.91 2.67
-5.67 5.13 8.13
-5.22 9.76 6.41
-5.18 12.94 4.51
-3.47 12.74 1.66
-3.6 7.74 -1.36
-2.79 2.26 -3.62
-2.76 1.74 -6.56
-0.04 -0.93 -8.27
-0.46 -3.9 -8.95
1.94 -10.13 -5.72
1.58 -10.24 -2.51
-0.08 -11.65 -0.71
-0.58 -9.2 1.13
-3.72 -2.59 2.59
-3.07 1.33 1.78
-2.73 9.71 -0.74
-3.54 8.61 2.22
-0.61 6.81 0.85
-0.42 7.16 1.03
-0.49 3.13 2.73
-0.3 1.65 3.03
-1.27 -1.87 3.87
1.29 -5.93 0.42

%8
-0.17 -0.01 -0.37
-0.3 0.09 0.3
-0.23 0.29 -0.45
-0.29 -0.26 -0.08
-0.24 0.41 -0.48
-0.39 0.05 -0.38
-0.82 2.82 -1.26
-0.42 7.51 1.06
-0.74 6.53 1.38
-0.85 2.34 2.96
-0.88 1.04 4.9
-2.98 -2.78 6.22
1.59 -13.64 -1.87
2.16 -9.56 -5.03
1.39 -7.41 -3.17
-0.26 -6.13 -4.15
-0.03 -4.21 -0.49
-1.11 -1.42 2.41
-3.48 -1.11 5.27
-5.64 2.78 9.66
-5.9 10.52 4.59
-2.92 10.98 0.13
-2.79 10.44 -2.59
-0.07 5.69 -6.18
-1.26 2.32 -6.17
-1.52 -0.43 -5.36
1.94 -4.19 -8.11
2.44 -8.08 -5.43
-0.35 -9.4 -2.19
-0.61 -7.22 -2.31
-0.02 -7.69 -0.38
-1.06 -3.94 1.2
-1.21 -3.45 1.79
-3.13 0.85 1.56
-3.73 5.61 2.32
-2.85 9.85 4.53
-0.37 5.15 0.62
-0.46 6.12 -1.6
-0.95 2.45 0.66
-1.24 0.79 1.9
-0.92 -1.77 0.91
-0.62 -5.03 2.75
-0.06 -3.91 -0.45

%8
-0.48 0.11 -0.01
-0.46 0.15 -0.11
-0.38 -0.26 0.06
-0.48 0.37 -0.28
-0.39 -0.39 -0.02
-0.38 0.05 -0.5
-0.58 -0.1 0.48
-0.09 5.71 -2.48
-2.93 7.69 1.14
-0.71 4.26 2.43
-1.16 0.52 6.93
-0.01 -3.14 2.46
-1.05 -8.14 3.76
-0.34 -7.07 0.03
-0.78 -6.24 -2.48
-0.47 -7.81 -4.64
1.3 -7.52 -6.71
-0.74 -5.41 -4.78
-1.2 -1.29 1.88
-3.25 4.07 8.38
-5.9 8.04 8.67
-5.59 13.25 3.77
-5.71 11.94 1.85
-1.21 6.04 -7.76
-1.22 3.36 -6.14
-0.69 0.85 -7.97
-1.23 -0.99 -8.45
-0.63 -1.84 -8.67
-0.85 -10.02 -3.98
-0.87 -10.44 -1.35
-0.54 -10.91 -1.71
-0.61 -8.59 1.37
-3.45 -3.38 3.46
-2.63 -1.06 1.6
-2.89 2.24 1.86
-3.18 4.51 -0.46
-3.47 7.73 0.71
-2.8 6.52 0.7
-0.58 6.48 -1.39
-0.33 5.79 0.43
-0.88 2.98 2.55
-0.61 -0.31 2.62
-0.97 -0.96 0.54
-0.02 -4.44 1.65
1.67 -5.12 0.57
-0.11 -2.92 0.95

%8
-0.19 -0.02 -0.02
-0.29 -0.07 0.09
-0.16 0.38 -0.42
-0.2 -0.1 0.02
-0.19 0.18 -0.09
-0.14 0.22 -0.27
-0.04 1.41 -0.52
-0.9 4.58 0.9
-0.52 6.02 3.14
-1.13 2.82 4.21
-0.62 -2.31 5.91
-0.52 -2.51 4.79
-0.72 -7.71 1.31
-0.02 -9.74 -6.12
1.64 -9.39 -7.63
-0.11 -8.71 -5.03
-1.21 -3.66 1.47
-5.2 -326.64 7.56
-5.68 6.91 6.9
-5.15 11.49 6.57
-3.76 12.31 3.45
-3.29 9.75 -4.01
-3.44 6.59 -4.89
-0.96 2.73 -8.69
-0.4 -1.38 -11.34
1.85 321.51 -10.34
-0.63 -4.57 -6.26
-0.04 -9.08 -5.49
-0.66 -6.53 1.94
-0.88 -6.6 1.14
-0.74 -4.26 2.83
-1.19 -0.58 2.78
-3.17 2.47 1.93
-0.65 5.12 -2.58
-2.87 8.81 1.03
-0.69 6.93 -1.34
-0.64 7.75 1.25
-0.36 2.77 3.59
-0.35 0.25 4.06
-1.09 -2.62 3.46
-0.25 -3.38 0.6
2 -5.16 -0.75

%8
-0.35 -0.05 -0.13
-0.37 0.36 -0.05
-0.31 -0.1 -0.05
-0.39 0.21 -0.19
-0.36 0.02 -0.14
-0.37 0.23 -0.44
-0.18 1.26 -1.59
-0.24 7.31 -1.79
-0.27 7.08 0.35
-0.34 1.93 5.05
-1.21 -0.53 5.2
-0.04 -4.24 4.53
-0.31 -5.14 2.71
-0.27 -7.07 -0.86
-0.69 -6.6 -5.35
-0.24 -6.56 -7.08
1.28 -5.59 -6.01
-2.67 -5.37 4.77
-2.85 0.51 4.06
-2.63 1.83 7.2
-2.92 8.02 5.59
-2.95 10.56 4.19
-3.13 11.52 -0.61
-1 4.76 -3.59
-0.64 4.92 -6.62
-0.55 0.06 -7.56
-0.07 -1.47 -8.84
-1.23 -4.49 -6.23
-1.19 -5.48 -3.01
-1.27 -9.04 0.72
-1.06 -8.77 0.5
-0.07 -7.29 0.31
-3.21 -5.13 4.53
-3.23 -0.88 1
-3.47 2.43 0.57
-2.62 6.4 -2.8
-1 9.77 -2.43
-0.88 8.91 -0.48
-0.35 4.7 2.89
-0.9 4.09 -0.29
-0.88 0.2 2.32
-0.34 -1.27 3.35
-0.68 -5.31 1.68
-0.18 -4.26 0.72

%8
-0.35 -0.15 0.36
-0.23 0.59 -0.43
-0.34 -0.08 0.2
-0.31 0.48 -0.43
-0.26 -0.22 -0.13
-0.41 -0.03 -0.2
1.47 0.94 -1.59
-0.78 6.15 2.69
-1.14 6.12 -0.94
-0.54 3.65 1.45
-0.05 -2.5 4.47
-0.54 -3.48 4.53
-1.86 -6.54 4.23
-0.4 -6.99 0.73
1.52 -8.11 -7.58
2.2 -8.09 -9.33
-0.1 -6.48 -6.39
-0.39 -3.75 -1.14
-3.15 -2.59 3.26
-3.08 1.48 5.74
-5.94 4.71 8.97
-5.26 9.62 4.99
-3.34 13.13 3.5
-2.76 10.58 -2.71
-2.85 5.13 -6.64
-1.95 1.22 -8.54
-0.81 -0.38 -7.4
-0.65 -3.85 -8.37
1.28 -6.83 -5.89
1.73 -10.17 -2.23
-0.07 -10.75 0.03
-0.3 -6.46 1.86
-2.64 -3.94 2.47
-3.64 0.68 0.87
-3.17 2.82 -0.46
-1.21 5.91 -1.39
-2.96 10.18 1.23
-0.56 6.65 1.13
-0.76 4.58 3.71
-0.07 3.23 4.06
-1 -1.49 4.33
-1.11 -3.57 4.42
-0.07 -2.65 -0.02
1.32 -3.72 -1.28
1.41 -3.16 -1.11

%8
-0.2 -0.08 -0.2
-0.27 0.15 -0.27
-0.09 -0.01 -0.38
-0.09 0.11 -0.43
-0.2 0.24 -0.49
-0.24 0.22 0.28
-1.12 5.15 0.64
-0.48 6.32 2.39
-0.48 4.62 3.95
-0.63 0.73 5.33
-0.1 -3.3 4.34
-0.41 -6.33 2.56
1.4 -7.85 -3.37
-325.19 -10.74 -5.89
1.71 -11.54 -4.84
-0.64 -8.65 -6.33
-3.72 -3.51 1.06
-5.7 0.98 5.6
-7.77 7.79 9.82
-6.19 12.18 5.07
-4.87 11.03 0.4
-3.82 10.71 -3.22
-0.08 4.12 -8.81
-0.55 0.76 -8.55
-0.83 -0.85 -7.47
-1.15 -1.94 -5.43
-0.84 -4.07 -3.84
1.77 -8.46 -4.16
1.28 -11.78 1.9
-0.21 -10.71 5.19
-0.32 -6.29 -0.55
-3.06 -2.35 -1.3
-2.82 3.58 -1.03
-3.77 6.59 -1
-3.01 6.34 -0.14
-0.41 6.9 0.13
-0.99 5.61 -0.07
-0.74 5.37 4.96
-0.92 2.93 4.48
-0.28 1.19 2.85
-0.26 -0.96 3.08
-1.24 -1.82 1
-0.49 -4.13 -1.11
1.59 -5.18 -1.93
1.58 -2.59 -1.54

%8
-0.18 0.13 -0.03
-0.17 0.2 0
-0.25 0.31 0.46
-0.04 0.06 -0.48
-0.14 -0.01 -0.14
-0.03 0.34 -0.96
-0.17 3.51 -1.01
-0.32 6.66 2.32
-0.23 4.89 2.81
-0.19 0.82 4.91
-0.9 0.1 5.95
-0.64 -2.15 2.42
-1.11 -7.49 -1.49
-0.05 -9.73 -3.56
2.01 -12.41 -6.58
-0.39 -7.9 -3.55
-3.43 -4.4 4.25
-3.74 3.4 5.16
-3.66 9.63 4.01
-2.7 10.06 2.42
-2.74 13.3 0.36
-2.78 9.15 -3.81
-0.87 5.1 -6.67
-1.07 2.48 -9.71
-0.94 -1.73 -8.03
-1.13 -2.69 -4.15
-0.74 -6.49 -4.67
-0.09 -8.89 -1.7
-1.1 -9.89 1.95
-1.12 -8.7 1.26
-1.24 -7.32 3.1
-3.05 -2.51 0.3
-3.77 1.91 -0.08
-3.19 5.8 -2.39
-2.99 8.68 -0.29
-0.55 9.82 -0.42
-0.26 6.5 1.99
-1.71 5.89 2.15
-0.09 1.66 2.43
-0.21 -0.9 2.23
-0.18 -2.57 1.55
-0.08 -4.7 -0.86
1.79 -6.65 -0.15

%8
-0.03 0.08 -0.55
-0.17 0.07 -0.02
-0.22 -0.18 -0.05
-0.14 0 -0.15
-0.21 0.2 -0.12
-0.12 -0.19 -0.09
-0.28 2.67 -0.73
-0.4 6.52 1.85
-0.58 7.62 -0.81
-0.02 1.71 5.1
-1.02 1.13 5.19
-0.7 -4.74 4.12
-0.27 -10.46 0.53
1.82 -10.95 -3.77
-0.84 -8.81 -1.53
-1.08 -8.36 -4.09
-0.39 322.63 -2.57
-2.57 0.32 2.56
-5.56 5.21 6.92
-5.23 9.66 5.37
-2.76 13.65 0.38
-1.2 11.71 -4.35
-1.16 9.36 -6.81
-1.01 2.54 -10.77
-0.94 -2.73 -9.5
-1.07 -1.13 -5.45
-0.46 -10.05 -3.98
1.5 -10.69 -2.02
-0.25 -8.8 1.91
-0.04 -6.59 0.92
-3.1 -6.66 4.67
-2.76 -1.69 0.42
-3.3 2.28 0.41
-0.98 5.16 -2.88
-1.17 8.69 -1.2
-0.13 7.8 -0.57
-1.09 7.21 -0.21
-0.32 5.98 1.05
-0.75 1.86 3.36
-0.25 -1.77 3.68
-0.73 -4.44 1.86
1.38 -5.42 0.08
2.21 -4.62 -2.68
1.47 -3.32 0.09
1.3 1.04 -0.99

%8
-0.14 -0.13 -0.18
-0.12 0.01 0.09
-0.1 0.17 -0.43
-0.11 -0.2 -0.24
-0.19 0.4 -0.2
-0.04 0.52 -0.41
1.35 1.55 -1.36
-0.95 7.31 -0.25
-0.37 5.93 2.66
-0.35 3.52 4.85
-3.35 -1.16 8.15
-1.26 -4.78 3.76
-0.1 -8.61 -0.33
1.54 -12.15 -7.05
1.5 -10.01 -2.93
-0.13 -7.19 -0.73
-3.58 -1.07 5.65
-3.24 2.45 4.67
-2.6 5.25 2.67
-3.38 10.79 3.64
-2.87 9.46 2.2
-2.79 8.22 -2.31
-0.06 5.27 -7.41
-0.45 3.21 -9.09
-0.7 1.39 -10.58
-1.11 -5.46 -6.37
-1.03 -8.61 -2.3
1.62 -9.45 -1.83
-0.96 -9.87 1.79
-0.62 -7.32 2.65
-1.05 -4.67 1.97
-2.9 -0.29 2.34
-0.98 -0.46 1
-2.62 2.88 -3.49
-2.8 7.92 -3.75
-2.62 9.73 -1.04
-0.61 7.15 0.35
-0.78 6.1 2.25
-2.12 3.32 3.48
-0.48 0.67 2.16
-1.12 -2.46 1.46
1.34 -5.8 -0.55
2.06 -5.14 -2.46

%8
-0.14 -0.06 -0.07
-0.16 0.06 -0.41
-0.14 0.09 -0.33
-0.13 0.17 -0.48
-0.12 -0.02 -0.24
-0.17 0.19 -0.2
-0.64 4.07 -0.02
-1.09 4.96 0.73
-1.13 4.83 1.97
-0.86 1.65 6.45
-1.22 0.35 5.72
-2.69 -4.07 4.8
-0.13 -9.67 -2.87
2.05 -13.8 -4.9
-0.06 -9.02 -6.98
-0.91 -10.88 -2.56
-2.83 -0.05 2.78
-6.01 3.74 7.64
-5.13 9.2 3.67
-3.37 11.68 2.77
-3.55 13.08 -2.13
-0.2 5.88 -7.63
-0.43 4.44 -9.63
1.81 -2.17 -7.31
-0.18 -2.82 -6.2
-0.29 -6.44 -5.59
-0.78 -7.11 -0.82
-0.03 -8.57 -0.45
-0.68 -8.64 2.76
-0.02 -7.52 1.17
-2.64 -3.17 1.19
-3.66 1.05 0.07
-2.99 4.59 -0.34
-1 9.27 -1.88
-1.22 8.91 -2.14
-0.79 7.53 3.51
-0.69 3.84 5.54
-0.21 -0.38 3.46
-0.95 -3.86 1.45
1.65 -7.01 -1.66
1.34 -4.59 -2.22

%9
-0.3 0.06 -0.13
-0.18 0.28 -0.31
-0.14 0.11 -0.06
-0.4 0.05 0.27
-0.33 -0.08 -0.02
-0.14 -0.3 -0.26
-0.03 -0.27 0.91
-1.01 -1.89 6.02
-0.98 0.73 6.83
-1.04 3.44 3.92
-1.18 6.11 0.01
-0.92 6.38 -2.57
-0.17 4.14 -6.67
1.47 -0.42 -9.64
2.1 -3.14 -9.87
1.61 -5.71 -6.41
-0.43 -4.56 -3.93
-0.49 -8.47 -0.27
-1.14 -5.78 5.97
-2.83 -6.48 9.11
-3.78 -1.32 10.26
-2.98 2.94 8.48
-2.61 4.64 2.45
-0.46 3.14 -0.16
-0.47 4.48 -5.51
1.7 3.06 -7.34
1.95 1.66 -7.39
1.64 1.82 -10.52
1.85 0.25 -10.55
-1.67 2.17 -5.1
-0.65 -0.31 -5.48
-3.2 0.81 4.17
-1.17 -1.8 8.24
-0.01 -2.01 9.38
-0.09 0.44 4.32
-0.18 -1.09 3.72
-0.14 -0.9 0.47
-0.53 -0.73 0.47

%9
-0.52 -0.13 0.4
-0.14 -0.1 -0.86
-0.52 -0.44 0.61
-0.36 0.22 -0.29
-0.3 -0.3 0.32
1.28 -0.46 0.88
-0.94 326.52 8.18
-3.06 3.77 5.27
-2.9 8.08 1.48
-2.11 4.84 -1.57
-0.83 2.57 -3.47
-0.09 1.93 -8.36
1.56 -0.8 -10.99
1.95 -4.19 -9.88
-0.52 -7.62 -5.97
-0.73 -8.32 -0.45
-0.84 -8.45 3.08
-3.09 -7.82 6.98
-3.38 -4.43 13.05
-5.39 -0.44 12
-4.6 5.91 6.54
-3.81 4.46 3.05
-1.13 4.6 -6.91
1.92 5.36 -9.2
1.82 1.9 -5.19
2.48 -1.65 -5.06
2.48 -0.33 -8.63
-0.16 1.72 -7.97
-0.78 1.39 -8.22
-0.94 -0.72 -1.93
-2.6 -2.02 2.87
-0.51 -0.13 1.64
-1.07 -0.16 7
-0.58 0.64 5.57
-1.08 -2.57 7.52
1.32 -0.18 -0.32

%9
-0.4 0.13 0.3
-0.32 0.1 -0.24
-0.2 -0.13 -0.55
-0.47 -0.11 0.56
-0.32 -0.04 -0.23
-0.35 -0.51 0.32
1.29 -0.48 1.72
-0.65 -1.04 8.06
-1.03 4.23 4
-0.82 5.16 1
-0.28 3.8 -0.7
-0.13 4.26 -3.41
-0.31 3.72 -5.34
-0.04 2.6 -8.93
-0.15 -2.93 -10.43
1.43 -7.8 -8.76
-0.86 -10.59 -3.42
-1.25 -10.27 0.45
-3.42 -6.23 3.77
-2.67 -5.89 9.25
-3.23 0.29 11.89
-3.54 3.24 10.94
-3.66 4.05 5.79
-2.92 6.27 0.87
-0.36 6.3 -3.79
2.37 3.1 -10.87
1.69 2.21 -6.14
2.33 -0.28 -6.37
1.47 2.07 -7.49
1.31 -0.58 -6.93
-1.21 0.21 -4.44
-0.37 0.54 -0.9
-0.98 -0.38 -1.28
-0.96 -1.75 6.67
-0.96 -1.41 8.34
1.28 -1.09 3.65

%9
-0.13 0.41 -0.79
-0.17 0.04 -0.65
-0.3 0.07 -0.25
-0.37 0.34 -0.22
-0.11 -0.13 -0.73
-0.33 -1.39 0.77
-0.01 -2.71 3.84
-0.82 -3.73 5.41
-0.58 1.68 4.28
-2.94 9.03 3.74
-3.59 7.97 1.23
-1.1 3.26 -3.24
-0.66 2.06 -6.26
-0.93 1.69 -10.66
-0.89 -0.5 -8.36
-0.22 -4.51 -8.77
-0.77 -5.48 -5.94
-2.36 -8.19 0.96
-0.54 -8.67 4.58
-2.89 -7.44 9.42
-3.6 -3.02 10.41
-3.48 2.22 7.92
-3.62 2.61 5.97
-1.2 4.98 0.11
-0.06 1 -3.2
-0.72 5.31 -6.33
1.62 2.28 -7.17
-0.14 2.16 -4.93
1.64 -0.18 -7.7
-0.99 0.89 -6.85
-2.7 0.01 -2.53
-0.53 0.09 -3.03
-0.39 1.64 -0.63
-2.21 0.1 7.64
1.69 0.46 4.46
-0.68 -2.12 9.96

%9
-0.31 0.02 -0.33
-0.37 -0.1 0.03
-0.34 0.49 -0.28
-0.29 -0.01 -0.07
-0.25 0.43 -0.72
-0.26 -0.4 0.93
-0.23 -2.68 7.96
-0.53 1.02 7.6
-1.11 3.37 3.41
-2.88 5 0.34
-2.87 5.77 -4.1
-0.99 3.26 -6.64
-0.72 0.74 -8.04
-0.12 -0.61 -9.44
-0.77 -5.32 -8.86
-1.18 -6.25 -4.03
-0.37 -11.16 2.18
-0.2 -8.92 6.34
-2.63 -6.05 8.86
-2.98 -0.78 7.84
-2.72 3 6.35
-3.26 4.72 10.83
-3.77 7.6 4.41
-2.68 5.41 -2.76
-1.27 2.86 -6
1.57 0.65 -8.93
0.37 1.68 -11.37
-0.24 0.34 -9.24
-0.6 0.62 -7.71
-1.21 0.63 -2.92
-3.29 0.63 -0.36
-1.26 -2.62 8.74
-0.19 -0.8 8.17
-0.04 -2.6 9.86

%9
-0.42 -0.43 0.07
-0.35 0.3 -0.49
-0.32 -0.22 0.11
-0.31 0.22 -0.3
-0.26 0.3 -0.33
1.6 0.37 1.64
-0.52 -0.24 8.55
-1.14 4.95 5.23
-0.61 3.33 0.03
-0.66 3.54 -2.18
-0.95 4.67 -6.29
-0.05 2.15 -9.19
-1.15 -0.94 -8.02
-0.07 -3.86 -9.46
-1.12 -7.97 -2.72
-0.88 -10.09 -1.04
-0.04 -9.89 3.38
-3.01 -6.17 8.54
-3.64 -3.14 10.88
-2.7 3.21 10.24
-2.64 3.78 8.96
-2.59 5.5 4.61
-1.28 4.27 0.38
-2.66 4.26 -5.25
1.5 3.74 -12.06
1.54 3.73 -10.89
-0.05 1.39 -9.79
-0.06 0.85 -8.7
-0.96 -0.96 -6.51
-2.63 0.59 0.04
-3.73 -1.34 1.37
-0.14 1.92 3.7
-0.53 -1.34 11.21
-0.23 -1.56 9.47

%9
-0.27 0.28 -0.64
-0.47 -0.44 0.56
-0.37 0.22 -0.08
-0.27 0.07 -0.2
-0.32 0.47 -0.06
1.73 0.51 0.95
-1.5 -0.18 6.79
-0.8 4.41 3.69
-2.64 5.13 1.77
-2.72 5.4 -1.91
-0.5 3.14 -6.43
-0.58 0.5 -9.21
-0.2 -2.49 -7.7
1.55 -5.67 -6.33
-0.47 -6.61 -4.42
-0.29 -7.57 0.51
-1.08 -7.51 0.94
-0.69 -6.84 5.76
-1.21 -3.54 8.12
-2.6 0.85 10.26
-3.45 2.77 6.57
-3.73 5.18 5.33
-0.76 5.56 -1.24
-0.18 4.05 -3.84
-0.32 1.5 -8.63
-0.36 1.52 -7.96
1.46 1.8 -9.06
-0.51 1.38 -8.52
-0.06 0.37 -6.02
-0.94 -0.08 -2.4
-0.66 1.3 -3.21
-2.98 -0.47 6.94
-1.26 -2.06 10.16
-0.55 -0.99 10.18

%9
-0.44 0.07 -0.2
-0.57 -0.18 0.33
-0.41 0.16 -0.14
-0.34 -0.21 -0.05
-0.42 0.12 0.14
-0.53 -0.15 0.55
1.99 -1.06 3.52
-0.91 0.55 9.47
-3.61 7.04 3.44
-3.18 4.38 -0.63
-1.23 3.88 -5.38
-0.94 3.14 -7.57
-0.04 -0.57 -8.82
-1.24 -3.52 -7.86
-0.28 -7.63 -6.56
-1.06 -7.87 -0.99
-1.09 -8.5 1.14
-0.58 -6.14 4.45
-0.97 -5.6 6.17
-3.68 -1.53 11.82
-2.9 2.93 11.33
-2.91 4.07 8.2
-3.48 4.74 2.92
-3.03 3.61 -2.74
-1.19 2.56 -10.07
-0.07 0.93 -11.78
1.46 1.59 -13.03
-0.61 -0.53 -11.17
-2.71 0.69 -6.29
-1.12 -0.63 -5.5
-2.78 -0.69 2.75
-3.38 -0.18 9.85

%9
1.4 -0.77 -1.45
-0.48 -0.71 0.69
-0.3 0.59 -0.21
-0.64 0.27 0.54
-0.63 1.22 0.37
-0.48 0.53 2.11
-0.51 4.15 2.97
-2.66 5.26 7.59
-1.27 6.57 0.98
-0.8 4.6 -6.84
-0.04 0.02 -8.76
1.44 -3.05 -10.6
-0.51 -3.82 -8.11
-0.05 -5.43 -4.03
-0.53 -6.42 -0.59
-0.71 -6.78 3.82
-1.06 -6.36 7.17
-2.62 -5.72 8.15
-3.45 -0.86 8.5
-3.79 3.42 8.71
-3.82 5.59 6.5
-3.42 4.79 3.15
-3.25 3.52 0.39
-1.13 4.46 -5.06
1.28 1.4 -10.01
2.06 1.43 -10
1.63 0.54 -8.75
-0.8 0.11 -7.38
-0.4 -0.16 -6.23
-2.89 -0.86 -3.23
-3.01 0.23 -0.79
-2.84 -0.98 1.99
-0.37 -1.71 6.77
-1.15 -0.85 11.16

%9
-0.26 0.19 -0.41
-0.21 -0.11 -0.36
-0.26 0.18 0.16
-0.24 0.13 -0.05
-0.33 0.19 -0.01
-0.21 -0.04 0.16
1.83 -0.44 2.69
-0.77 0.7 6.81
-1.7 3.31 4.87
-0.91 5.4 1.12
-0.93 5 -2.41
-1.23 4.02 -3.11
-0.69 1.55 -8.04
-1.19 0.33 -7.54
-0.67 -5.5 -11.14
-0.26 -7.01 -7.58
-0.44 -8.12 -2.59
-0.39 -6.58 0.89
-2.62 -7.67 11.13
-0.73 -4.41 9.69
-0.82 -2.37 10.28
-2.6 1.6 11.91
-3.74 4.65 9.62
-2.79 6.98 0.24
-2.66 3.59 -6.06
-0.21 1.57 -11.23
-0.51 0.2 -8.18
2.07 1.13 -12.21
-0.52 0.38 -8.79
-2.66 0.02 -6.99
-2.78 -0.89 -5.69
-2.96 0.9 -0.4
-3.43 0.81 3.2
-2.81 2.92 6.42
-1.69 -0.47 8.66
2.36 -0.35 8.55

%9
-0.37 -0.27 0.15
-0.1 0.2 -0.75
-0.3 -0.28 0.26
-0.27 -0.1 0.12
-0.04 -0.23 -0.56
2.3 0.11 1.61
-0.57 -3.55 10.13
-0.17 5.27 0.59
-1.79 4.18 0.02
-1.2 5.2 -0.92
-0.41 4.77 -4.6
-0.35 1.45 -6.75
-0.33 1.31 -10.16
-0.03 -4.9 -8.88
-0.17 -7.94 -8.6
-0.64 -10.28 -0.18
-2.58 -10.63 3.71
-2.05 -4.53 4.67
-1.27 -4.43 10.19
-1.16 -0.42 10.7
-3.96 2.44 11.61
-2.64 4.81 7.94
-2.87 5.75 3.36
-3.31 4.44 -2.63
-0.8 1.97 -9.76
1.75 0.62 -11.2
2.31 -1.3 -9.77
1.97 -0.08 -9.17
-0.79 -0.96 -8.48
-1 0.35 -5.3
-2.7 -0.99 -6.08
-3.36 2.31 -4.18
-3.48 -0.03 6.03
-0.52 -0.64 11.3
1.53 2.06 8.28
-0.1 -1.62 8.06

%9
-0.19 0.16 -0.34
-0.24 0.25 -0.1
-0.21 0.05 -0.41
-0.1 0.01 -0.3
-0.3 -0.07 0.43
-0.07 -0.2 0.17
2 0.2 2.3
-0.89 0.95 10.03
-0.58 4.81 2.68
-3.08 7.33 0.25
-1.05 5.54 -6.63
-0.68 2.19 -7.38
-0.16 0.27 -9.3
-0.96 -4.55 -9.46
-0.63 -6.45 -6.95
-0.71 -9.01 -0.91
-0.58 -9.01 1.28
-1.92 -6.49 6.19
-0.61 -4.98 7.98
-1.09 -1.72 9.08
-1.21 2.22 9.8
-3.44 3.32 9.83
-3.82 4.25 3.89
-3 5.42 -0.5
-0.61 1.41 -5.34
-0.79 1.78 -8.56
2.15 1.23 -11.43
1.57 0.69 -7.33
-0.14 0.23 -7.7
-0.99 -0.41 -6.99
-0.37 0.69 -4.7
-3.16 -0.13 -2.57
-3.39 -1.87 -1.2
-3.7 -0.35 2.16
-0.68 -0.22 6.26
1.44 -0.79 11.03
-0.63 -0.51 8.62

%9
-0.2 0.27 -0.3
-0.24 0.14 -0.07
-0.38 0.12 0.27
-0.18 0.09 -0.54
-0.08 -0.16 0.28
1.48 -0.35 1.45
-0.53 -2.73 8.39
-0.32 0.33 6.72
-0.5 6.52 0.27
-2.66 7.1 -2.24
-0.94 6.81 -6.16
-2.78 2.4 -6.71
-1.06 0.74 -9.62
-1.03 -5.82 -10.27
-1.07 -6.78 -5.16
-0.15 -8.3 -1.34
-1.09 -10.81 2.21
-0.66 -6.62 7.76
-0.67 -5.27 8.82
-3.66 -0.49 12.91
-3.39 3.81 9.05
-3.61 2.88 7.32
-3.13 5.7 0.82
-0.84 3.23 -4
-0.99 2.76 -8.58
-0.83 1.75 -10.71
-0.59 4.48 -12.25
-0.62 -1.2 -10.7
-2.84 0.02 -5.97
-2.7 1.04 -5.14
-3.28 -2.88 -1.09
-1.21 1.7 4.49
-0.4 -1.8 13.77

%9
-0.26 0.05 -0.29
-0.39 0.23 -0.29
-0.26 -0.1 -0.36
-0.17 -0.05 -0.39
-0.24 -0.05 -0.2
-0.13 -0.05 -0.01
2.11 -0.27 1.46
-0.1 -5.43 9.67
-1.25 5.74 3.66
-3.72 7.9 2.76
-3.83 5.92 -1.82
-3.29 0.8 -5.58
-0.85 -0.63 -9.32
-0.66 -3.83 -9.53
-0.49 -6.05 -9.08
-0.15 -5.72 -7.35
-0.9 -9.81 -1.52
-0.82 -9.68 5.59
-1.22 -5.65 9.84
-1.09 -2.83 9.7
-3.12 2.65 12.41
-0.53 4.13 7.68
-2.85 5.64 6.74
-3.14 4.43 3.61
-2.79 4.4 -4.15
-0.42 0.02 -7.31
-1.14 1.74 -10.95
-0.99 -0.36 -10.13
-1.25 -0.29 -10.05
-0.62 -0.47 -7.82
-3.82 -0.62 -2.07
-3.09 0.22 -3.49
-3.64 0.76 3.52
-0.91 0.54 8.17
-0.69 0.02 10.5
1.39 -0.26 8.31

%9
-0.47 0.33 0.3
-0.29 0.31 -0.54
-0.43 0.27 0.18
-0.17 0.31 326.78
-0.31 0.11 -0.35
-0.27 0.16 -0.46
-0.22 -0.08 0.11
2.01 -0.63 2.64
-2.86 -1.06 14.62
-0.89 6.2 1.31
-3.06 3.18 0.73
-3.43 6.65 -4.13
-0.87 1.93 -8.8
-0.6 -0.3 -9.79
-0.3 -2.62 -7.92
-0.9 -5.62 -8.08
-0.33 -8.44 -3.3
-1.2 -5.92 -0.73
-0.81 -6.75 6.92
-1.03 -5.92 10.57
-1.27 -1.38 11.24
-2.68 -0.59 11.95
-3.16 5.32 7.51
-3.73 5.48 3.16
-2.65 4 2.55
-2.63 4.2 -5.3
-0.28 0.81 -3.94
2 1.5 -11.31
-0.3 1.27 -7.45
1.87 -1.75 -8.81
-1.11 0.72 -9.28
326.94 -1.28 -7.6
-3.09 0.37 -5.07
-2.75 0.21 -0.31
-3.43 1.27 1.93
-2.83 1.44 4.74
-0.83 -1.58 10.65
2.07 -1.03 10.99

%9
-0.33 -0.03 -0.29
-0.33 -0.13 0.07
-0.41 0.12 0.2
-0.55 0.07 0.36
-0.37 0.3 -0.25
-0.3 -0.19 0.11
1.63 0.12 1.19
-1.14 0.55 6.03
-3.1 5 8.14
-2.58 6.04 1.07
-2.88 5.68 -4.46
-0.97 3.81 -7.38
-0.56 -0.35 -9
-0.12 -2.44 -8.64
-0.97 -6.01 -6.96
-0.83 -8.2 -5.1
-0.3 -8.87 -0.42
-1.13 -6.92 1.06
-1.2 -5.41 7.6
-1.15 -3.21 8.89
-3.2 -0.3 11.37
-2.65 2.01 9.92
-3.3 5.22 8.29
-3.18 4.9 3.6
-3.23 4.24 -3.05
-1.1 2.4 -5.1
-0.8 -0.34 -8.42
1.86 0.22 -12.82
1.3 0.11 -10.51
-1.16 0 -8.47
-0.89 0.33 -7.6
-3.2 0.22 -4.37
-2.6 0.37 -1.18
-3.13 -0.05 2.3
-1.21 1.45 5.55
-0.14 -0.25 8.7
1.52 -1.61 8.05

%9
-0.3 0.27 -0.17
-0.26 0.04 -0.05
-0.18 0.45 -0.68
-0.27 0.13 0.17
-0.06 0.27 -0.36
-0.15 -0.15 0.54
2.53 1.2 1.71
-0.58 3.12 6.5
-0.58 3.92 4.76
-1.24 5.52 0.71
-2.59 4.42 -5.52
-2.57 -0.27 -8.47
-0.05 -0.59 -11.28
-0.45 -4.36 -8.47
-0.25 -5.49 -5.49
-0.74 -6.82 1.13
-0.66 -9.39 2.91
-0.09 -7.79 7.53
-0.56 -3.74 7.68
-0.58 -0.72 8.58
-1.76 2.45 8.82
-0.4 4.57 5.64
-3.16 4.05 7.37
-2.64 6.41 2.26
-1.02 3.71 -4.65
-0.8 2.02 -7.5
-0.71 0 -11.56
1.55 -0.92 -9.11
1.53 -1.78 -2.47
1.47 -2.17 -3.03
-1.28 0.96 -7.12
-0.1 -0.35 -8.91
-2.75 0.42 -4.8
-0.59 0.51 -4.59
-3.23 -1.94 2.19
-2.86 0.33 1.76
-0.95 -0.6 9.92
-1.04 -0.74 13.01

%9
-0.24 0.49 0.5
-0.07 0.13 -0.04
-0.16 -0.11 0.21
-0.09 -0.12 -0.29
-0.16 0.21 -0.2
-0.11 0.3 -0.4
-0.03 0.06 -0.14
1.62 -0.14 0.19
2.02 -0.94 4.81
-0.74 0.6 10
-0.55 6.37 0.7
-1.16 4.89 -0.65
-2.69 4.72 -4.09
-0.87 2.72 -5.98
-0.38 1.26 -8.15
-0.98 -4.42 -7.91
-1.01 -1.83 -7.91
-0.8 -5.31 -2.9
1.77 -5.17 -5.61
-1 -7.64 -0.45
-0.17 -7.38 2.47
-0.45 -5.21 6.59
-1.24 -2 9.19
-2.73 1.09 9.82
-3.33 1.71 10.49
-3.54 6.01 5.99
-3.73 4.66 4.4
-2.59 4.22 -3.03
-1.27 2.62 -6.57
1.58 0.42 -10.68
2.05 0.85 -9.82
1.71 -0.19 -5.9
-0.12 0.05 -8.09
-0.05 0.34 -8.16
-1.09 1.22 -6.94
-2.77 -0.33 -1.33
-3.21 0.09 0.33
-1.09 1.67 2.38
-0.08 2.55 6.41
-0.35 -3.41 13.58

%9
1.28 0.24 -0.42
-0.07 -0.06 -0.12
-0.04 -0.05 -0.17
-0.01 0.02 -0.44
-0.13 0.29 -0.18
-0.15 -0.1 -0.07
1.4 0.09 0.41
-0.43 -0.44 7.14
-0.51 5.02 6.67
-0.52 6.07 1.35
-0.72 4.24 -3.32
-1.03 3.94 -4.65
-1.03 2.63 -7.48
-0.96 -0.4 -7.85
-1.19 -3.57 -8.72
-1.11 -6.74 -7.56
-1.08 -8.79 -5.29
-2.62 -8.79 0.95
-1.06 -5.04 2.71
-2.67 -5.23 8.23
-1.22 -2.5 11.92
-2.96 0.43 16.48
-3.84 4.54 9.23
-3.84 5.6 5.94
-3.47 7.06 -2.74
-1.08 4.05 -6.21
1.29 2.21 -11.05
2.53 0.28 -10.39
1.63 -0.14 -8.63
-0.1 0.97 -11.5
-0.75 1.09 -8.3
-2.66 1.42 -9.64
-5.31 -0.42 -1.66
-3.82 0.01 1.27
-3.22 0.34 11.33
-1.2 1.31 13.25

%9
-0.03 0.18 -0.76
-0.15 0.15 -0.27
-0.49 0.26 0.42
-0.16 0.43 -0.7
-0.29 -0.35 0.52
-0.01 -0.11 0.43
-0.59 -3.23 6.65
-0.34 3.63 7.16
-1.12 6.4 2.98
-1.11 5.45 0.11
-0.97 4.33 -2.17
-0.41 2.54 -5.32
-2.41 2.49 -7.52
-0.19 0.51 -10.9
-0.12 -5.39 -9.23
-0.12 -6.24 -7.47
-1.07 -9.93 -0.04
-0.62 -8.91 0.7
-3.13 -6.68 7.7
-2.76 -6.83 8.85
-3.1 -1.14 9.6
-2.58 1.5 10.95
-3.42 2.58 6.88
-3.56 4.21 4.32
-3.35 3.22 1.91
-1.16 3.8 -5.81
-0.49 3.52 -7.71
1.63 1.88 -11.68
1.43 1.29 -9.46
-0.67 0.93 -8.59
-0.28 0.74 -8.47
-2.97 0.75 -6.06
-3.8 -0.64 -3.27
-2.91 0.6 1.44
-3.07 0.14 7.18
-0.51 -0.32 10.29
2.14 1.43 4.6
1.84 -4.08 12.61

%d
-0.6 0.66 -1.37
-0.81 1.91 -4.87
-0.81 0.71 -4.77
-0.11 0.83 -2.48
-0.14 1.37 -1.06
-0.02 -0.92 0.2
-0.39 -0.38 -0.22
-1.09 0.13 0.61
-0.73 0.28 1.4
-0.55 0.32 2.19
-0.59 0.38 3.89
0.29 -0.86 3.06
2.28 2.1 2.02
1.51 -4.25 8.59
1.48 0.19 8.63
1.51 2.84 8.67
-0.17 3.82 7.29
-2.78 5.61 1.88
-2.68 3.25 1.11
-3.57 3.32 -3.57
-3.54 2.64 -4.43
-3.11 1.45 -5.42
-2.65 -0.15 -6.66
-2.62 0.4 -5.64
-0.66 -1.63 -6.48
-0.8 -4.35 -3.67
-0.25 -5.3 -2.37
-1.07 -4.6 -1.14
-0.22 -4.77 1.27
-0.77 -5.33 2.23
-0.81 -2.1 3.42
-1.02 -1.24 5
-0.75 1.51 3.86
-0.94 2.21 4.15
-0.64 3.08 2.74
-0.72 3.7 0.45
-0.87 4.3 0.43

%d
-0.54 0.03 -0.26
-0.25 0.75 -2.32
-0.23 4.11 -8.64
-0.56 0.04 -4.31
-1.11 1.84 -1.99
-0.02 0.93 -1.2
-0.6 0.15 1.6
-1.23 0.03 1.51
-1.03 -0.62 1.99
-0.96 1 0.25
-0.35 -5.43 4.64
1.85 -0.21 4.3
1.94 -2.84 10.8
1.61 -0.14 9.82
-1.06 2.54 7.39
-0.62 2.56 4.06
-1.16 3.09 -0.25
-3.02 4.29 -1.63
-2.68 3.38 -3.54
-0.94 2.17 -3.64
-0.96 1.78 -4.44
-0.91 0.99 -4.03
-1.87 0.13 -4.96
-0.51 -3.56 -5.13
-0.03 -3.92 -4.11
-1.16 -1.95 -3.21
-1.02 -5.49 -0.52
-0.2 -6.22 2.98
-0.86 -3.87 3.03
-1.1 -2.49 4.39
-0.9 -1 4.48
-0.86 0.4 4.24
-1.05 2.52 2.69
-1.2 4.26 1.48
-0.89 4.54 0.29

%d
-0.31 1.89 -2.51
-0.46 0.65 -4.56
-0.09 2.38 -4.7
-0.92 1.49 -3.15
-0.3 0.1 -0.9
-0.07 1.53 -0.74
-1.24 0.17 0.31
-0.51 -0.55 1.6
-1.14 0.66 1.52
-0.38 -0.64 3.08
-0.8 -1.26 2.59
-0.46 -1.01 3.6
1.89 -3.11 5.67
1.67 -1.21 7.85
1.29 -0.08 8.96
-0.82 3.05 6.08
-0.54 3.12 4.17
-1.04 3.89 1.21
-1.1 3.4 -1.44
-0.98 3.03 -2.61
-0.8 1.87 -4.03
-0.59 0.68 -5.49
-0.55 -0.42 -6.01
-0.92 -2 -6.73
-0.91 -3.78 -5.26
-1.2 -3.41 -2.79
-0.78 -3.91 -1.09
-0.88 -3.48 2.59
-0.86 -3.5 3.91
-0.93 -1.44 2.31
-0.65 -0.86 2.46
-1.26 2 3.68
-0.95 3.15 3.41
-0.72 3.07 0.56

%d
-0.17 2.27 -3.69
-0.52 0.67 -4.15
-0.16 1.01 -5.71
-0.9 0.32 -1.01
-1.21 -0.19 -1.09
-0.28 -0.2 -0.45
-1.05 0.57 -2.65
-0.36 -0.88 0.1
-0.81 -0.71 2.02
-0.4 0.6 0.75
-0.96 -1.25 4.03
-0.6 -1.44 7.01
-0.09 -2.46 8.41
-0.38 -0.69 7.81
-0.89 1.12 4.86
-0.12 2.63 3.44
-0.89 2.21 3.02
-1.06 2.87 0.26
-1.13 2.96 -1.66
-0.99 3.7 -3.5
-0.45 1.58 -4.97
-0.42 -0.01 -3.91
-1.15 -0.09 -6.41
-1.18 -2.79 -4.51
-1.03 -3.83 -2.27
-0.47 -5.27 -2.36
-0.67 -3.54 0.94
-0.8 -4 2.32
-1.09 -3.04 1.4
-0.74 -1.64 0.49
-1.03 -1.44 2.37
-0.64 1.02 1.03
-1.08 3.81 2.25
-0.2 4.36 3.2

%d
-0.57 0.17 -0.35
-0.39 1.9 -3.39
-0.11 0.69 -3.18
-0.87 0.1 -2.91
-1.01 1.2 -4.04
-0.5 -0.05 -0.61
-0.57 0.13 -1.68
-0.61 1.4 -0.33
-0.7 0.01 0.96
-0.78 0.31 2.06
-1.19 -0.74 2.08
-0.19 -0.98 5.56
-0.99 -2.37 6.99
1.39 0.06 2.99
-0.25 -1.28 7.42
-0.54 1.45 5.53
-1.21 1.64 5.27
-0.45 2.19 3.59
-1.14 2.7 0.87
-2.6 2.94 -2.12
-0.74 2.54 -3.74
-0.65 1.47 -3.57
-0.07 1.02 -5.69
-0.19 -2.79 -3.55
-0.6 -1.46 -5.83
-0.78 -4.08 -2.47
-0.78 -4.02 -0.98
-0.44 -3.56 0
-1.1 -2.48 1.31
-0.83 -4.15 3.15
-0.82 -1.38 2.37
-0.13 0.18 3.83
-0.82 0.31 2.24
-0.82 2.43 0.83
-1.11 2.27 2.43
-0.87 3.26 0.32
-0.92 1.91 0.29

%d
-0.45 1.19 -2.73
-0.29 1.51 -4.54
-0.43 1.73 -5.67
-0.03 1.21 -1.63
-0.09 1.35 -1.17
-0.35 0.2 0.33
-0.56 1.44 -1.13
-0.63 0.34 0.02
-0.36 -0.23 0.65
-0.52 -0.38 2.56
-1.15 1.14 2.25
-0.81 -2.09 5.08
-0.03 0.6 3.51
1.78 -1.83 6.44
1.59 -1 6.84
-0.72 -0.12 7.52
-1.08 2.01 2.95
-0.26 3.06 1.15
-1.26 1.14 1.62
-0.66 2.02 1.06
-2.69 2.19 0.32
-2.68 2.11 -2.38
-2.59 2.17 -4.96
-0.52 -0.25 -5.92
-0.97 -0.61 -7.31
-1.03 -2.61 -4.49
-0.89 -2 -4.86
-0.9 -3.83 -2.76
-0.04 -3.87 -0.29
-1.27 -2.95 2.28
-1.14 -3.99 2.78
-0.22 -2.03 4.71
-1.24 -0.32 3.91
-0.08 1.21 3.83
-1.18 2.87 2.53
-1.21 3.5 2.17

%d
-0.48 0.1 0.03
-0.23 0.48 -1.33
-0.03 0.78 -4.77
-0.49 0.44 -3.1
-0.35 1.51 -3.55
-1 -0.61 -2.45
-0.08 0.51 -1.6
-0.42 -0.12 1.69
-0.05 -0.21 -0.31
-0.24 0.44 0.74
-0.53 -0.64 2.85
-0.89 0.52 1
-1.13 -1.26 3.24
-0.17 -0.05 2.98
1.64 -1.4 6.3
1.45 -2.47 7.72
-0.39 1.15 5.1
-0.68 0.65 4
-1.2 2.42 2.22
-0.36 2.54 1.07
-0.11 2.66 -0.38
-0.72 2.51 0.27
-0.36 2.07 -2.4
-0.33 1.47 -1.73
-0.39 1.38 -3.11
-0.37 0.01 -5.32
-1.03 -2.64 -5.83
-0.67 -2.99 -4.83
-0.47 -4.38 -2.88
-0.71 -3.49 -0.44
-0.84 -5.14 1.73
-0.95 -2.34 2.16
-1.1 -2 3.62
-1.1 -0.62 2.86
-0.86 0.86 1.85
-0.62 2.82 1.04
-0.92 3.06 2.19
-0.64 -325.16 1.29
-0.3 1.33 -0.12

%d
-0.11 0.52 -2.02
-0.41 0.04 -5.07
-0.48 0.57 -4.25
-0.89 -1.24 -1.82
-0.84 2.19 -3.54
-1.17 -0.58 0.42
-0.41 0.28 2.29
-1.16 1.72 -1.5
-0.48 -1.03 -325.67
-0.26 0.88 -0.19
-0.16 0.24 0.96
-1.04 -0.48 3.26
-0.6 -0.22 2.62
1.53 -2.03 5.23
1.95 -1.96 6.56
1.46 -1.1 7.48
-0.32 1.33 5.61
-0.87 1.66 3.72
-0.1 1.95 2.16
-0.4 2.23 -0.4
-0.82 2.17 0.05
-0.14 2.25 -2.25
-0.87 -0.65 -0.42
-0.19 2.83 -8.98
-0.12 -1.14 -4.02
-1.02 -0.88 -5.28
-0.91 -2.76 -3.89
-0.95 -3.32 -2.07
-0.8 -3.56 -0.9
-0.68 -4.21 2.05
-0.27 -3.38 2.3
-0.41 -2.08 2.22
-0.82 -0.66 3.78
-0.64 0.65 3.23
-0.9 2.64 2.43
-0.89 3.16 2.02

%d
-0.07 -0.61 -0.51
-0.38 -1.47 0.68
-0.29 0.84 -2.11
-0.9 1.89 -2.5
-0.6 0.46 -4.52
-0.87 2 -3.98
-1.78 0.21 -0.83
-0.39 1.16 -1.51
-0.22 0.79 -0.9
-1.15 -2.37 0.05
-1.05 0.61 0.03
-0.07 -1.09 2.98
-0.99 -1.41 3.36
-0.24 -0.04 1.98
1.29 -2.5 5.56
1.99 -1.3 5.55
1.51 0.02 5.19
-0.12 0.59 6.11
-0.27 1.46 4.09
-0.07 -0.34 5.06
-1.09 3.5 0.3
-0.72 2.86 -1.63
-1.02 2.75 -1.54
-0.6 1.72 -2.99
-0.74 0.31 -2.39
-0.06 1.27 -6.18
-1.23 -1.65 -4.33
-0.85 -1.54 -4.46
-0.55 -2.55 -5.03
-1.1 -4.36 -1.57
-0.41 -5.97 0.42
-0.26 -3.84 1.95
-0.33 -4.62 3.37
-0.43 -2.57 1.9
-0.67 0.23 2.14
-0.95 0.67 2.64
-0.87 2.65 2.22
-0.78 3.49 1.53

%d
-0.44 0.01 -0.18
-0.5 0.67 -2.2
-0.01 1.43 -7
-1.09 0.42 -4.34
-0.38 0.02 -2.46
-1.01 0.18 -2.95
-0.77 0.55 3.28
-0.23 -0.21 -0.74
-0.33 -0.63 1.02
-1.12 -0.04 1.82
-1.08 -0.26 3.22
-1.22 -0.01 2.26
-0.98 -0.8 2.74
1.35 -0.09 0.76
2.02 -2.17 5.74
2.15 -2.24 9.38
2.29 0.61 4.81
1.53 0.8 5.8
-0.87 1.99 4.98
-0.51 0.94 3.01
-0.95 2.37 -1.05
-0.75 2.91 -1.58
-0.43 2.25 -1.61
-0.35 0.86 -1.64
-0.42 1.89 -4.26
-0.93 -0.72 -6.39
-0.86 -0.23 -4.36
-0.53 -2.72 -4.67
-0.61 -1.99 -3.65
-0.47 -2.44 -2.93
-0.82 -3.91 1.09
-0.18 -3.46 1.48
1.3 -4.18 2.41
-0.76 -2.51 3.92
-0.33 -0.55 1.19
-0.73 0.62 2.37
-0.47 2.29 1.3
-0.81 2.78 3.15
-0.63 3.64 1.3

%d
-0.05 1.47 -2.19
-0.44 0.52 -1.48
1.28 1.76 -4.4
-0.41 0.31 -2.12
-0.74 1.22 -2.25
-0.71 0.01 -0.82
-1.09 0.84 -2.15
-0.06 -0.89 0.76
-1.21 0.64 -0.6
-1.17 -0.53 1.04
-0.58 -0.31 -0.16
-0.57 -0.44 2.28
-0.77 -1.11 3.27
-0.08 -0.74 3.04
1.29 -3.27 6.69
2.37 -3.87 9.35
-0.15 -0.33 7.2
-0.98 0.99 4.22
-0.22 2.66 2.55
-0.07 2.27 1.65
-0.95 1.95 0.38
-0.75 3.49 -3.96
-0.61 2.13 -2.25
-0.36 1.4 -3.88
-1.24 2.05 -5.05
-0.63 -0.89 -5.34
-1 -1.35 -4.54
-0.58 -3.02 -3.81
-0.09 -5.27 -1.99
-0.29 -5.84 0.86
-0.47 -4.52 0.49
1.28 -3.25 0.25
-0.45 -3.78 2.92
-0.74 -0.04 2.75
-0.83 1.36 3.75
-0.87 3.04 2.93
-0.89 4.72 2.44
-0.59 3.69 2.11

%d
1.45 0.78 -3.17
1.43 -0.35 -2.5
-0.07 0.26 -3.32
-0.17 0.81 -4.62
-0.86 0.24 -1.46
-0.87 1.33 -1.84
-1 -0.22 0.94
-1.16 1.05 -0.26
-1.12 0.27 0
-0.92 -0.01 0.59
-0.52 -0.14 -0.16
-1.2 -1.84 1.89
-0.61 1.27 -0.59
-0.42 -0.75 2.55
-1.1 -0.51 4.71
1.65 0.31 2.63
2.17 -2.55 7.42
2.07 -1.59 10.02
1.72 0.73 5.91
-0.97 -0.36 6.48
-1.18 2.08 2.22
-0.55 2.96 0.46
-0.61 2.03 -1.2
-0.35 2.08 -2.39
-0.18 3.16 -3.42
-0.64 2.3 -3.09
-0.1 0.74 -4.96
-0.86 -0.54 -5.63
-0.59 -3.19 -3.66
1.44 -4.31 -5.4
1.46 -5.37 -2.39
-0.12 -3.67 -0.07
-0.24 -4.88 1.72
-0.49 -2.79 2.89
-0.15 -2.35 3.19
-0.36 -0.52 1.61
-0.74 0.87 3.89
-0.62 2.56 1.71
-0.56 3.08 1.22
-0.46 3.52 1.1

%d
1.38 0.5 -2.18
1.44 0.41 -3.03
1.46 0.2 -2.72
-0.2 -0.36 -2.42
-0.7 0.22 -1.82
-0.62 0.67 -2
-1 -0.22 -0.47
-0.99 0.29 -0.77
-0.84 -0.08 -0.72
-0.99 -0.61 1.73
-0.98 0.66 2.27
-0.41 0.91 0.01
-0.48 -1.13 1.02
-0.36 -0.84 0.33
-0.07 -1.1 2.4
1.38 -1.42 5.21
2.08 -2.29 8.03
2.5 -1.71 6.85
1.61 -0.85 7.51
-0.36 1.92 4.21
-0.04 1.08 4.37
-1 2.23 -1.72
-1.19 2.05 -1.91
-1.26 2.16 0.39
-0.24 0.41 -1.52
-0.12 1.9 -3.9
-0.78 0.8 -5.56
-0.9 -0.42 -4.57
-0.25 -0.12 -5.11
-0.58 -1.75 -2.84
-0.43 -2.67 -3.17
-0.37 -3.66 -1.85
1.38 -4.81 -0.89
-0.23 -3.8 2.25
-0.27 -3.85 2.08
-0.34 -1.75 2.41
-0.46 -0.48 2.79
-0.48 0.46 2.07
-0.69 2.03 2.09
-0.62 3.73 2.9

%d
1.45 0.1 -0.2
1.79 0.46 -3.11
1.71 0.87 -3.34
1.67 1.08 -4.79
1.45 0.62 -3.98
-0.17 -0.03 -1.47
-0.56 0.89 -1.52
-0.82 0.82 -2.44
-0.71 -0.37 -0.87
-0.91 -1 0.28
-0.59 1.04 -0.08
-0.97 -0.51 3.3
-0.18 0.87 1.66
-0.76 -1.08 3.43
1.76 -0.61 1.94
1.54 -2.02 4.65
2.51 -2.82 9.67
2.16 0.11 8.66
-0.3 0.46 6.85
-1.25 1.39 3.95
-0.52 2.76 0.66
-0.54 3.01 -1.59
-0.55 2.7 -1.41
-1.18 1.32 -3.49
-0.1 0.11 -3.07
-0.8 2.24 -6.53
-0.06 -0.27 -7.3
-0.43 -1.26 -3.66
-0.25 -0.81 -5.14
-0.63 -2 -2.73
-0.46 -5.69 0.46
1.61 -4.48 -1.46
-0.08 -4.65 2.3
1.52 -4.24 1.61
-0.04 -1.33 1.81
-0.55 -1.68 4.58
-0.4 -0.1 1.16
-0.32 1.49 1.94
1.42 2.11 1.34
-0.4 3.66 3.12

%d
1.82 0.1 -1.62
1.51 0.36 -2.5
1.59 0.55 -4.37
-0.46 0.41 -3.08
-0.54 1.5 -3.46
-0.59 0.08 -2.46
-0.42 0.23 -2.46
-0.82 -0.72 1.26
-1.08 -0.32 1.55
-0.67 0.39 0.1
-0.51 0.28 2.41
-0.03 -1.03 4.72
-0.54 -0.27 3.35
1.74 -0.4 2.83
1.88 -2.14 7.54
2.15 -1.29 7.19
1.46 -0.28 7.11
-0.6 1.83 5
-0.95 2.09 3.2
-1.23 2.6 0.82
-0.24 1.68 0.56
-0.31 1.85 -1.01
-0.52 2.13 -2.42
-1.08 2.5 -5.8
-1.07 0.86 -4.36
-0.62 -0.54 -6.19
-0.52 -1.81 -3.75
-0.25 -3.8 -4.42
-0.27 -5.45 -1.87
1.62 -5.02 -2.67
-0.27 -4.55 1.15
-0.29 -3.19 0.82
-0.46 -1.95 4.95
-0.19 -1.07 2.72
-0.08 0.16 0.69
-0.2 0.53 2.57
-0.21 1.9 1.77
-0.57 4.1 3.48

%d
1.79 1.49 -3.75
-0.15 0.43 -2.48
1.39 0.43 -3.15
-0.38 -0.15 -0.9
-0.86 0.6 0.3
-0.39 -0.03 -1.16
-0.48 0.26 -0.04
-0.67 0.01 -1.05
-0.61 -0.56 0.17
-0.38 -0.21 1.53
-0.42 -0.06 1.29
-0.41 -1.1 3.46
1.52 -0.09 3.16
1.83 -1.59 6.86
1.86 -1.66 7.03
1.66 -1.17 5.84
1.32 0.43 4.69
-0.46 0.96 3.76
-0.95 1.63 2.69
-1.28 3.37 0.7
-0.76 3.24 -1.77
-1.26 3.43 -4.84
-1.11 2.16 -3.18
-0.93 1.11 -3.47
-0.56 0.37 -4.57
-0.59 -2.21 -3.84
-0.59 -3.24 -3.29
-0.02 -4.57 -3.49
-0.16 -4.55 -0.45
-0.24 -4.02 0.74
-0.09 -4.51 1.4
-0.15 -1.87 1.47
-0.59 -1.59 3.36
-0.28 -0.61 2.28
-0.22 0.84 3.13
-0.74 3.21 3.16
-0.49 3.51 2.03

%d
1.64 -0.27 -1.39
1.32 0.13 -0.98
-0.11 0.95 -2.37
-0.25 0.57 -2.77
-0.26 0.64 -2.97
-0.53 0.39 -1.34
-0.6 0.63 0.43
-0.72 -1.02 0.73
-0.47 0.55 -1.2
-0.61 -1.11 0.57
-0.78 0.5 0.75
-0.42 -0.02 0.79
-0.3 -0.54 1.41
-0.55 -0.51 1.57
2.19 -2.42 3.35
1.9 -2.52 10.07
1.33 -0.03 7.41
-0.26 -0.3 4.98
-0.68 1.92 1.94
-0.78 0.97 1.21
-1.05 1.68 0.9
-1.19 2.45 -1.38
-0.12 1.73 -2.17
-1.03 2.82 -3.9
-0.91 0.88 -2.78
-0.81 1.41 -5.3
-0.25 -0.33 -5.81
-0.34 -2.29 -3.29
-0.4 -2.55 -2.36
1.3 -4.46 -0.67
1.7 -4.36 0.36
1.48 -4.3 1.41
1.29 -3.74 0.85
-0.46 -1.4 1.65
-0.56 0.25 1.69
-0.57 0.87 2.75
-0.45 1.9 1.4
-0.64 2.23 2.16
-0.41 2.97 2.54
-0.09 1.25 1.22

%d
1.56 -0.45 -0.85
1.31 0.39 0.11
-0.16 0.35 -1.96
-0.31 0.26 -2.98
-0.33 0.71 -3.18
-0.59 0.2 -1.85
-0.92 -0.36 -0.87
-0.7 -0.01 -1.13
-0.68 -0.3 -0.35
-0.68 -1.69 -0.88
-1.2 0.34 0.05
-0.62 1.43 -0.36
-0.97 -1.01 2.09
-1 -0.47 2.99
1.41 -1.05 3.14
1.87 -2.18 6.61
0.69 -1.31 6.23
1.43 -1.23 7.44
1.36 -326.99 4.43
-0.17 0.95 3.9
-0.84 0.02 4.33
-1.2 1.74 -0.35
-0.82 2.35 0.34
-0.08 3.47 -4.83
-0.32 2.73 -4.14
-1.22 1.07 -5.96
-0.9 -0.24 -4.09
-0.11 -1.66 -4.95
-0.31 -1.77 -3.82
-0.13 -3.24 -1.04
-0.07 -3.47 -0.39
-0.1 -4.02 0.03
-0.04 -3.27 1.15
-0.78 -3.2 3.21
1.37 -1.57 0.6
-0.5 -0.89 2.69
-0.2 0.71 0.78
-0.46 2.53 1.7
-0.53 2.4 2.09
-0.21 2.63 1.51
-0.07 1.44 1.37

%d
1.33 1.36 -3.72
-0.03 -0.07 -2.7
-0.15 1.19 -4.23
-0.51 0.74 -2.78
-0.84 -0.03 -1.32
-0.59 1.25 -2.29
-0.9 -0.44 -0.38
-1.16 -0.11 0.5
-1.06 0.45 -0.14
-0.99 -0.14 1.35
-0.72 -0.2 0.94
-0.52 -0.45 2.02
-0.17 -0.08 2.17
-0.51 -0.37 3.6
1.63 -1.35 6.46
1.98 -1.85 7.2
1.52 -0.49 7.28
-0.39 0.24 5.88
-0.74 0.45 3.51
-0.29 1.62 1.69
-0.59 3.34 -0.05
-1.15 2.69 -3.18
-0.01 1.83 -2.82
-0.86 1.1 -3.76
-0.75 0.19 -4.05
-0.41 -0.19 -6.85
-0.56 -1.97 -4.77
-0.12 -4.19 -3.23
-0.12 -2.71 -3.23
-0.29 -3.27 -2.27
-0.48 -4.27 2.41
1.28 -2.91 2.23
1.3 -3.3 1.83
1.3 -3.05 2.54
-0.07 -0.85 1.52
-0.16 -0.73 1.57
-0.38 1.5 1.57
-0.69 3.52 3.53
-0.43 3.43 2.66
1.3 1.24 1.19

%d
1.78 0.06 -1.13
1.87 -0.61 -2.48
1.67 1.56 -3.58
1.61 -0.28 -2.87
1.49 0.49 -3.17
-0.36 -0.27 -2.26
-0.54 1.25 -2.54
-0.28 -1.56 0.69
-0.53 0.77 -1.45
-0.49 0.07 0.09
-0.57 -0.05 0.96
-0.66 0.74 0.5
-0.54 -1.4 1.9
-0.95 0.48 3.05
-0.45 -0.42 2.91
-0.46 -0.22 1.87
1.86 -1.02 2.05
2.02 -1.66 4.94
1.78 -1.85 6.83
1.34 -1.01 7.36
-0.86 -0.35 5.02
-0.52 1.37 0.42
-1.16 2.8 2.24
-0.9 1.9 -0.38
-0.22 2.93 -1.66
-0.89 1.12 0.22
-0.76 1.95 -3
-0.47 1.83 -5.09
1.28 0.91 -6.05
-0.01 -1.19 -4.34
1.35 -1.96 -4.74
1.34 -2.41 -2.98
-0.14 -5.27 1.63
1.36 -2.55 -1.72
1.7 -4.96 0.62
1.4 -4.65 1.76
1.28 -3.22 1.05
-0.03 -2.76 1.51
-0.36 1.19 1.41
-0.7 1.8 2.56
-0.36 3.7 1.5
-0.24 2.51 2.11
1.44 1.2 1.89

%l
1.41 0.55 -1.49
1.46 -0.19 -0.18
1.28 0.61 -1.31
1.28 2.01 -3.77
1.54 1.81 -6.97
-0.51 1.46 -3.7
-0.79 0.26 -2.65
-0.97 -0.4 -0.22
-0.1 1.43 -1.51
-0.27 -0.03 0.58
-0.54 0.07 0.92
-1.16 1.56 -2.09
-0.11 -2.39 3.85
-0.45 2.12 -0.01
1.95 -3.04 6.98
1.79 -0.35 7.79

%l
-0.14 0.3 1.02
1.57 0.88 -1.75
1.66 2.01 -6.5
-0.06 1.09 -4.72
-0.32 0.93 -3.01
-0.39 -326.59 -2.81
-1.23 0.57 0.79
-0.11 0.98 0.97
-0.96 -0.29 -0.21
-0.88 1.51 -0.55
-0.85 -0.6 1.49
-0.48 0.1 -0.09
-0.43 -1.37 3.44
1.58 1.68 0.82
2.25 -2.5 5.99
2.07 -2.14 6.07

%l
1.52 0.07 -0.58
1.63 0.4 -1.89
1.6 1.23 -2.77
-0.05 1.58 -2.51
-0.5 1.86 -2.45
-0.77 0.94 -1.48
-0.16 1.65 -2.95
-0.49 0.06 -0.94
-0.66 -0.26 -1.71
-0.97 1.31 -2.95
-0.96 -0.15 0.41
1.35 -1.37 -0.35
-0.43 -0.34 2.56
-0.15 -0.72 4.09
1.53 -1.16 4.45
1.46 -1.4 6.33

%l
1.59 -0.19 1.24
1.92 1.35 -2.36
1.7 -0.23 0.03
1.64 2 -4.4
1.68 0.08 -3.49
1.35 1.05 -1.84
-0.21 1.25 -2.88
-1.02 0.06 0.97
-0.62 0.71 -0.59
-0.38 1.2 -1.68
-0.57 -0.55 1.13
-0.59 -0.23 0.55
-0.17 1.28 -0.18
-0.1 -0.58 2.09
-0.21 -1.34 2.23
-0.32 -0.53 1.67
1.37 0.35 0.88
1.91 -0.68 2.6

%l
1.86 0.38 -0.93
2.04 1.21 -2.65
1.73 1.09 -2.86
1.39 2.12 -4.55
-0.23 1.95 -2.9
-0.4 0.59 -2.45
-0.52 1.18 -1.67
-0.95 0.74 -0.5
-0.5 1.03 -3.73
-0.65 -0.09 -2.15
-1.26 0.44 -0.85
-0.87 -0.07 0.57
-0.84 -0.53 3.31
-0.96 -0.62 3.68
1.44 0.79 2.02
-0.13 -3.92 8.57

%l
1.65 0.06 -0.04
1.79 1.32 -2.57
-0.08 1.13 -3
-0.49 1.7 -5.34
-0.65 2.03 -4.76
-0.82 1.03 -3.28
-0.25 0.98 -1.99
-0.12 0.86 -2.52
-0.06 -0.12 0.13
-0.18 1.68 0.82
-1.12 1.03 0.94
-0.64 -1.74 3.54
-0.52 0.45 1.45
-0.35 0.44 3.04
1.5 -0.91 4.41

%l
1.89 1.11 -1.62
1.81 0.26 -2.99
-0.51 1.92 -5.09
-0.84 1.5 -3.45
-0.74 1.25 -3.79
-0.06 2.06 -0.47
-0.81 0 -1.17
-1.24 0.92 0.95
-1.09 0.37 -1.25
-0.92 0.87 -2.04
-0.78 0 -0.54
-0.84 0.67 1.15
-0.95 -1.09 3.85
-0.55 0.19 3.04
1.65 -1.03 3.85
1.7 -2.08 6.82

%l
1.79 1.76 -3.61
1.29 2.42 -4.96
-0.1 1.62 -3.3
-0.4 -0.09 -2.32
-0.53 1 -1.57
-0.42 0.13 -0.53
-0.63 0.03 -0.33
-0.31 0.48 -1.39
-0.76 0.99 0.16
-0.72 0.78 -1.52
-0.39 1.57 -1.6
-1.24 -1.68 3.99
-0.5 0.7 1.3
1.62 -1.51 3.81
1.68 -1.64 5.11
1.96 -1.37 4.64

%l
1.62 1.95 -3.41
-0.07 0.07 -4.03
1.48 1.68 -4.04
-0.04 0.28 -1.86
-0.41 -0.16 -1.27
-0.35 -0.11 -1.08
1.42 -1.06 -1.79
-0.5 0.59 -0.77
-0.47 0.8 -1.12
-0.84 1.06 0.57
-0.57 -0.26 1.15
-0.35 0.64 0.67
-0.17 -0.88 1.37
-0.13 0.47 0.68
1.5 -0.16 2.93
1.46 -1.6 4.99

%l
2.18 -0.28 -1.47
1.79 1.09 -4.22
-0.23 1.36 -5.55
-0.49 1.5 -4.6
-0.83 1.64 -3.1
-0.83 0.22 -2.14
-1.11 0.45 -0.62
-0.67 -0.11 -1.13
-1.24 -0.69 1.3
-0.86 0.01 -0.62
-0.77 0.47 0.43
-0.37 -1.32 2.03
-0.03 -0.73 2.3
1.39 -0.94 3.03
-0.07 -1.21 5.55

%l
1.92 1.02 -1.52
-0.19 2.39 -1.88
1.3 1.11 -3.2
-0.26 0.55 -1.73
-0.35 1.59 -1.65
-0.32 1.1 -1.72
-0.34 0.59 -2.05
-0.17 1.01 -1.03
-0.1 1.73 -1.04
-0.83 -1.2 1.65
-0.52 1.4 -1.02
-0.22 -0.16 0.19
-0.28 -0.88 0.9
-0.02 0.35 0.6
-0.02 -0.09 2.2
1.57 -0.87 3.23
1.79 -0.46 4.35

%l
2.01 3.45 -6.2
1.34 -0.18 -1.45
1.58 0.46 -3.78
-0.12 2.32 -5.31
-0.34 0.15 -3.13
-0.78 0.68 -1.72
-0.88 -0.33 -0.32
-0.35 0.07 -1.48
-0.54 0.48 -0.91
-0.65 0.85 0.09
-0.47 -0.18 1.4
-0.54 0.23 1.83
-0.37 -0.29 1.73
1.37 0.18 1.89
1.45 0.05 1.98
1.3 0.33 2.27

%l
1.79 1.62 -1.6
1.86 0.29 -0.64
0.35 0.17 -1.05
1.57 0.96 -3.62
1.4 0.77 -4.54
-0.25 0.96 -3.17
-0.34 0.9 -2.13
-0.48 1.2 -1.36
-0.56 0.59 -0.08
-0.52 -0.2 -0.25
-0.49 0.24 -1.06
-0.42 -1.09 0.22
-0.7 0.46 0.4
-0.58 -0.28 1.3
-0.25 -0.94 1.87
1.32 -0.72 4.81

%l
1.67 0.92 -3.11
1.37 -0.07 -2.92
-0.14 0.68 -2.52
-0.43 2.22 -2.96
-0.44 0.85 -2.36
-0.46 -0.45 -1.74
-0.71 1.64 -1.42
-0.85 -0.89 -0.88
-0.92 1.79 -0.67
-0.5 -1.04 1.11
-0.69 0.91 -0.39
-0.82 0.57 1.11
-0.5 -0.06 1.54
-0.41 -0.45 1.05
1.57 0.13 0.56
1.88 -0.44 2.54
1.93 -1.59 5.06
2.03 -1.18 5.25

%l
1.93 1.9 -2.26
1.42 0.68 -2.12
1.38 1.6 -3.74
1.3 -0.05 -2.66
1.28 0.55 -2.82
-0.28 -0.69 -1.14
-0.37 0.58 -1.39
-0.24 -0.29 -0.45
-0.66 0.77 0.12
-0.32 -0.21 -1.51
-0.39 1.72 -1.45
-0.34 -0.34 0.5
-0.36 0.88 1.4
1.31 0.1 2.47
-0.31 -0.67 3.52
1.67 0.79 0.68
-0.02 -0.01 -0.01
1.17 0.01 0.93

%l
2.12 0.81 -1.54
1.89 -0.5 -0.53
1.6 0.81 -2.57
1.51 1.65 -3.75
0.28 1.19 -4.07
-0.1 0.35 -1.54
1.62 0.13 -1.66
-0.22 0.33 -0.62
-0.22 0.44 -0.88
-0.08 1.15 -2.18
-0.3 -1.4 0.86
1.31 1.65 -2.35
-0.19 -0.63 0.64
-0.44 0.56 0.62
-0.67 0.06 2.58
-0.15 -0.78 2.02
1.86 -0.67 3.47
2.05 -1.91 4.4
2.03 -1.43 4.87

%l
2.24 1.04 -2.75
1.72 -1.18 1.64
2.01 1.79 -4.08
1.85 0.2 -2.21
1.75 1.01 -2.75
1.45 0.41 -0.44
1.5 0.34 -1.56
1.38 0.43 -1.05
1.58 0.38 -0.8
1.32 -0.11 1.28
1.6 0.21 -0.2
1.37 -0.51 1.57
1.45 1.22 0.23
1.55 0 1.27
1.38 -0.46 0.84
1.48 0.53 -0.05
1.37 0.44 0.09
1.48 0.01 -0.08
1.61 -0.26 1.13
2.28 0.54 1.49
2.14 -1.82 5.27
2.27 -0.55 2.76

%l
2.28 -0.05 -0.82
2.23 0.97 -1.62
2.02 0.71 -2.58
2 1.21 -3.49
1.86 1.24 -3.66
1.65 1.35 -3.32
1.48 1.16 -2.29
1.46 -0.6 -0.48
-0.18 0.74 -2.44
-0.5 -0.06 -0.13
-0.65 1.01 -0.84
-0.46 0.45 -0.18
-0.22 0.28 0.3
-0.38 0.51 0.76
-0.37 0.25 0.51
-0.12 -0.2 1.74
1.58 0.24 1.91
2.44 -1.39 3.64
2.37 -1.43 5.55
1.87 -0.59 5.39
2.12 -0.6 1.07

%l
2.08 -0.91 0.26
2.27 0.86 -1.98
2.18 0.94 -2.74
1.8 0.99 -3.4
1.62 1.19 -2.84
1.75 0.81 -2.41
1.4 0.19 -1.82
1.44 0.61 -1.93
-0.07 -0.14 0.45
-0.24 1.01 -0.58
1.29 -0.03 0.66
-0.25 -0.19 1.8
1.41 1.04 -0.71
0.18 0.93 0.67
1.34 -0.16 0.31
1.56 -0.08 1.59
1.59 -0.49 2.54
1.83 -0.1 0.19
2 -0.95 2.08
1.83 -0.57 3.15
2.05 -1.06 3.56
1.97 -0.45 1.95

%l
2.3 1.51 -0.87
2.15 1.16 -1.89
0.76 0.6 -1.82
2.03 1.16 -3.69
2.08 0.53 -2.66
1.98 1.56 -3.24
1.58 0.18 -1.24
1.68 1.36 -1.53
1.78 -0.62 -1.06
1.61 0.32 -1.84
-0.37 0.48 0.59
0.32 0.52 -1.55
-0.49 -0.36 2.09
-0.62 0.16 3.17
2.03 1.07 -0.97
1.47 -1.12 2.75
1.68 2.28 0.39
1.87 -1.91 1.45
2.37 -0.33 1.3

%e
1.39 -0.37 0.43
1.55 -1.21 -0.64
1.42 -1.6 0.36
1.39 -1.46 0
1.42 -2.73 -0.46
1.29 -1.93 -0.94
1.28 -2.1 -0.52
-0.05 -1.42 -1.49
-0.13 -2.5 -0.61
-0.57 -1.01 -0.23
-0.37 -1.1 -0.39
-0.46 0.26 -0.48
-0.44 0.73 -1.07
-0.3 0.5 -0.4
-0.38 2.34 -0.22
-0.39 1.74 0.86
-0.1 4.48 -0.09
1.4 2.07 1.7
1.66 1.79 1.43
2.14 -1.1 3.56
1.85 -1.08 4.97
-0.34 2.23 4.35
-0.86 2.53 3.72
-1.12 2.61 1.28
-1.23 3.02 -1.01
-0.47 2.99 -1.88
-0.08 1.81 -4.31
-0.28 1.03 -3.28
-0.06 3.54 -5.87
-0.25 -0.16 -2.62
-0.27 1.03 -4.32
-0.08 -0.26 -4.77
-1.14 -2.6 -3.83
-1.18 -1.42 -3.87
-0.59 -2.99 -2.44
-0.77 -2.81 -1.47
-0.77 -2.79 -1.22
-0.18 -2.37 0.99
-0.03 -3.33 1.22
-0.15 -3.15 2.64
1.63 -6.08 2.39
-0.14 -1.26 1.59
-0.21 -0.43 1.53
-0.56 0.18 2.18
-0.29 1.43 1.16
-0.36 -325.72 1.56
-0.34 1.97 1.19
-0.53 3.1 0.22
-0.31 2 -0.1

%e
1.82 -2.22 -0.99
-0.09 -0.94 -0.04
1.63 -2.77 -1.29
1.49 -1.94 -1.89
-0.35 -2.19 -0.33
-0.25 -1.78 -1
-0.22 -1.21 -0.82
-0.28 -1.43 -1.5
-0.34 -1.26 -1.4
-0.27 -0.35 -0.76
-0.62 1.17 1.31
-0.81 2.14 0.84
-0.51 2.32 0.84
1.32 1.93 0.92
1.36 2.61 0.88
-0.19 3.92 2.54
1.95 1.32 2.49
1.73 -0.3 5.06
1.38 1.04 4.09
-0.21 1.82 2.25
-0.99 1.94 1.29
-0.73 2.27 -0.94
-1.11 1.8 -1.03
-0.92 3.44 -1.78
-0.89 0.66 -0.77
-0.32 2.96 -2.9
-0.05 1.7 -3.83
-1.31 1.74 -4.85
-0.91 2.16 -4.32
-0.61 -2.11 -5.17
-0.18 -1.14 -2.09
-1.24 -2.12 -1.6
-0.65 -2.77 -2.97
-0.5 -3.36 -1.92
1.48 -3.76 -1.69
-0.12 -2.94 1.55
1.63 -3.01 0.4
-0.11 -4.43 2.28
1.67 -2.24 0.86
1.4 -1.08 3.05
1.65 -2.47 2.41
1.77 -0.47 0.91
1.51 -0.2 0.91
-0.46 0.62 2.46
-0.18 2.58 0.37
-0.31 2.65 1.53
-0.53 3.62 1.44
-0.89 2.98 -0.12

%e
1.64 0.4 -1.11
1.71 -1.69 -1.01
1.83 -2.52 -0.43
1.45 -3 -1.37
-0.05 -2.22 -2.45
1.32 -2.67 0.23
-0.29 -0.81 -0.55
-0.3 0.58 -0.41
-0.19 -0.84 0.17
-0.32 0.07 -0.16
-0.09 -0.47 -0.16
-0.59 1.31 0.86
-0.26 1.08 0.28
-0.19 2.41 -0.12
-0.45 3.3 1.13
-0.36 4.13 0.82
2 0.01 1.57
1.75 -1.93 4.64
2.09 -0.02 6.24
-0.35 1.29 5.27
-0.88 1.63 2.83
-1.15 3.81 -0.89
-0.35 1.42 -1.01
-0.17 3.25 -3.49
-0.18 2.07 -1.94
-0.17 3.05 -4.52
-0.76 -0.03 -2.57
-0.67 2.36 -5.48
-0.15 0.06 -5.95
-0.36 -1.61 -3.71
-0.67 -1.77 -3.73
-0.64 -1.66 -4.83
-0.55 -6.08 -0.34
-0.82 -4.1 -1.63
-0.42 -1.98 -0.65
1.34 -7.21 2.67
1.42 -3.57 -0.58
1.3 -4.87 2.74
1.43 -2.45 0.08
-0.74 -2.94 3.57
-0.46 -2.13 2.15
1.86 -0.37 1.07
1.31 0.31 4.37
-0.58 2.35 4.54
-0.49 3.29 3.06
-0.61 1.02 2.67
-0.81 1.71 -0.72
-0.16 3.21 -2.64

%e
1.38 0.12 -0.74
1.34 -1.02 -0.45
-0.07 -2.16 -0.52
-0.06 -3.24 -1.44
-0.46 -2.62 -1.63
-0.79 -2.85 -0.91
-0.6 -1.54 -2.13
-0.49 -2.83 0.37
-1.06 -0.56 -0.29
-1.14 -0.26 -0.21
-1.07 0.3 0
-0.64 1.19 -1.04
-1.02 1.06 1.59
-0.18 1.81 -0.8
-0.71 2.59 2.51
-0.36 3.72 1.21
-0.15 2.19 1.99
2.47 -0.8 1.97
2.43 -2.31 4.86
1.42 -0.26 5.94
-0.66 2.04 4.22
-0.07 2.7 1.93
-0.48 2.08 0.14
-0.47 3.39 -2.8
-0.36 2.14 -2.95
-0.13 2.01 -3.54
-0.07 1.28 -3.32
-0.96 1.74 -3.34
-1.07 0.85 -3.98
-0.07 -0.66 -5.05
-0.42 -1.37 -3.85
-0.09 0.04 -4.58
-0.72 -4.4 -0.31
-0.7 -3.02 -2.65
-0.36 -3.64 -1.48
-0.76 -4.24 1.91
-0.93 -3.72 -0.6
-0.6 -3.49 -0.29
-0.79 -3.64 0.24
-0.66 -4.12 1.85
-0.5 -2.25 2
-0.74 -2.95 5.05
-0.27 -0.73 3.15
-0.18 0.01 3.93
1.61 1.26 1.88
-0.47 1.48 4.76
-0.34 2.65 1.42
-0.68 2.86 -0.59
-0.96 3.24 -3.04

%e
1.37 -0.41 -0.3
-0.14 -0.95 -0.74
1.38 -4.18 -1.03
-0.45 -2.81 -2.57
-0.43 -3.4 -2.79
-0.53 -1.86 -1.68
-0.74 -1.43 0
-0.86 -0.51 0.87
-0.66 -0.45 -0.11
-0.42 0.7 0.38
-0.31 1.03 -0.95
-0.23 1.14 -0.36
-0.59 1.05 0.38
1.67 0.78 -1.82
1.49 1.47 1.04
-0.33 4.38 2.7
1.4 1.73 3.82
1.48 -1.35 4.3
2.15 -1.84 7.01
-0.21 -0.69 5.75
-1.07 4.21 1.45
-0.13 4.18 0.08
-0.73 3.3 -1
-0.24 2.63 -3.17
-0.2 1.71 -3.24
-0.47 1.94 -4.4
-0.77 2.35 -4.01
-0.51 0.97 -4.42
-0.56 1.05 -5.13
-0.72 -2.52 -3.41
-1.27 0.03 -3.79
-0.49 -2.07 -4.55
-1.18 -4.13 -2.15
-0.57 -2.78 -3.02
-0.5 -6.91 0.87
1.34 -5.93 0.11
1.66 -4.47 -1.21
-0.35 -6.93 4.86
1.32 -3.66 1.94
-0.87 -1.86 3.33
-0.43 -0.87 2.63
-0.33 1.11 2.9
-1.09 3.49 4.36
-1.2 2.79 3.3
-0.81 2.87 2.33
-1.15 2.48 1.02
-0.83 1.77 -3.91
-0.36 3.15 -5

%e
1.67 -1.99 -1.21
-0.07 -2.55 -0.78
-0.34 -2.97 -1.07
1.34 -3.55 -2.5
-0.53 -2.01 -0.45
-0.43 -0.99 -0.99
-0.37 -0.83 -0.65
-1.09 0.2 0.66
-0.38 -0.59 -0.3
-0.65 0.43 -0.38
-0.38 0.57 -1.41
-0.82 2.49 0.49
-0.61 1.16 1.6
1.28 1.01 0.09
-0.15 2.15 0.6
1.44 3.02 0.56
-0.01 2.2 1.81
1.54 -0.97 2.64
1.88 -2.93 5.67
-0.48 1.55 6.39
-0.28 2.39 2.6
-0.79 3.41 2.19
-0.77 3.62 -1.47
-0.75 2.33 -3.21
-0.85 2.54 -3.45
-1.97 1.51 -4
-0.51 1.15 -4.29
-0.16 1.72 -5.51
-0.39 -1.67 -4.03
-0.65 1.13 -4.37
-0.14 -2.31 -2.08
-0.82 -4.08 -1.42
-0.97 -1.07 -3.09
-0.9 -3.07 -1.17
-0.52 -3.85 -0.2
-0.38 -3.65 0.26
-0.38 -4.78 0.78
1.81 -3.54 1.17
1.41 -2.88 3
-0.45 -2.48 3.48
-0.14 -3.1 3.11
-0.26 -1.36 3.76
1.51 0.06 1.61
-0.74 1.42 3.34
-0.61 3.48 1.79
-0.57 2.52 1.97
-0.63 4.07 0.25
-0.76 2.39 -0.84
-0.43 1.38 -4.34
1.32 1.31 -5.07

%e
1.57 -1.1 -2.13
1.55 -2.64 -1.04
1.43 -3.12 -0.74
-0.09 -2.16 -1.69
-0.45 -1.99 -0.63
-0.12 -2.46 -0.87
-0.41 -0.52 -0.68
-0.56 -1.15 0.51
-0.04 -0.34 -0.73
-0.07 -0.15 -0.33
-0.48 0.59 -0.73
-0.16 0.17 -0.99
1.41 0.27 -0.43
-0.13 1.29 0.44
-0.65 4.84 0.78
-0.52 2.44 2.73
2.2 0.64 -0.07
1.31 -1.02 1.42
1.33 -1.2 3.91
0.93 0.44 4.88
-0.65 1.63 5.09
-0.8 1.91 2.23
-0.35 2.42 -1.38
-0.82 1.86 -1.18
-0.84 2.95 -2.8
-1.27 1.96 -1.63
-1.18 1.52 -3.79
-0.01 1.7 -3.63
-0.1 0.62 -4.27
-0.7 1.96 -4.34
-1.58 -0.56 -2.92
-1.14 -3.06 -3.36
-1.01 -1.1 -4.39
-0.71 -3.67 -1.91
-0.63 -3.83 -0.48
-0.77 -3.75 -0.07
1.28 -1.3 -1.01
-0.14 -5.53 1.11
-0.19 -0.91 0
1.61 -3.54 2.17
1.54 -3.68 4.33
-0.01 -2.99 2.2
-0.06 -2.14 1.96
-0.09 0.27 1.2
-0.13 1.15 1.9
-0.36 2 2.07
-0.63 3.01 2.18
-1.14 3.17 0.85
-0.94 3.34 -1.85
1.28 1.61 -3.74

%e
1.72 -1.21 -1.28
1.53 -1.73 0.09
1.8 -1.33 -2.15
1.37 -2.44 0.46
1.4 -2.33 -0.17
1.32 -1.56 -0.54
-0.27 -1.32 -0.04
1.3 -1.43 -1.03
-0.29 -1.53 -0.26
-0.2 -0.42 -1.49
-0.31 -0.02 0.49
1.45 0.06 -1.01
1.38 -0.24 -0.18
-0.56 1.83 -0.03
-0.6 3.77 1.18
-0.37 3.74 2.2
1.38 1.1 2.19
2.17 -0.6 3.49
1.97 -1 4.99
1.83 0.99 3.17
0 1.84 1.6
-0.84 1.78 2.18
-1.12 3.65 -1.55
-1.12 2.21 -1.97
-1.21 2.94 -3.46
-1.02 2.53 -3.68
-0.46 0.99 -2.4
-0.23 2.04 -5.39
-1.18 -0.32 -4.51
-0.18 -1.22 -4.61
-1.26 0.36 -3.63
-1.17 -1.56 -2.94
-0.71 -5.79 -0.85
1.43 -3.04 -2.51
-0.21 -6.84 0.91
-0.4 -6.33 2.09
1.63 -4.04 -0.78
1.46 -5.02 0.65
-0.64 -2.75 2.46
-0.09 -2.01 2.21
-0.28 -1.97 5.4
-0.32 0.38 3.35
-0.65 2.22 4.38
-0.46 2.63 3.2
-0.57 3.21 1.19
-0.72 2.75 -2
-0.64 2.57 -3.51
1.41 2.29 -3.28

%e
1.53 -0.85 -0.84
1.6 -0.62 -0.66
1.7 -1.63 -1.36
1.28 -2.78 -0.33
-0.08 -3.19 -1.71
-0.14 -2.53 -1.61
-0.55 -1.48 -0.6
-0.36 -1.09 -1.7
-0.66 -0.25 -0.25
-0.57 0.19 -0.19
-0.64 0.66 -0.28
-0.57 0.19 -0.2
-0.5 0.03 0.7
-0.28 0.87 0.26
-0.09 0.27 0.43
-0.12 2.36 -1.68
-0.75 3.06 1.51
-0.57 4.17 0.89
1.62 1.94 0.84
2.13 0.55 0.93
2.4 -0.91 1.83
1.39 -2.74 5.72
0.79 0.67 4.81
-0.1 1.98 4.49
-0.2 3.66 2.51
-0.66 3.99 0.38
-0.53 3.89 -1.89
-0.35 2.51 -3.24
-0.37 4.09 -3.1
-0.05 1.46 -3.82
-0.51 1.05 -3.76
-0.82 2.13 -2.83
-0.66 -0.15 -4.88
-0.7 -2.83 -2.24
-0.39 -1.21 -3.61
-1.06 -3.71 -3.67
-0.78 -6.7 -1.18
1.46 -4.22 -1.77
-0.28 -5.89 -0.41
-1.11 -2.34 1.48
1.37 -3.95 -0.07
-0.51 -2.49 3.31
1.4 -2.49 2.61
1.51 -1 3.35
-0.3 -1.43 5.83
-0.52 0.47 4.81
-0.81 3.15 3.54
-1.06 3.89 1.18
-0.96 3.36 -0.44
-0.7 3.24 -1.63
-0.49 0.88 -2.36
-0.14 1.93 -4.44
1.31 0.15 -2.16
-0.15 1.43 -0.92

%e
1.59 -1.79 -0.27
1.59 -1.73 -1.24
1.79 -3.49 -1.34
-0.02 -2.66 -1.35
-0.42 -1.98 -1.21
-0.22 -1.53 -1.83
-0.56 -1.03 0.13
-0.56 -0.38 -0.04
-0.39 -0.69 0.42
-0.38 0.12 -0.03
-0.44 -0.07 -0.84
-0.52 -0.32 0.26
-0.33 0.88 -2.05
-0.84 1.38 1.18
-0.8 3.41 1.32
-0.46 4.11 0.9
-0.13 2.17 2.81
1.54 1.68 2.35
1.65 -1.83 2.29
1.36 -0.97 4.03
1.84 1.65 4.53
-0.45 0.02 5.06
-0.55 3.19 1.73
-0.09 3.47 326.52
-0.21 1.23 -1.39
-0.37 3.15 -3.34
-0.86 2.13 -1.09
-0.96 2.56 -3.32
-0.9 1.82 -4.46
-0.22 -0.02 -4.46
-0.32 -0.41 -4.96
-0.21 -0.46 -4.18
-0.57 -2.23 -2.49
-3.64 0.62 -1.91
-1.05 -1.42 -4.78
1.53 -3.99 -2.42
-0.41 -6.64 0.74
1.38 -3.44 -2.04
-0.75 -4.87 2.35
-0.76 -3.51 1.28
-0.07 -2.96 2
-0.1 -1.02 2.87
1.41 -3.32 2.77
2.02 -2.16 3.59
1.8 1.23 2.47
-0.59 0.51 5.68
-0.17 2.23 1.62
-0.85 2.89 2.65
-0.52 3.32 -0.65
-0.89 2.46 0.65
-1.24 2.78 -3.46
-0.79 0.51 -3.93

%e
1.57 -2.25 -0.04
1.47 -1.88 -1.71
-0.25 -2.94 -0.63
-0.36 -2.06 -0.67
-0.62 -1.92 -0.02
-0.39 -1.19 -0.77
-0.66 -0.9 -0.07
-0.6 -1.11 -0.85
-0.66 -0.59 -1.23
-0.65 -0.14 -0.04
-0.66 -0.17 -0.19
-0.31 0.56 0.54
-0.35 1.73 -0.51
-0.8 5.28 2.14
1.28 3.82 1.98
1.8 1.27 2.31
2.02 0.72 1.5
1.91 0.19 3.67
0.31 2.26 2.27
-0.62 1.92 3.24
-0.47 2.65 -0.03
-0.92 2.49 -0.16
-1.2 2.53 -1.93
-1.14 2.17 -1.38
-0.46 1.14 -3.24
-0.3 0.94 -3.02
-0.09 0.9 -4.7
-0.16 -0.18 -3.26
-0.35 -0.22 -3.7
-0.19 -2.1 -3.49
-1.18 0.99 -5.73
-0.41 -4.31 -0.83
-1.17 -1.77 -2.41
-0.28 -2.08 -3.39
-1.12 -4.11 0.02
-1.08 -2.07 0.32
-0.36 -3.01 0.26
-0.21 -4.14 1.36
-0.3 -3.67 3.6
-0.07 -3.12 3.16
-0.58 -0.91 3.97
-0.59 1.03 4.32
-0.9 0.48 4.78
-0.32 2.47 1.82
-0.95 2.2 3.13
-0.89 3.39 0.88
-1.12 1.99 -0.21
-1.24 2.87 -3.76
-0.18 0.89 -4.22

%e
-0.29 -0.64 0.87
1.4 -0.95 -0.51
1.38 -3.12 0.68
1.28 -2.74 -1.33
-0.64 -2.56 -0.83
-0.58 -1.95 -1.56
-0.83 -2.18 -0.96
-0.97 -1.87 0.14
-1.27 0.33 -0.41
326.86 -0.78 -1.06
-1.05 0.75 -1.11
-0.89 0.23 0.68
-0.67 1.49 -1.19
-0.65 1.81 0.77
-0.45 3.2 1.61
-0.34 3.55 0.72
-0.39 4.34 1.77
1.45 2.09 1.45
1.88 0.87 2.65
2.19 -0.64 4.53
-0.34 1.3 2.89
-0.64 2.89 0.31
-0.9 2.04 0.84
-0.33 2.57 0.8
-0.11 2.21 -0.88
-0.94 1.72 -2.15
-1.06 0.36 -2.33
-1.04 3.46 -4.02
-0.71 -0.56 1.13
-0.19 2.19 -6.07
-0.56 0.16 -3.16
-2.04 0.27 -4.03
-0.33 -1.43 -1.51
-0.27 -1.87 -0.99
-1.21 -2.75 -3.44
-0.51 -2.63 -3.3
-0.39 -3.23 -2.04
-0.39 -2.3 -3.14
-0.92 -2.24 -0.73
-0.13 -4.81 1.68
-0.7 -4.69 -0.17
-0.59 -5.04 0.79
-1.17 -3.01 2.97
-0.36 -3.11 3.36
-0.02 -1.83 3.01
-0.51 -0.94 5.83
-0.6 0.39 5.09
-0.69 1.14 3.95
-0.02 3.36 1.64
-1.21 2.81 1
-0.02 3.03 -0.53
-0.95 3.13 -3.3
-0.49 0.89 -3.23
-0.56 1.75 -3.06
-0.18 1.02 -2.25

%e
-0.02 0.75 -0.73
-0.25 -1.94 0.13
1.35 -2.73 -0.45
-0.35 -1.63 -0.65
-0.39 -2.8 -0.1
-0.37 -1.92 -1.1
-0.76 -1.86 0.15
-0.6 -1.41 -1.93
-0.2 -2.31 -1.33
-0.84 -0.88 0.07
-0.03 -0.07 -0.18
-1.18 1.06 -0.13
-1.16 1.38 0.66
-0.86 1.1 0.09
-0.86 2.38 1.39
-0.42 3.56 -0.06
-0.34 2.49 1.02
1.28 2.04 1.8
1.97 0.64 2.31
2.37 -0.69 3.02
-0.01 0.73 5.55
-0.68 3.21 2.93
-0.54 2.21 1.5
-0.78 1.81 0.39
-1.03 2.94 -0.8
-1.09 1.6 -1.15
-0.12 2.14 -1.7
-0.07 1.49 -2.81
-0.89 0.87 -1.78
-2.6 2.54 -3.81
-0.77 -0.3 -3.26
-0.62 -0.56 -4.75
-0.37 -0.43 -4.18
-0.31 -3.15 -2.4
-0.22 -2.42 -2.64
-1.17 -2.91 -1.59
-0.99 -3.95 -1.13
-0.68 -4.57 -0.45
-0.66 -6.01 1.78
-0.33 -2.68 -0.81
-0.39 -2.42 1.67
-0.3 -2.79 3.41
-0.43 -1.45 4.38
-0.43 -0.3 5.3
-0.39 1.3 3.62
-0.65 1.96 3.96
-0.67 3.12 2.63
-1.15 1.74 2.91
-1.17 2.55 -0.29
-1.22 1.79 -3.55
-0.24 2.02 -6.08

%e
-0.16 -1.1 0.5
-0.06 -1.57 0.31
1.37 -1.8 -1.71
-0.39 -3.93 0.49
-0.07 -2.22 -2.01
-0.5 -2.08 1.13
-0.57 -1.1 -0.11
-0.63 -1.77 0.46
-0.32 -0.38 -2.29
-0.68 0.33 0.69
-0.24 0.72 -0.97
-0.12 1.49 -0.94
1.55 2 -1.26
-0.6 1.75 2.75
-0.12 6.28 0.25
1.52 2.16 2.59
2.14 3.41 3.13
1.92 0.15 4.64
1.58 2.42 2.25
-0.74 1.69 2.32
-0.09 2.69 0.13
-0.05 2.45 -3.06
-0.42 1.85 -2.65
-0.09 2 -4.29
-0.35 0.67 -4.49
-0.68 0.39 -3.38
-0.49 -1.17 -3.74
-0.71 -3.19 -2.87
-0.4 -2.58 322.78
-1.25 -1.61 -2.08
-0.94 -5.66 -1.08
-1.03 -4.84 -0.22
-0.48 -3.93 0
-0.76 -3.94 1.02
-0.09 -2.92 0.2
-0.09 -2.46 1.16
1.35 -2.64 3.82
1.37 -1.11 4.4
1.65 -0.62 5.33
1.68 1.27 4.97
1.42 3.33 2.53
-0.5 1.82 3.97
-0.73 2.67 0.87
-1.08 2.98 -0.88
-0.13 2.59 -2.95
-0.21 0.75 -6.66

%e
1.49 -1.63 -1.31
1.51 -2.99 -0.63
1.28 -3.43 -0.37
-0.3 -3.06 -0.47
-0.29 -2.15 -0.66
-0.61 -1.51 0.75
-0.87 -0.04 1.32
-0.85 -0.22 -0.17
-0.8 0.42 0.15
-0.72 -0.04 -0.98
-0.76 0.56 -0.4
-0.72 2.34 0.61
-0.58 3.41 -0.15
-0.32 2.66 0.36
-0.33 2.99 1.67
1.32 2.92 0.49
1.48 0.85 1.22
1.92 0.17 1.2
1.54 0.9 3.14
1.52 1.08 5.74
-0.4 3.28 4.45
-0.03 3.05 2.12
-0.66 3.21 -1.18
-0.19 2.69 -3.16
-0.08 1.65 -3.69
-0.02 1.26 -4.37
-0.86 -0.38 -4.3
-0.39 1.23 -2.75
-0.18 0.77 -3.56
-0.63 -3.32 -4.16
-0.01 -0.19 -2.83
-1.2 0.09 -3.58
-1.5 -3.31 -1.66
-0.86 -0.32 -3.3
-0.78 -3.21 0.5
-0.74 -5.55 1.52
1.57 -4.17 -1.45
1.68 -4.93 2.78
1.34 -3.89 3.41
-0.12 -1.24 2.65
1.44 -1.71 3.29
-0.08 -1.27 4.38
-0.14 1.23 2.37
-0.48 2.05 3.73
-0.37 2.5 1.16
-0.78 2.65 1.28
-0.45 3.38 -0.59
-0.45 1.66 -2.4
-0.5 1.62 -2.55
-0.22 1.51 -2.9

%e
1.64 -1.69 -1.46
1.53 -1.62 -0.55
1.47 -3.2 -0.45
-0.27 -2.84 -0.16
-0.2 -1.99 -1.47
-0.25 -1.97 -1.09
-0.2 -1.23 -0.65
-0.73 -0.43 0.93
-0.57 -0.02 -0.65
-0.58 0.42 -0.71
-0.38 1.17 0.38
1.28 1.33 -0.91
-0.01 1.77 1.19
-0.28 3.36 3.28
1.65 4.18 2.61
1.71 1.56 4.27
1.83 0.2 5.03
1.66 0.98 1.48
-1.08 2.13 1.39
-1.07 3.7 -2.27
-0.94 3.58 -1.8
-0.38 1.09 -0.23
-1.21 2.5 -3.82
-0.06 0.1 -2.04
-0.67 -0.01 -0.01
-0.53 -0.13 -2.87
-0.13 -0.02 -4.29
-0.02 -1.32 -3.87
-1.19 -2.25 -3.27
-1.22 -3.28 -2.8
-1.11 -2.34 -2.21
-0.79 -3.51 -1.28
-0.72 -5.57 0.84
-0.29 -4.14 -0.38
-0.22 -3.98 1.47
1.28 -3.51 1.32
-0.58 -2.95 3.33
1.28 -1.21 2.13
1.79 -0.74 2.45
1.72 0.3 3.49
-0.2 1.84 5.21
-0.41 1.96 4.78
-0.69 1.64 3.73
-0.78 1.85 0.47
-0.88 1.71 -2.06
-1.21 2.21 -4.47
-0.32 2.94 -6.62

%e
1.73 -0.86 -0.68
1.83 -0.8 -1.51
1.56 -2.05 -0.23
1.39 -3.58 0.05
1.3 -2.76 -0.91
-0.21 -1.97 -0.9
-0.41 -1.54 0.6
-0.27 -1.72 -0.66
-0.15 -1.28 -0.74
-0.25 -1.07 -0.41
-0.06 -0.18 -1.42
-0.48 0.11 0.52
-0.13 1.39 -0.64
-0.37 3.12 0.53
-0.71 5.14 1.92
-0.33 3.27 1.67
1.88 1.4 -0.14
2.26 0.15 1.37
1.31 -1.98 5.04
2.22 0.44 5.66
-0.05 2.45 4.78
-1.06 2.5 2.38
-0.26 3.82 -0.12
-0.41 2.65 -1.93
-0.06 3 -3.66
-0.52 2.25 -2.98
-1.25 0.7 -4.09
-0.31 0.38 -4.51
-0.57 0.09 -4.86
-1.27 -2.08 -3.22
-0.89 -0.78 -5.31
-0.5 -3.88 -3
-0.95 -1.02 -5.94
-0.35 -2.87 -1.42
-0.97 -4.71 -1.03
-0.48 -3.46 -1.37
-0.78 -2.8 0.41
-0.45 -3.86 1.98
1.28 -2.71 -0.11
1.4 -4.36 3.19
2.19 -1.08 0.28
-0.44 -2.36 7.04
1.58 -0.18 3.22
-0.03 0.94 4.33
-0.03 1.44 3.57
-0.43 3.52 1.51
-1.11 3.13 1.09
-1.1 3.15 -0.99
-0.88 1.28 -3.56

%e
1.65 -1.86 -1.54
1.59 -2.55 -2.08
1.33 -3.18 -1.02
-0.34 -2.41 -0.79
-0.22 -1.83 -1.52
-0.5 -0.96 -1
-0.65 -0.53 0.07
-0.74 -0.98 0.19
-0.24 0.16 -1.58
-0.62 -0.38 0.83
-0.54 1.6 -0.23
-0.32 2.43 -0.78
-0.61 3.58 0.9
-0.28 4.1 1.02
1.37 3.19 0.57
1.63 0.53 2.06
2.5 -0.01 2.82
1.29 -0.16 4.96
1.64 1.22 4.66
-1 2.69 3.81
-1.04 2.77 0.51
-0.73 2.78 -2.44
-0.25 1.36 -0.85
-0.34 3.05 -3.64
-1.89 0.05 -1.75
-1.15 2.45 -6.16
-2.67 1.6 -1.99
-0.77 -0.54 -4.93
-0.32 -1.99 -4.59
-0.38 -2.52 -4.82
-0.62 -4.64 -0.67
-0.98 -2.54 -5.84
-0.97 -5.11 -1.62
-0.02 -5.69 0.85
-0.99 -1.96 -0.43
-0.81 -3.57 2.5
-0.94 -5.49 5.97
1.39 -2.47 1.82
-0.39 -2.95 5.68
-0.38 -0.65 4.54
1.45 0.44 2.81
1.44 1.28 2.63
-0.51 2.29 3.33
-0.19 2.22 1.42
-0.46 2.78 0.64
-0.69 3.04 -1.05
-0.9 2.57 -2.6
-0.1 1.82 -4.83

%e
1.9 0.03 -0.31
1.83 -2.41 0.31
2.06 -2.14 -1.21
1.48 -2.62 -0.16
-0.12 -2.15 -0.01
1.98 -2.58 -2.12
1.53 -0.99 0.14
1.43 -1.06 -0.64
1.34 0.1 -0.37
-0.12 0.7 0.7
-0.25 3.49 1.06
-0.1 1.83 1.19
1.32 4.22 -0.27
1.5 2.23 0.74
2.24 0.57 0.35
2.02 2.03 1.15
2.22 -1.36 6.3
1.64 2.7 2.36
1.47 2.11 1.23
-0.55 1.73 2.36
-0.2 2.65 0.13
-0.9 3.39 -3.17
-0.47 0.96 -3.74
-0.69 0.73 -3.91
-1 0.71 -3.74
-1.04 3.01 -5.3
-1.27 -1.22 -3.75
-0.79 0.74 -5.84
-0.69 -3.73 -2.73
-0.68 -2.73 -3.34
-0.93 -2.66 -2.08
1.28 -4.76 -1.17
-0.54 -4.26 1.58
1.48 -4.53 0.66
1.59 -4.11 1.95
-0.66 -3.75 2.68
1.41 -0.57 1.02
2.05 -0.05 2.54
2.06 -2.1 5.43
1.59 0.93 4.88
1.61 2.33 4.62
-0.47 2.71 3.58
-0.79 3.79 -0.1
-1.21 3.19 -2.62
-0.2 3.86 -7.62

%e
1.77 -2.18 -0.33
1.97 -2.59 -1.47
1.65 -2.13 -0.85
0.33 -1.79 -1.03
1.63 -1.64 -0.66
1.52 -1.39 -0.04
1.6 -0.91 -0.43
1.54 -0.41 -0.55
1.64 -0.55 -0.48
1.41 -0.07 0.12
1.35 0.65 -0.38
1.73 0.27 -1.2
1.75 0.72 -0.19
1.71 0.99 0.25
1.78 0.91 0.91
1.91 1.16 -0.01
1.47 1.59 1.21
2.01 1.74 0.79
1.98 2.45 3.52
2.48 1.52 3.3
1.97 1.75 4.27
1.44 2.66 1.3
-0.68 2.46 1.14
-0.86 4.01 -2.77
-0.58 1.52 -2.5
-0.45 0.24 -4
-0.66 0.79 -4.13
-0.86 0.38 -3.65
-1.22 1.17 -3.09
-0.53 -1.55 -3.5
-0.62 -3.2 -1.77
-0.08 -0.93 -4.88
-0.52 -1.85 -1.36
-0.2 -2.68 -2.02
-0.22 -1.26 -1.66
1.28 -3.87 1.76
1.74 0.5 -1.3
2.18 -4.47 1.57
1.79 -5.28 4.02
1.34 -3.4 -0.35
2.1 -1.45 1.76
2.23 -2.07 2.05
2.14 -0.38 2.57
1.64 0.82 4.07
-0.04 1.3 4.12
-0.36 1.77 1.34
-1.03 3.21 0.31
-1.13 4.49 -3
-0.29 2.15 -4.38
-0.05 2.24 -3.6

%L
1.49 0.77 0.18
-0.47 5.97 2.01
-1.03 6.67 0.84
-1.21 9.07 1.44
-3.47 6.12 -0.19
-2.98 2.42 -0.72
-5.23 0.77 2.55
-2.88 -2.97 -1.77
-3.75 -4.68 -1
-2.63 -11.55 1.17

%L
-0.11 1.81 2.2
-1.14 7.31 3.07
-0.41 8.2 0
-3.06 7.54 1.52
-3.71 2.26 -0.52
-2.87 -0.72 1.23
-3.78 -0.39 -1.95
-3.52 -1.98 -1.29
-3.44 0.05 -2.2
-2.79 -7.78 0.01
-0.75 -10.28 -2.19

%L
1.66 -0.46 0.75
1.32 4.45 0.18
-3.29 11.82 6.95
-2.91 8.46 0.01
-3.76 2.29 -0.22
-3.25 0.02 -2.18
-0.72 -1.51 -1.7
-3.25 0 -0.58
-3.81 0.26 -0.2
-3.05 -1.65 0.34
-3.61 -3.95 3.51
-0.99 -9.28 -1.22
2.21 -8.93 -2.83

%L
1.4 0.18 0.36
-0.32 2.49 2.17
-0.54 11.49 2.54
-2.92 6.65 1.75
-3.1 2.99 -0.03
-3.49 2.26 -0.46
-3.82 -1.14 2.85
-3.2 -0.26 -0.05
-2.76 -3.73 -1.34
-3.07 -3.58 -1.88
-1.28 -10.24 -1.19
1.31 -9.22 -1.63
-0.33 -5.26 0.83

%L
-0.57 4.47 0.55
-0.51 8.49 1.85
-1.24 8.16 1.24
-3.51 5.06 -0.43
-3.46 1.07 0.5
-3.31 0.6 -2.54
-3.76 -3.5 1.45
-3.82 0.61 -1.07
-3.09 -4.84 -0.48
-0.44 -10.62 1.49

%L
-0.27 0.25 1.84
1.85 1.92 -2
-0.23 9 1.56
-2.82 8.26 2.2
-1.18 3.16 0.58
-1.23 2.53 -1.4
-3 0.24 0.63
-3.04 -0.58 0.53
-3.11 -2.31 -1.06
-3.2 -5.06 0.74
-0.12 -8.39 -2.4
-0.33 -7.55 -1.62

%L
1.76 1.36 0.07
-0.31 9.21 1.54
-3.47 9.96 3.17
-3.55 7.61 0.35
-2.98 2.31 -0.8
-2.93 -1.63 -0.49
-3.31 -3.85 -0.66
-2.58 -3.88 -1.99
-1.21 -2.77 -1.14
-2.15 -3.42 0.92
1.4 -11.2 -1.27

%L
-0.13 0.85 1.23
-0.95 6.58 1.51
-0.97 9.73 0.59
-3.61 7.42 2.1
-3.78 2.81 0.77
-3.61 -1.07 0.59
-3.16 -1.87 -0.35
-0.95 -3.8 -1.6
-0.48 -2.86 -2.44
-0.68 -3.68 -0.09
-0.11 -4.03 -0.92
-0.83 -6.09 -0.91

%L
1.31 0.08 -0.12
1.39 1.62 0.15
-0.2 4.07 0.76
-1.21 6.04 2.89
-0.64 6.37 1.93
-1.18 4.39 -0.7
-1.08 1.7 -0.36
-1.07 0.48 -0.62
-2.89 1.04 0
-1.01 -4.9 -0.23
-0.53 -4.22 -1.12
-0.76 -5.62 -1.21

%L
-0.73 7.25 2.14
-1.03 8.13 2.65
-3.33 7.35 1.5
-2.68 4.07 0.45
-2.62 2.07 -1.04
-2.74 -1.31 1.36
-3.62 -0.28 -1.43
-3.31 -1.23 1.4
-0.98 -2.34 -1.96
-2.8 -5.91 1.8
-0.01 -3.03 -1.92
-0.84 -6.85 1.2
1.41 -4.83 -0.78

%L
-0.4 1.66 1.75
-1.27 5.52 2.02
-2.73 9.3 3.59
-3.38 6.88 2.41
-2.79 5.69 0.99
-3 1.09 -0.48
-3.78 4.66 -0.31
-3.46 -1.66 -0.19
-3.79 -2.11 -2.66
-3.65 -4.27 0.6
-3.07 -5.81 -0.58
-0.35 -5.88 -1.27
-0.12 -8.43 -1.47

%L
-0.76 5 -0.71
-0.73 8.14 1.17
-2.97 6.01 4.58
-3.56 4.22 0.77
-2.63 0.92 1.37
-3.64 1.57 0.21
-3.13 -2.42 -0.5
-2.83 -1.71 -0.22
-1.24 -1.86 -0.49
-0.58 -3.17 -0.45
-0.6 -2.96 0.37
-0.06 -3.13 -0.9

%L
-0.57 4.19 0.75
-0.71 6.07 2.26
-1.11 6.93 0.7
-3.58 6.46 3
-3.01 3.18 -0.27
-3.1 1.87 0.63
-3.62 -2.03 -0.23
-3.55 0.95 -0.94
-3.21 -0.95 -1.6
-2.77 -3.58 0.51
-0.7 -1.66 -1.15
-0.51 -2.68 -0.84
-1.14 -5.24 -1.54

%L
-0.62 4.29 -0.15
-0.26 6.48 2.44
-2.54 6.55 1.14
-3.37 5.44 1.89
-2.94 0.96 -1.09
-2.63 -0.09 -0.42
-2.93 1.69 -1.03
-2.6 -0.65 -1.08
-2.61 -1.23 -1.84
-2.83 0.25 2.26
-3.1 -1.37 0.64
-0.99 -3.06 -1.4
-0.19 -3.84 -1.37
-0.9 -5.01 -1.5

%L
-0.58 0.67 0.11
-0.04 4.69 0.85
-0.77 7.15 2.29
-2.88 6.05 1.9
-3.49 4.42 0.07
-3.08 2.14 1.05
-2.63 -0.06 -0.41
-3.7 -0.94 -1.36
-3.45 -1.99 -0.94
-2.92 -1.93 -0.18
-1.08 -2.9 0.21
-2.76 -1.76 0.22
-0.96 -1.87 -1.98
-0.76 -5.97 1.42

%L
-0.14 7.07 2.46
-2.69 6.34 3.24
-2.75 4.09 -0.05
-2.83 2.17 -0.48
-2.66 2.2 -1.18
-3.17 -2.2 -0.81
-3.18 -1.57 -0.96
-2.89 -0.11 -1.33
-2.97 -2.02 0.08
-2.92 -0.46 -1.28
-1.18 -3.25 -0.56
-0.48 -6.02 -0.38
-0.25 -6.11 -2.86

%L
1.57 2.02 -1.65
-0.55 2.86 -0.39
-0.77 8.09 2.02
-2.77 6.61 2.13
-2.69 3.89 0.65
-3.38 1.76 1.13
-3.13 -0.18 -0.77
-3.15 -0.76 -0.11
-3.13 -1.1 0.04
-2.76 -2.54 0.21
-1.24 -1.39 -0.59
-0.83 -2.45 -0.92
-0.92 -3.82 0.63
-0.69 -4.09 -0.3
-0.28 -6.27 -3.25

%L
-0.93 3.17 2.15
-1.18 5.55 -0.88
-2.81 5.77 2.5
-3.15 4.93 -0.55
-3.43 1.71 0.09
-3.31 0.49 -0.95
-2.65 -1.01 -1.35
-2.8 -1.64 -0.21
-1.14 -2.17 -0.67
-0.78 -1.56 -1.65
-0.86 -2.45 -0.26
-0.43 -3.6 0.12
-0.77 -4.17 -1.33
-0.29 -4.93 -0.42

%L
1.44 0.41 -0.78
-0.2 2.17 0.19
-1.04 9.84 2.12
-2.96 6.19 2.59
-1.27 2.21 -0.08
-3.12 1.53 -0.53
-3.19 0.72 0.78
-2.82 -0.41 -0.2
-3.25 -0.01 1.72
-1.19 0.15 -1.21
-3.48 -1.18 1.3
-2.73 -3.14 -0.93
-2.6 -3.49 -0.47
-0.16 -5.87 -0.31

%L
-0.26 2.46 2.29
-0.58 7.76 2.36
-1.25 5.54 1.94
-2.65 3.89 0.27
-2.77 2.19 -0.18
-0.98 -0.06 -0.45
-3.29 0.89 -0.64
-3.75 0.6 -0.04
-3.29 -1.4 -0.17
-3.22 -1 -0.43
-3.46 -2.05 1.48
-2.69 -2.12 -1.65
-2.05 -5.09 -0.89
-0.96 -4.26 -2.09

%R
-0.03 -2.49 0.26
-0.88 -5.46 1.04
-0.13 -6.29 -1.43
-1.12 -5.14 -0.71
-3.14 -2.51 -0.43
-2.83 -2.97 -1.64
-3.48 -0.68 0.56
-3.4 -1.66 -0.43
-3.7 -0.1 -0.29
-3.31 0.34 -1.08
-3.52 2.35 1.16
-1 1.47 -1.5
-0.84 3.84 0.55

%R
-0.5 -3.46 2.2
-0.15 -5.64 -1.16
-1.23 -5.79 -1.22
-0.68 -5.42 -0.3
-1.2 -3.48 -1.4
-3.24 -2.53 0.24
-3.17 -1.4 -0.54
-3.14 -0.39 0.17
-3.1 0.12 -0.44
-2.9 0.39 -0.12
-2.78 1.08 -0.4
-0.92 1.11 0.74
-1.21 2.3 -1.79
-0.32 4.91 0.77

%R
-0.76 -3.25 -1.53
-0.61 -5.21 -1.29
-0.38 -4.17 -0.8
-1.26 -2.16 -0.66
-2.74 -2.52 -1.27
-2.88 -1.98 -0.32
-2.82 -0.04 -0.36
-3.02 -0.4 0.44
-2.69 0.5 -0.44
-2.79 1.87 -0.06
-0.5 2.45 0.49
-0.21 2.73 -0.03
-1.23 2.44 1.27

%R
1.58 -1.04 -0.32
-0.05 -3.59 0.16
-0.66 -4.04 -0.74
-1.12 -4.45 -0.33
-0.13 -3.29 -0.75
-0.84 -2.52 -0.35
-0.86 -2.2 0.16
-0.94 -1.93 -0.59
-1.25 -1.52 -0.74
-2.62 -0.15 0.34
-2.58 0.01 0.24
-1.14 -0.21 -0.24
-0.96 0.19 1.29
-1.78 1.11 -0.77
-0.34 3.41 0.72
-1.19 3.33 -0.04

%R
1.94 -5.26 0.07
-0.15 -5.89 -2.54
-0.85 -6.08 -0.21
-2.82 -6.8 -0.43
-3.12 -2.7 0.45
-2.67 -1.53 -1.2
-3.55 -3.52 1.21
-3.09 -1.53 -2.21
-5.27 -2.31 -0.19
-3.81 -1.72 0.2
-3.77 2.34 -0.16
-3.18 5.06 0.88
-2.96 7.93 1.34

%R
1.52 -2.44 2.76
-0.47 -5.67 -3.08
-0.98 -6.19 -1.11
-2.68 -5.04 -0.87
-2.89 -3.96 -0.26
-3.74 -3.26 -1.08
-3.23 -1.86 0.94
-3.04 -0.99 -1.37
-3.4 -0.4 -0.13
-3.08 0.53 0.18
-3.7 2.62 1.02
-3.38 4.48 1.88
-1.22 5.5 2.68

%R
1.75 -3.17 -0.41
-0.36 -5.44 -1.62
-0.4 -5.11 -1.18
-0.77 -4.91 -1.12
-3.19 -2.98 0.83
-3.33 -2.33 -0.29
-3.51 -2.43 -0.75
-3.53 -0.86 0.34
-3.53 -0.63 -1.51
-3.76 1.42 -0.23
-2.67 2.88 0.24
-0.85 2.52 -0.24
-0.79 3.78 1.42
-0.29 5.51 2.24

%R
-0.76 -5.13 -0.14
-0.23 -5.01 -0.64
-0.64 -6.08 -2.56
-2.72 -2.66 0.97
-3.29 -1.77 -0.38
-3.33 -2.59 0.43
-3.49 -2.92 -0.82
-2.86 -1.97 1.03
-2.61 0.89 -0.1
-3.54 2.18 -0.17
-3.46 3.67 0.27
-1.22 3.37 0.46
-0.51 4.57 0.38

%R
-0.02 -6.48 -2.71
-0.53 -6.9 0.54
-1.07 -6.09 -0.17
-2.87 -4.37 0.38
-3.84 -2.09 -0.12
-5.34 0.04 0.8
-2.79 -1.52 -1.07
-2.57 0.12 0.8
-3.71 2.01 0.91
-2.92 1.58 0.64
-0.36 1.59 -0.96
-0.73 3.16 -1.07
-0.37 5.76 1.83

%R
-0.35 -6.3 -3.63
-0.95 -5.68 -0.63
-2.77 -5.14 -0.23
-3.45 -3.56 -0.66
-2.79 -2.33 -0.15
-2.63 -0.69 -0.04
-3.76 0.23 0.04
-3.46 0.63 -0.06
-3.01 1.19 -0.55
-2.58 1.72 -0.43
-0.88 1.82 0.13
-0.04 3.2 -0.38
-0.14 3.75 1.47

%R
-0.18 -3.82 -1.07
-0.49 -4.74 -1.9
-0.38 -5.71 -0.33
-1.03 -3.57 -1.28
-2.88 -3.26 -0.16
-2.86 -2.42 -1.22
-3.19 -1.24 -0.95
-3.48 0.09 0.72
-2.72 0.73 -0.78
-2.57 1.51 0.01
-0.59 2.1 -0.35
-0.44 1.11 0.2
-0.21 3.59 0.89

%R
1.43 -1.69 0.11
-0.27 -2.32 -0.95
-1.2 -4.85 0.65
-0.14 -3.31 -1.52
-0.77 -2.72 -0.64
-1.02 -1.93 0.1
-0.98 -2.48 0.16
-1.12 -1.37 -0.51
-2.64 -1.41 0.71
-1.25 -0.27 -0.89
-0.99 0.12 -0.19
-0.72 0.62 -1.3
-1.03 2.99 0.87
-0.82 4.38 1
-0.59 6.34 2.4

%R
1.58 -3.59 -0.26
-0.4 -5.04 0.01
-0.86 -5.94 -1.18
-2.66 -4.39 -1.64
-3.24 -4.42 -0.33
-3.04 -2.69 -0.4
-2.71 -1.04 0.57
-3.84 -0.23 2.03
-3.3 -1.12 -1.62
-3.51 0.58 0.27
-3.09 0.5 -0.97
-2.86 2.24 0
-0.95 4.77 0.41
-0.7 4.95 0.25

%R
-0.62 -4.71 -0.36
-1.07 -5.05 -1.57
-0.71 -4.58 -1.07
-2.63 -2.72 -0.97
-2.79 -2.44 -0.58
-3.31 -1.32 0.65
-3.16 -0.84 -0.76
-2.79 0.4 -1.22
-2.85 2.12 -0.29
-1.14 1.18 -0.85
-0.76 2.26 0.05
-0.54 3.91 1.04
-0.5 3.73 1.44

%R
-1.06 -4.94 -1.42
-1.28 -4.31 -1.11
-0.96 -2.11 -0.5
-1.06 -1.63 -1.12
-1.26 -1.44 0.01
-1.22 -0.97 -0.59
-1.14 -0.53 0.19
-0.83 -0.41 -2.03
-2.66 1.55 0.13
-0.91 3.62 1.02
-0.48 3.48 0.22
-0.12 3.35 -0.17

%R
1.32 -3 0.31
1.43 -2.05 -0.86
-1.19 -5.67 0.97
-0.6 -6.14 -2.22
-1.15 -4.07 -1.46
-2.72 -1.75 -1.18
-2.94 -1.13 0.33
-2.76 -0.19 0.07
-0.83 -0.69 -1.78
-0.92 0.85 0.01
-1.03 0.92 0.09
-0.87 2.25 0.43
-0.42 1.96 0.69
-0.14 2.59 -0.15

%R
-0.45 -1.09 1.29
-0.36 -3.04 -0.58
-1.06 -3.79 -0.71
-0.98 -5.04 -0.84
-0.17 -3.59 -1.9
-1.07 -2.07 0.24
-0.79 -1.84 -1.11
-1.26 -1.88 -0.45
-2.7 0.22 -0.01
-1.24 0.49 0.26
-0.88 1.42 0.64
-0.5 1.2 -0.17
-0.16 0.67 0.21
-1.08 1.16 -0.99

%R
-0.37 -2.8 0.11
-1.1 -4.5 -0.99
-0.11 -4.09 -2.19
-0.23 -3.65 -1
-0.76 -2.23 -0.11
-0.84 -2.17 0.19
-1.28 -0.29 -0.11
-2.45 -0.77 -0.84
-1.23 0.25 0.5
-1.22 0.14 0.28
-0.98 0.62 0.11
-0.49 0.92 -0.56
-0.22 0.55 -0.67
-1.19 1.85 -1.46
-0.65 1.22 -0.8
-0.88 5.86 3.42

%R
-1.04 -4.24 -0.26
-0.76 -6.41 -1.47
-0.61 -4.69 -0.33
-1.28 -2.42 0.18
-1.23 -1.54 -0.31
-0.99 -0.36 -0.41
-1 0.36 -0.6
-1.25 -0.34 -0.95
-0.86 1.18 -0.42
-2.34 0.12 0.11
-0.49 0.94 -1.25
-1.26 0.53 0.3
-0.24 2.27 0.38

%R
1.52 -6.1 -1.32
-0.63 -6.07 0.66
-0.59 -7.9 -1.88
-3.31 -4.69 -1.75
-2.64 -2.95 -1.19
-2.9 -1.56 0.41
-2.96 0.72 0.51
-3.75 0.55 0.49
-2.81 1 -0.89
-1.14 1.16 -1.12
-0.96 2.5 -1.58
-0.96 1.71 -0.6
-1.24 5.71 0.89

