%d
72.875 15.3125 14.8125 -0.6 0.66 -1.37
72.375 15.625 12.9375 -0.81 1.91 -4.87
79.875 15.6875 11.75 -0.81 0.71 -4.77
79.875 14.6875 11.25 -0.11 0.83 -2.48
72.0625 13.25 10.875 -0.14 1.37 -1.06
72.1875 11.1875 10.625 -0.02 -0.92 0.2
72.4375 9.5 10.5 -0.39 -0.38 -0.22
72.9375 7.375 9.9375 -1.09 0.13 0.61
73.3125 4.5625 9.6875 -0.73 0.28 1.4
73.75 2.1875 9.6875 -0.55 0.32 2.19
74.375 -0.375 9.5625 -0.59 0.38 3.89
75 -2.0625 9.3125 0.29 -0.86 3.06
76.1875 -3.75 8.875 2.28 2.1 2.02
76.5 -4.9375 9.375 1.51 -4.25 8.59
77.625 -4.375 10.5 1.48 0.19 8.63
78.6875 -2.375 11.375 1.51 2.84 8.67
79.125 1.0625 12.5 -0.17 3.82 7.29
78.375 6.5625 14 -2.78 5.61 1.88
76.5 11.25 15.4375 -2.68 3.25 1.11
73.875 15.8125 16.625 -3.57 3.32 -3.57
78 19.625 17.6875 -3.54 2.64 -4.43
74.3125 21.8125 18.375 -3.11 1.45 -5.42
61.8125 22.9375 18.625 -2.65 -0.15 -6.66
58.4375 22.3125 18.25 -2.62 0.4 -5.64
62.5625 20.625 18.8125 -0.66 -1.63 -6.48
60.5 18.1875 19.5625 -0.8 -4.35 -3.67
51.4375 15.125 19.3125 -0.25 -5.3 -2.37
59.25 10.6875 19.1875 -1.07 -4.6 -1.14
60.625 7 18.75 -0.22 -4.77 1.27
63.8125 3.25 18.4375 -0.77 -5.33 2.23
59.4375 0.875 17.5625 -0.81 -2.1 3.42
63.6875 -1.0625 16.875 -1.02 -1.24 5
76.875 -2.1875 16.75 -0.75 1.51 3.86
72.6875 -2.375 16.75 -0.94 2.21 4.15
76.125 -1.6875 16.6875 -0.64 3.08 2.74
78.25 -0.75 16.875 -0.72 3.7 0.45
79.5625 -0.1875 16.8125 -0.87 4.3 0.43

%d
79.0625 6.75 18.625 -0.54 0.03 -0.26
79.25 15.3125 18.5 -0.25 0.75 -2.32
79.375 16.4375 17.8125 -0.23 4.11 -8.64
78.875 16 17.4375 -0.56 0.04 -4.31
79.3125 14.8125 16.5 -1.11 1.84 -1.99
79.5 12.4375 15.875 -0.02 0.93 -1.2
79.4375 9.75 15.5625 -0.6 0.15 1.6
-1968.56 7.125 14.75 -1.23 0.03 1.51
79.3125 4 14 -1.03 -0.62 1.99
79.5625 1.5625 12.75 -0.96 1 0.25
79 -2.3125 11.9375 -0.35 -5.43 4.64
79.4375 -5.0625 12.1875 1.85 -0.21 4.3
88.5 -6.75 12.6875 1.94 -2.84 10.8
89.5625 -6.0625 13.4375 1.61 -0.14 9.82
90.625 -3.0625 14 -1.06 2.54 7.39
90.5625 0.875 15.25 -0.62 2.56 4.06
89.6875 5 16.375 -1.16 3.09 -0.25
88.1875 9 17.375 -3.02 4.29 -1.63
78.0625 12 18.0625 -2.68 3.38 -3.54
74.1875 14.125 18.5625 -0.94 2.17 -3.64
78.625 15.25 18.9375 -0.96 1.78 -4.44
75.25 15.625 19.5625 -0.91 0.99 -4.03
62.8125 14.9375 20.125 -1.87 0.13 -4.96
59.125 13.5625 21.125 -0.51 -3.56 -5.13
63.9375 10.75 21.6875 -0.03 -3.92 -4.11
62.3125 7.5 21.75 -1.16 -1.95 -3.21
61.5625 3.4375 21.8125 -1.02 -5.49 -0.52
62.6875 0 21.1875 -0.2 -6.22 2.98
57.1875 -3.8125 21.3125 -0.86 -3.87 3.03
60.25 -6.25 21.0625 -1.1 -2.49 4.39
73.1875 -7.75 21.375 -0.9 -1 4.48
77.25 -8.0625 21.8125 -0.86 0.4 4.24
73.8125 -7.375 22.1875 -1.05 2.52 2.69
76.625 -6.375 22.1875 -1.2 4.26 1.48
78.5625 -5.0625 21.5 -0.89 4.54 0.29

%d
79.125 11.6875 19.25 -0.31 1.89 -2.51
78.6875 12.125 18.75 -0.46 0.65 -4.56
78.6875 12.25 18.125 -0.09 2.38 -4.7
78.5 11.625 17.8125 -0.92 1.49 -3.15
78.25 10.25 17.4375 -0.3 0.1 -0.9
78.5 8.375 16.9375 -0.07 1.53 -0.74
78.1875 5.375 16.625 -1.24 0.17 0.31
78.0625 2.4375 16.1875 -0.51 -0.55 1.6
78.1875 -1 15.5625 -1.14 0.66 1.52
78.25 -4.0625 15.4375 -0.38 -0.64 3.08
78.1875 2041.25 14.4375 -0.8 -1.26 2.59
78.125 -10.375 14.3125 -0.46 -1.01 3.6
78.25 -12.875 13.5 1.89 -3.11 5.67
78.8125 -14.75 13.9375 1.67 -1.21 7.85
79.8125 -14.75 14.6875 1.29 -0.08 8.96
88.25 -13 15.375 -0.82 3.05 6.08
79.6875 -9.3125 15.6875 -0.54 3.12 4.17
78.625 -5.375 16.5625 -1.04 3.89 1.21
76.5625 -1.625 17.0625 -1.1 3.4 -1.44
73.4375 2.4375 17.5 -0.98 3.03 -2.61
78.25 4.9375 18.0625 -0.8 1.87 -4.03
73.9375 7 18.875 -0.59 0.68 -5.49
62.375 7.625 20 -0.55 -0.42 -6.01
58.3125 6.9375 21.875 -0.92 -2 -6.73
63.6875 5.0625 22.625 -0.91 -3.78 -5.26
62.1875 2.4375 22.9375 -1.2 -3.41 -2.79
62.0625 -0.375 23.25 -0.78 -3.91 -1.09
63.5625 -4.125 23.375 -0.88 -3.48 2.59
57.6875 -6.875 23.4375 -0.86 -3.5 3.91
61.3125 -8.4375 22.9375 -0.93 -1.44 2.31
72.75 -9 23 -0.65 -0.86 2.46
77.5 -9.125 23.25 -1.26 2 3.68
72.9375 -8.9375 22.875 -0.95 3.15 3.41
75.8125 -7.875 22.625 -0.72 3.07 0.56

%d
89.4375 9.4375 16.4375 -0.17 2.27 -3.69
89.375 9.625 16.0625 -0.52 0.67 -4.15
89.375 9.3125 15.6875 -0.16 1.01 -5.71
89.5 7.6875 16.0625 -0.9 0.32 -1.01
89.8125 5.9375 16.5625 -1.21 -0.19 -1.09
90 4.375 16.9375 -0.28 -0.2 -0.45
89.875 2.5625 16.625 -1.05 0.57 -2.65
90.0625 0.0625 16.4375 -0.36 -0.88 0.1
90.5 -3.625 15.5625 -0.81 -0.71 2.02
90.5625 -6.75 14.3125 -0.4 0.6 0.75
90.0625 -11.0625 13.9375 -0.96 -1.25 4.03
89.8125 -14.0625 14.75 -0.6 -1.44 7.01
89.8125 -15.875 15.375 -0.09 -2.46 8.41
90.1875 -15.8125 15.5625 -0.38 -0.69 7.81
90.5625 -13.5 15.875 -0.89 1.12 4.86
90.625 -10.625 16 -0.12 2.63 3.44
89.875 -7.0625 16.375 -0.89 2.21 3.02
88.5625 -3.125 16.1875 -1.06 2.87 0.26
78.1875 1.0625 16.375 -1.13 2.96 -1.66
75.625 4.1875 16.875 -0.99 3.7 -3.5
72.25 6.5625 17.8125 -0.45 1.58 -4.97
76.0625 7.6875 19.125 -0.42 -0.01 -3.91
72.8125 7.6875 19.4375 -1.15 -0.09 -6.41
61.25 6.25 20.1875 -1.18 -2.79 -4.51
59.3125 4.125 19.6875 -1.03 -3.83 -2.27
57.75 1.125 19.75 -0.47 -5.27 -2.36
58.375 -2.1875 19.625 -0.67 -3.54 0.94
59.8125 -5 20.125 -0.8 -4 2.32
62.3125 -6.6875 19.9375 -1.09 -3.04 1.4
73.5625 -7.4375 19.4375 -0.74 -1.64 0.49
76.6875 -7.9375 19.9375 -1.03 -1.44 2.37
72.75 -8.25 19.5 -0.64 1.02 1.03
76.25 -8.25 19.8125 -1.08 3.81 2.25
79.1875 -8.0625 19.125 -0.2 4.36 3.2

%d
78.4375 11.8125 17.6875 -0.57 0.17 -0.35
79.0625 12.625 17.1875 -0.39 1.9 -3.39
78.9375 12.3125 16.5625 -0.11 0.69 -3.18
78.6875 11.125 16.125 -0.87 0.1 -2.91
79.0625 10.1875 16 -1.01 1.2 -4.04
79.125 7.6875 16.375 -0.5 -0.05 -0.61
79.0625 5.75 16.5 -0.57 0.13 -1.68
79.0625 2.6875 17.0625 -0.61 1.4 -0.33
78.875 0 16.75 -0.7 0.01 0.96
78.6875 -3.375 15.9375 -0.78 0.31 2.06
78.375 -6.5625 14.875 -1.19 -0.74 2.08
78.3125 -10.8125 14.125 -0.19 -0.98 5.56
78.3125 -13.3125 13.75 -0.99 -2.37 6.99
78.4375 -14.875 13.625 1.39 0.06 2.99
78.625 -15.4375 14.0625 -0.25 -1.28 7.42
78.875 -14 14.5625 -0.54 1.45 5.53
78.8125 -12.25 14.875 -1.21 1.64 5.27
78 -8.8125 15.4375 -0.45 2.19 3.59
76.5625 -5.25 16.4375 -1.14 2.7 0.87
74.4375 -1.625 16.6875 -2.6 2.94 -2.12
79.1875 2 17.125 -0.74 2.54 -3.74
76 4.0625 18.0625 -0.65 1.47 -3.57
72 5.5 19.1875 -0.07 1.02 -5.69
60.125 5.4375 20.6875 -0.19 -2.79 -3.55
57.5625 4.875 20.125 -0.6 -1.46 -5.83
63.3125 2.5625 19.6875 -0.78 -4.08 -2.47
62.8125 0.75 18.875 -0.78 -4.02 -0.98
56.125 -1.8125 18.75 -0.44 -3.56 0
57.75 -4 18.8125 -1.1 -2.48 1.31
60.1875 -6.4375 18.9375 -0.83 -4.15 3.15
63 -7.5625 19.4375 -0.82 -1.38 2.37
75.125 -8.5 19.5625 -0.13 0.18 3.83
78.25 -8.25 19.75 -0.82 0.31 2.24
74 -7.75 19.9375 -0.82 2.43 0.83
76.5625 -7.5625 20.125 -1.11 2.27 2.43
78.75 -6.6875 19.6875 -0.87 3.26 0.32
79.5625 -6.4375 19.375 -0.92 1.91 0.29

%d
89.9375 13.0625 18.1875 -0.45 1.19 -2.73
90.0625 13.8125 17.5625 -0.29 1.51 -4.54
89.8125 13.1875 16.625 -0.43 1.73 -5.67
89.6875 11 16.125 -0.03 1.21 -1.63
89.6875 9.0625 16 -0.09 1.35 -1.17
89.375 6.4375 16.3125 -0.35 0.2 0.33
89.25 4.375 16.25 -0.56 1.44 -1.13
88.6875 1.1875 15.0625 -0.63 0.34 0.02
88.1875 -1.6875 13.9375 -0.36 -0.23 0.65
88 -5.25 13.125 -0.52 -0.38 2.56
88.1875 -7.6875 12.75 -1.15 1.14 2.25
79.9375 -10 13.0625 -0.81 -2.09 5.08
88.3125 -11.375 13 -0.03 0.6 3.51
88.1875 -12.75 13.1875 1.78 -1.83 6.44
88.4375 -13.0625 13.5625 1.59 -1 6.84
88.6875 -12.3125 13.6875 -0.72 -0.12 7.52
88.6875 -9.0625 13.8125 -1.08 2.01 2.95
88.0625 -5.375 14.4375 -0.26 3.06 1.15
78.875 -2.375 15.8125 -1.26 1.14 1.62
77.25 1.125 16.375 -0.66 2.02 1.06
75.3125 4.4375 17.375 -2.69 2.19 0.32
72 8.1875 17.625 -2.68 2.11 -2.38
77.0625 10.8125 17.9375 -2.59 2.17 -4.96
73.5625 12.25 17.875 -0.52 -0.25 -5.92
61.6875 12.5625 17.6875 -0.97 -0.61 -7.31
59.125 11.3125 17.0625 -1.03 -2.61 -4.49
57.125 8.9375 16.75 -0.89 -2 -4.86
56.3125 5.875 16.8125 -0.9 -3.83 -2.76
56.875 1.6875 16.875 -0.04 -3.87 -0.29
58.375 -1.9375 17.3125 -1.27 -2.95 2.28
61.125 -5.625 17.875 -1.14 -3.99 2.78
72.3125 -7.75 18.5 -0.22 -2.03 4.71
76.6875 -9.25 19.125 -1.24 -0.32 3.91
72.25 -9.375 20.125 -0.08 1.21 3.83
76.25 -8.6875 20.875 -1.18 2.87 2.53
78.5 -7.625 21.25 -1.21 3.5 2.17

%d
78.25 9.5625 12.875 -0.48 0.1 0.03
78.6875 9.25 12.5 -0.23 0.48 -1.33
78.75 9.9375 11.8125 -0.03 0.78 -4.77
78.75 9.375 11.8125 -0.49 0.44 -3.1
78.75 8.4375 11.3125 -0.35 1.51 -3.55
78.4375 6.4375 11.375 -1 -0.61 -2.45
78.4375 4.75 12.1875 -0.08 0.51 -1.6
78.4375 2.4375 13 -0.42 -0.12 1.69
78.3125 0.75 13.0625 -0.05 -0.21 -0.31
78.5 -1 13.0625 -0.24 0.44 0.74
78.5625 -3.25 12 -0.53 -0.64 2.85
78.75 -6.4375 11.4375 -0.89 0.52 1
78.75 -9.25 11 -1.13 -1.26 3.24
78.75 -12.375 10.4375 -0.17 -0.05 2.98
78.625 -14.625 10.5 1.64 -1.4 6.3
78.75 -16.0625 11 1.45 -2.47 7.72
79.4375 -15.9375 11.4375 -0.39 1.15 5.1
79.75 -14.0625 12.125 -0.68 0.65 4
79.875 -11.8125 12.8125 -1.2 2.42 2.22
79.25 -8.5625 13.4375 -0.36 2.54 1.07
78.1875 -5.6875 13.625 -0.11 2.66 -0.38
76.125 -2.8125 13.75 -0.72 2.51 0.27
73.875 0 14.125 -0.36 2.07 -2.4
78.75 2.3125 14.8125 -0.33 1.47 -1.73
75.75 3.9375 15.375 -0.39 1.38 -3.11
63.9375 5.1875 16.9375 -0.37 0.01 -5.32
60.6875 5.125 17.1875 -1.03 -2.64 -5.83
57.6875 3.9375 17.0625 -0.67 -2.99 -4.83
56.3125 1.875 16.75 -0.47 -4.38 -2.88
56.3125 -1.25 16.5 -0.71 -3.49 -0.44
57.4375 -3.8125 17.1875 -0.84 -5.14 1.73
60.125 -6.5625 18.1875 -0.95 -2.34 2.16
62.8125 -8.8125 18.625 -1.1 -2 3.62
73.875 -9.75 19.375 -1.1 -0.62 2.86
77.75 -10.3125 20 -0.86 0.86 1.85
72.625 -10.5 20.375 -0.62 2.82 1.04
75.5625 -10.625 20.9375 -0.92 3.06 2.19
76.9375 -10.6875 21 -0.64 -325.16 1.29
77.1875 -10.4375 20.375 -0.3 1.33 -0.12

%d
90.0625 15 13.4375 -0.11 0.52 -2.02
89.375 15.3125 13.0625 -0.41 0.04 -5.07
89.125 14.8125 12.75 -0.48 0.57 -4.25
88.625 13.25 12.4375 -0.89 -1.24 -1.82
88.75 11.75 12.0625 -0.84 2.19 -3.54
88.0625 8.8125 12.625 -1.17 -0.58 0.42
88.1875 6.625 12.875 -0.41 0.28 2.29
88.1875 4.4375 13.1875 -1.16 1.72 -1.5
79.8125 1.9375 12.75 -0.48 -1.03 -325.67
79.8125 -0.8125 11.6875 -0.26 0.88 -0.19
79.625 -3.6875 11.25 -0.16 0.24 0.96
79.1875 -6.875 10.625 -1.04 -0.48 3.26
79.1875 -9.125 10.375 -0.6 -0.22 2.62
78.9375 -11.5625 10.5625 1.53 -2.03 5.23
79 -13 10.75 1.95 -1.96 6.56
79.25 -13.6875 11.375 1.46 -1.1 7.48
79.75 -12.5 11.5625 -0.32 1.33 5.61
79.8125 -9.625 11.5625 -0.87 1.66 3.72
79.3125 -6.375 11.625 -0.1 1.95 2.16
78.1875 -2.3125 11.9375 -0.4 2.23 -0.4
76.75 0.6875 12 -0.82 2.17 0.05
74.25 4.1875 12.6875 -0.14 2.25 -2.25
79.9375 6.4375 15.125 -0.87 -0.65 -0.42
76.9375 9.0625 14.875 -0.19 2.83 -8.98
74.1875 8.875 15 -0.12 -1.14 -4.02
63.5 7.875 14.3125 -1.02 -0.88 -5.28
61.5 5.875 14.375 -0.91 -2.76 -3.89
60.25 2.8125 14.4375 -0.95 -3.32 -2.07
60.125 -0.0625 14.875 -0.8 -3.56 -0.9
61.125 -3.5625 15.5 -0.68 -4.21 2.05
62.9375 -6.125 16.3125 -0.27 -3.38 2.3
74.125 -8.5625 16.75 -0.41 -2.08 2.22
77.4375 -9.625 17.6875 -0.82 -0.66 3.78
73.5 -10 18.375 -0.64 0.65 3.23
76.6875 -9.875 18.8125 -0.9 2.64 2.43
79.625 -9.3125 18.625 -0.89 3.16 2.02

%d
92.0625 14.6875 15.9375 -0.07 -0.61 -0.51
91.9375 14.0625 16.125 -0.38 -1.47 0.68
91.9375 13.75 7.5625 -0.29 0.84 -2.11
92.1875 13.375 15.1875 -0.9 1.89 -2.5
92.25 13.0625 15 -0.6 0.46 -4.52
92.6875 12.3125 14.5625 -0.87 2 -3.98
92.6875 10.5 14.125 -1.78 0.21 -0.83
92.75 9.0625 13.5 -0.39 1.16 -1.51
92 5.8125 13.4375 -0.22 0.79 -0.9
91.25 3 13.625 -1.15 -2.37 0.05
90.75 -0.4375 12.9375 -1.05 0.61 0.03
90.1875 -4 13 -0.07 -1.09 2.98
90 -7.4375 13.0625 -0.99 -1.41 3.36
89.9375 -9.625 13.125 -0.24 -0.04 1.98
89.875 -11.875 13.125 1.29 -2.5 5.56
90.0625 -13.625 13.5625 1.99 -1.3 5.55
90.6875 -14 14.125 1.51 0.02 5.19
91.1875 -13.0625 14.4375 -0.12 0.59 6.11
91.1875 -10.5625 14.8125 -0.27 1.46 4.09
90.6875 -7.875 15.875 -0.07 -0.34 5.06
90.4375 -3.125 16.1875 -1.09 3.5 0.3
89.25 0.25 16.125 -0.72 2.86 -1.63
79 3.75 16.75 -1.02 2.75 -1.54
76.5 6.1875 17.3125 -0.6 1.72 -2.99
73.6875 7.8125 18 -0.74 0.31 -2.39
78 9.375 17.8125 -0.06 1.27 -6.18
74.875 9.1875 18.3125 -1.23 -1.65 -4.33
63.6875 8.125 18.0625 -0.85 -1.54 -4.46
61.4375 6.375 18.0625 -0.55 -2.55 -5.03
59.875 3.25 18.375 -1.1 -4.36 -1.57
59.875 0.0625 19.375 -0.41 -5.97 0.42
61.375 -2.4375 19.6875 -0.26 -3.84 1.95
63.5 -4.5 19.9375 -0.33 -4.62 3.37
75.125 -5.8125 20.375 -0.43 -2.57 1.9
78.6875 -6.6875 20.75 -0.67 0.23 2.14
74.875 -7.125 22.5625 -0.95 0.67 2.64
78.125 -7.125 23.1875 -0.87 2.65 2.22
89.375 -6.75 23.8125 -0.78 3.49 1.53

%d
91.5625 17.75 13.125 -0.44 0.01 -0.18
91.5625 17.375 12.4375 -0.5 0.67 -2.2
91.125 17.25 11.8125 -0.01 1.43 -7
91 16 11.9375 -1.09 0.42 -4.34
90.625 13.875 11.6875 -0.38 0.02 -2.46
90.3125 12.1875 11.6875 -1.01 0.18 -2.95
90.3125 9.875 11.8125 -0.77 0.55 3.28
90.25 7.375 12.125 -0.23 -0.21 -0.74
90.375 4.625 12.3125 -0.33 -0.63 1.02
90.5 1.125 11.4375 -1.12 -0.04 1.82
90.75 -2.0625 10.625 -1.08 -0.26 3.22
90.9375 -5.5 10.75 -1.22 -0.01 2.26
90.875 -7.8125 9.8125 -0.98 -0.8 2.74
90.5 -9.75 9.4375 1.35 -0.09 0.76
90.3125 -11.8125 9.625 2.02 -2.17 5.74
90.625 -13.9375 9.3125 2.15 -2.24 9.38
90.75 -13.9375 9 2.29 0.61 4.81
90.5625 -12.8125 10.1875 1.53 0.8 5.8
91.0625 -10.625 11.125 -0.87 1.99 4.98
90.875 -6.8125 11.5625 -0.51 0.94 3.01
90.375 -2.8125 11.4375 -0.95 2.37 -1.05
89.0625 0.875 11 -0.75 2.91 -1.58
79.25 3.5625 11.4375 -0.43 2.25 -1.61
76.5625 6.25 12.5 -0.35 0.86 -1.64
74.125 8.1875 13 -0.42 1.89 -4.26
78.75 9.4375 13.75 -0.93 -0.72 -6.39
76.25 9 14.6875 -0.86 -0.23 -4.36
73.375 7.875 15.6875 -0.53 -2.72 -4.67
63.8125 6.1875 15.9375 -0.61 -1.99 -3.65
62.625 3.75 16.1875 -0.47 -2.44 -2.93
62.375 0.0625 17.375 -0.82 -3.91 1.09
63.125 -3.25 18.25 -0.18 -3.46 1.48
72.5 -5.4375 19.375 1.3 -4.18 2.41
75.6875 -7.3125 19.9375 -0.76 -2.51 3.92
78.9375 -8.125 20.0625 -0.33 -0.55 1.19
74.875 -8.5 20.75 -0.73 0.62 2.37
77.9375 -8.5 20.8125 -0.47 2.29 1.3
88.875 -8.875 21.125 -0.81 2.78 3.15
90.375 -8.5625 21 -0.63 3.64 1.3

%d
91.75 12.6875 15 -0.05 1.47 -2.19
91.5625 12.5 15.0625 -0.44 0.52 -1.48
91.5 12.4375 14.875 1.28 1.76 -4.4
91.3125 11.625 15.125 -0.41 0.31 -2.12
91.25 10.6875 15.25 -0.74 1.22 -2.25
91.1875 9.4375 15.625 -0.71 0.01 -0.82
90.8125 8.0625 16.0625 -1.09 0.84 -2.15
90.0625 5.6875 16.875 -0.06 -0.89 0.76
89.4375 3.5625 16.5625 -1.21 0.64 -0.6
88.8125 0.5625 15.75 -1.17 -0.53 1.04
88.25 -1.875 14.4375 -0.58 -0.31 -0.16
88 -4.75 13.625 -0.57 -0.44 2.28
79.625 -7.9375 13.1875 -0.77 -1.11 3.27
79.5 -10.1875 13.125 -0.08 -0.74 3.04
79.125 -12.3125 13.3125 1.29 -3.27 6.69
79.375 -13.3125 14.5625 2.37 -3.87 9.35
88.75 -12.4375 15.3125 -0.15 -0.33 7.2
89.75 -10.125 15.625 -0.98 0.99 4.22
90.3125 -6.5625 15.9375 -0.22 2.66 2.55
90.3125 -2.8125 15.9375 -0.07 2.27 1.65
89.0625 1.5 16.5625 -0.95 1.95 0.38
79.5 5.1875 16.9375 -0.75 3.49 -3.96
76.8125 7.625 17.125 -0.61 2.13 -2.25
73.9375 9.5625 17.9375 -0.36 1.4 -3.88
78.375 10.9375 18.25 -1.24 2.05 -5.05
75.1875 10.6875 18.25 -0.63 -0.89 -5.34
63.8125 9.1875 18.375 -1 -1.35 -4.54
60.875 6.625 18.0625 -0.58 -3.02 -3.81
59.1875 3.875 17.625 -0.09 -5.27 -1.99
59.125 0.4375 17.5625 -0.29 -5.84 0.86
60.4375 -2.25 17.1875 -0.47 -4.52 0.49
62.375 -4.5 16.75 1.28 -3.25 0.25
73.9375 -6.5625 16.8125 -0.45 -3.78 2.92
78.1875 -7.875 17.125 -0.74 -0.04 2.75
75 -9 18.25 -0.83 1.36 3.75
78.8125 -9.125 19.125 -0.87 3.04 2.93
90.5625 -8.5 19.625 -0.89 4.72 2.44
92.0625 -7.6875 19.625 -0.59 3.69 2.11

%d
89.75 15.4375 12.5625 1.45 0.78 -3.17
89.125 15.3125 12.0625 1.43 -0.35 -2.5
88.625 14.75 11.125 -0.07 0.26 -3.32
88.625 14.0625 10.875 -0.17 0.81 -4.62
88.5 12.125 10.75 -0.86 0.24 -1.46
88.5625 10.75 11.25 -0.87 1.33 -1.84
88.375 8.625 12 -1 -0.22 0.94
79.9375 6.1875 12.625 -1.16 1.05 -0.26
79.5 4 12.8125 -1.12 0.27 0
79.1875 0.9375 12.4375 -0.92 -0.01 0.59
79 -1.5 11.8125 -0.52 -0.14 -0.16
79.0625 -4.3125 10.875 -1.2 -1.84 1.89
79.4375 -6.375 9.875 -0.61 1.27 -0.59
79.375 -9.8125 9.3125 -0.42 -0.75 2.55
79.625 -12.4375 8.875 -1.1 -0.51 4.71
79.4375 -15.3125 8.75 1.65 0.31 2.63
79.125 -17.6875 9 2.17 -2.55 7.42
79.4375 -19.0625 9.3125 2.07 -1.59 10.02
88.0625 -18.125 10 1.72 0.73 5.91
88.0625 -15.4375 11.25 -0.97 -0.36 6.48
88.125 -11.6875 12.375 -1.18 2.08 2.22
79.875 -6.875 13.625 -0.55 2.96 0.46
78.8125 -2.75 13.875 -0.61 2.03 -1.2
76.875 1.3125 13.875 -0.35 2.08 -2.39
74.75 4.0625 13.6875 -0.18 3.16 -3.42
79.5 6.4375 14.125 -0.64 2.3 -3.09
76.25 7.75 14.5625 -0.1 0.74 -4.96
72.25 8 15.125 -0.86 -0.54 -5.63
60.9375 6.875 14.875 -0.59 -3.19 -3.66
58.625 5.3125 14.625 1.44 -4.31 -5.4
57 2.25 15.4375 1.46 -5.37 -2.39
57.375 -0.625 15.3125 -0.12 -3.67 -0.07
58.9375 -4.25 16 -0.24 -4.88 1.72
61.3125 -6.5 17.0625 -0.49 -2.79 2.89
72.75 -8.625 17.0625 -0.15 -2.35 3.19
76.8125 -9.6875 17.75 -0.36 -0.52 1.61
72.5 -10.4375 18.1875 -0.74 0.87 3.89
75.875 -10.375 18.5625 -0.62 2.56 1.71
79 -9.9375 19.8125 -0.56 3.08 1.22
88.5625 -10.125 20.0625 -0.46 3.52 1.1

%d
89.0625 16.25 13.625 1.38 0.5 -2.18
88.6875 15.8125 12.9375 1.44 0.41 -3.03
88.25 14.625 12.375 1.46 0.2 -2.72
88.1875 13.6875 12.375 -0.2 -0.36 -2.42
88.5625 12.3125 12.5625 -0.7 0.22 -1.82
80.75 11.0625 12.8125 -0.62 0.67 -2
89.0625 9.0625 13.375 -1 -0.22 -0.47
89.125 7.25 13.3125 -0.99 0.29 -0.77
89.3125 4.75 13.5625 -0.84 -0.08 -0.72
89.625 2.75 13.375 -0.99 -0.61 1.73
90.3125 0.75 12.9375 -0.98 0.66 2.27
90.5 -0.625 12.8125 -0.41 0.91 0.01
90.375 -3.1875 12.375 -0.48 -1.13 1.02
90.25 -5.4375 11.4375 -0.36 -0.84 0.33
90 -8.8125 10.4375 -0.07 -1.1 2.4
89.6875 -11.5625 10.125 1.38 -1.42 5.21
89.6875 -13.75 8.9375 2.08 -2.29 8.03
90.0625 -14.25 9.4375 2.5 -1.71 6.85
90.8125 -13.375 10.4375 1.61 -0.85 7.51
91.5 -11.25 11.0625 -0.36 1.92 4.21
91.5 -8.0625 12.25 -0.04 1.08 4.37
91.0625 -4.375 12.625 -1 2.23 -1.72
90 -1.3125 13.125 -1.19 2.05 -1.91
88.3125 2 13.125 -1.26 2.16 0.39
78.3125 4.9375 13.875 -0.24 0.41 -1.52
75.6875 7.6875 13.375 -0.12 1.9 -3.9
72.875 9 13.5 -0.78 0.8 -5.56
77.6875 9.25 14.5625 -0.9 -0.42 -4.57
74.5625 8.125 14.8125 -0.25 -0.12 -5.11
72.25 6.1875 15.4375 -0.58 -1.75 -2.84
62.375 3.875 15.4375 -0.43 -2.67 -3.17
60.9375 0.625 16.3125 -0.37 -3.66 -1.85
60.5625 -2.375 16.8125 1.38 -4.81 -0.89
61.6875 -6.125 17.8125 -0.23 -3.8 2.25
63.5 -8.5 18.4375 -0.27 -3.85 2.08
74.875 -10.75 18.875 -0.34 -1.75 2.41
78.25 -12.25 19.25 -0.46 -0.48 2.79
74.125 -13.0625 20 -0.48 0.46 2.07
77.0625 -13.3125 20.625 -0.69 2.03 2.09
79.75 -13.4375 21.3125 -0.62 3.73 2.9

%d
90.125 9 10.3125 1.45 0.1 -0.2
90.1875 9.625 9.9375 1.79 0.46 -3.11
90.125 9.4375 9.9375 1.71 0.87 -3.34
89.75 8.6875 9.6875 1.67 1.08 -4.79
89.625 7.75 9.6875 1.45 0.62 -3.98
89.5625 6.1875 10 -0.17 -0.03 -1.47
89.6875 5.125 10.4375 -0.56 0.89 -1.52
89.8125 4.6875 11.125 -0.82 0.82 -2.44
89.9375 3.4375 11.375 -0.71 -0.37 -0.87
89.9375 1 10.625 -0.91 -1 0.28
90.25 -1.5625 10.375 -0.59 1.04 -0.08
90.1875 -5.1875 9.9375 -0.97 -0.51 3.3
90.25 -7.6875 9.5625 -0.18 0.87 1.66
89.9375 -10.5 9.5 -0.76 -1.08 3.43
89.75 -13.0625 8.625 1.76 -0.61 1.94
89.25 -15.1875 8.9375 1.54 -2.02 4.65
89.3125 -17.3125 10.0625 2.51 -2.82 9.67
82.125 -17.1875 10.5625 2.16 0.11 8.66
91 -14.75 11.5 -0.3 0.46 6.85
91.375 -10.6875 12.25 -1.25 1.39 3.95
91.3125 -6.6875 12.9375 -0.52 2.76 0.66
90.5625 -1.8125 13 -0.54 3.01 -1.59
89.1875 1.25 12.5625 -0.55 2.7 -1.41
79.0625 4.3125 12.5 -1.18 1.32 -3.49
76.1875 6.9375 13.1875 -0.1 0.11 -3.07
74 8.4375 12.5 -0.8 2.24 -6.53
78.5 8.5625 13.125 -0.06 -0.27 -7.3
75.625 7.625 14.0625 -0.43 -1.26 -3.66
72.5625 5.8125 14.9375 -0.25 -0.81 -5.14
62.3125 3.25 16.125 -0.63 -2 -2.73
60.125 -0.0625 17.0625 -0.46 -5.69 0.46
59.1875 -3.125 17.875 1.61 -4.48 -1.46
59.9375 -5.9375 18.875 -0.08 -4.65 2.3
62 -8.6875 18.8125 1.52 -4.24 1.61
72.75 -11 18.6875 -0.04 -1.33 1.81
75.9375 -12.6875 19.1875 -0.55 -1.68 4.58
72.0625 -13.5 19.75 -0.4 -0.1 1.16
76.125 -14.125 20.125 -0.32 1.49 1.94
78.5625 -14.125 20.75 1.42 2.11 1.34
89.0625 -14.375 21.25 -0.4 3.66 3.12

%d
90.8125 14.6875 11.5625 1.82 0.1 -1.62
90.625 14.6875 11.0625 1.51 0.36 -2.5
82.375 14.5625 10.625 1.59 0.55 -4.37
90.0625 13.125 10.3125 -0.46 0.41 -3.08
90.1875 11.875 10.0625 -0.54 1.5 -3.46
90.0625 9.75 10.0625 -0.59 0.08 -2.46
89.9375 7.3125 9.875 -0.42 0.23 -2.46
90.125 3.5 10.3125 -0.82 -0.72 1.26
90.25 0.6875 9.8125 -1.08 -0.32 1.55
90.375 -2.5625 9.1875 -0.67 0.39 0.1
90.5 -5.8125 9.3125 -0.51 0.28 2.41
90.375 -9.9375 9.6875 -0.03 -1.03 4.72
90.5 -12.5625 9.5625 -0.54 -0.27 3.35
90.625 -15.3125 9.1875 1.74 -0.4 2.83
90.3125 -17.5625 9.9375 1.88 -2.14 7.54
90.6875 -18.5 10.625 2.15 -1.29 7.19
91.3125 -18.1875 11.1875 1.46 -0.28 7.11
92.125 -16.1875 11.8125 -0.6 1.83 5
92.125 -12.8125 13.25 -0.95 2.09 3.2
91.4375 -9.3125 13.5 -1.23 2.6 0.82
89.8125 -5.1875 14.1875 -0.24 1.68 0.56
88.0625 -1.4375 14.375 -0.31 1.85 -1.01
77.25 2.25 14.6875 -0.52 2.13 -2.42
74.5 5.125 14.8125 -1.08 2.5 -5.8
78.4375 6.5625 15.6875 -1.07 0.86 -4.36
74.9375 7.0625 16.9375 -0.62 -0.54 -6.19
63.375 6.4375 19.1875 -0.52 -1.81 -3.75
60.375 4.75 19.5 -0.25 -3.8 -4.42
58.3125 1.75 19.75 -0.27 -5.45 -1.87
57.8125 -1 19.5 1.62 -5.02 -2.67
59.3125 -4.625 20.0625 -0.27 -4.55 1.15
61.6875 -7.1875 20.5625 -0.29 -3.19 0.82
73.5 -9.4375 21.75 -0.46 -1.95 4.95
68.5625 -10.25 21.875 -0.19 -1.07 2.72
72.375 -10.5625 22.25 -0.08 0.16 0.69
75.6875 -10.5625 22.6875 -0.2 0.53 2.57
79.3125 -10.6875 23 -0.21 1.9 1.77
89.625 -11 23 -0.57 4.1 3.48

%d
89.4375 11.625 10.625 1.79 1.49 -3.75
89.125 11.0625 10 -0.15 0.43 -2.48
88.6875 10.125 9.25 1.39 0.43 -3.15
88.5 8.875 9.375 -0.38 -0.15 -0.9
88.375 7.1875 9.375 -0.86 0.6 0.3
88.125 5.5625 9.875 -0.39 -0.03 -1.16
79.9375 3.25 10.0625 -0.48 0.26 -0.04
79.75 1.3125 9.8125 -0.67 0.01 -1.05
79.5625 -1.0625 9.5625 -0.61 -0.56 0.17
79.625 -3.375 9.8125 -0.38 -0.21 1.53
79.9375 -5.8125 10.4375 -0.42 -0.06 1.29
88 -9.375 10.375 -0.41 -1.1 3.46
88.125 -11.6875 10.25 1.52 -0.09 3.16
88 -14.4375 10.8125 1.83 -1.59 6.86
88.25 -15.4375 11.375 1.86 -1.66 7.03
88.75 -14.8125 11.8125 1.66 -1.17 5.84
89.375 -12.6875 11.625 1.32 0.43 4.69
89.625 -10.25 11.9375 -0.46 0.96 3.76
89.625 -6.625 12.25 -0.95 1.63 2.69
89.1875 -3.0625 12.4375 -1.28 3.37 0.7
88 0.8125 12.6875 -0.76 3.24 -1.77
77.5625 4.5625 12.75 -1.26 3.43 -4.84
74.8125 6.1875 13.125 -1.11 2.16 -3.18
78.75 7.4375 13.8125 -0.93 1.11 -3.47
75.4375 7.4375 14.3125 -0.56 0.37 -4.57
63.625 6.625 15.1875 -0.59 -2.21 -3.84
60.875 5.1875 15.9375 -0.59 -3.24 -3.29
58.0625 2.625 16.75 -0.02 -4.57 -3.49
57.125 0.0625 17.0625 -0.16 -4.55 -0.45
57.25 -3.4375 17.375 -0.24 -4.02 0.74
58.6875 -5.9375 17.8125 -0.09 -4.51 1.4
61.375 -8.625 18.1875 -0.15 -1.87 1.47
72.3125 -10.5 18.3125 -0.59 -1.59 3.36
76 -11.75 19.0625 -0.28 -0.61 2.28
79.125 -12.3125 19.625 -0.22 0.84 3.13
74.375 -12.625 20.4375 -0.74 3.21 3.16
76.0625 -12.5625 20.3125 -0.49 3.51 2.03

%d
89 14.375 15.375 1.64 -0.27 -1.39
89.1875 14.0625 15.3125 1.32 0.13 -0.98
89.375 13.625 14.625 -0.11 0.95 -2.37
89.1875 12.875 14 -0.25 0.57 -2.77
88.625 11.625 13.375 -0.26 0.64 -2.97
88.5 10 13 -0.53 0.39 -1.34
88.75 8.25 12.75 -0.6 0.63 0.43
89.4375 7.4375 12.875 -0.72 -1.02 0.73
90.1875 6.875 12.75 -0.47 0.55 -1.2
89.5 3.75 12.8125 -0.61 -1.11 0.57
89.375 0.625 12.3125 -0.78 0.5 0.75
89 -2.3125 12.1875 -0.42 -0.02 0.79
88.8125 -5.375 11.4375 -0.3 -0.54 1.41
88.75 -8 11.0625 -0.55 -0.51 1.57
88.625 -10.875 11.1875 2.19 -2.42 3.35
89 -13.1875 12.375 1.9 -2.52 10.07
89.625 -13.6875 12.75 1.33 -0.03 7.41
89.625 -12.125 13.4375 -0.26 -0.3 4.98
89.9375 -9.625 13 -0.68 1.92 1.94
89.375 -6.5 13.0625 -0.78 0.97 1.21
88.5625 -3.875 13.0625 -1.05 1.68 0.9
79.25 -0.3125 12.8125 -1.19 2.45 -1.38
77.375 2 13.125 -0.12 1.73 -2.17
74.8125 4.5625 13.0625 -1.03 2.82 -3.9
72.125 5.5 5.375 -0.91 0.88 -2.78
76.6875 -2041.56 14 -0.81 1.41 -5.3
74.3125 5.875 15.0625 -0.25 -0.33 -5.81
63.5 4.0625 15.4375 -0.34 -2.29 -3.29
61.75 2.125 16.125 -0.4 -2.55 -2.36
60.25 -0.5 17 1.3 -4.46 -0.67
59.9375 -2.8125 17.4375 1.7 -4.36 0.36
61 -5.5 18.0625 1.48 -4.3 1.41
63.4375 -7.3125 17.9375 1.29 -3.74 0.85
74.375 -8.25 18.5625 -0.46 -1.4 1.65
78.5625 -9.25 18.9375 -0.56 0.25 1.69
73.75 -9.625 19.5625 -0.57 0.87 2.75
76.5625 -9.5625 20 -0.45 1.9 1.4
79.1875 -9.6875 20.9375 -0.64 2.23 2.16
88.625 -9.9375 20.875 -0.41 2.97 2.54
89.1875 -9.8125 20.0625 -0.09 1.25 1.22

%d
90.8125 14.5 14.6875 1.56 -0.45 -0.85
91.3125 14.3125 14.625 1.31 0.39 0.11
91.25 14.375 14 -0.16 0.35 -1.96
91.125 14.0625 13.625 -0.31 0.26 -2.98
90.9375 13.4375 13.0625 -0.33 0.71 -3.18
90.625 12.0625 12.875 -0.59 0.2 -1.85
90.625 10.5625 13.0625 -0.92 -0.36 -0.87
90.4375 8.5625 13.125 -0.7 -0.01 -1.13
90.3125 6.4375 13.4375 -0.68 -0.3 -0.35
90.1875 3.75 13.625 -0.68 -1.69 -0.88
90.25 1.5 12.8125 -1.2 0.34 0.05
90.375 -1.4375 12.1875 -0.62 1.43 -0.36
90.0625 -4.4375 12.4375 -0.97 -1.01 2.09
89.75 -7.9375 12.75 -1 -0.47 2.99
89.1875 -10.9375 13.4375 1.41 -1.05 3.14
88.75 -13.9375 13.9375 1.87 -2.18 6.61
88.625 -15.1875 14.3125 0.69 -1.31 6.23
88.5 -15.6875 14.4375 1.43 -1.23 7.44
88.6875 -14.25 14.375 1.36 -326.99 4.43
88.375 -11.625 14.5 -0.17 0.95 3.9
79.875 -8.75 14.375 -0.84 0.02 4.33
79.1875 -4.1875 14.4375 -1.2 1.74 -0.35
78.125 -1 14.1875 -0.82 2.35 0.34
76.0625 3.125 14.3125 -0.08 3.47 -4.83
73.75 5.125 15 -0.32 2.73 -4.14
78.4375 6.875 15.375 -1.22 1.07 -5.96
75.375 6.9375 15.9375 -0.9 -0.24 -4.09
63.75 6.25 16.625 -0.11 -1.66 -4.95
61.375 4.625 17.25 -0.31 -1.77 -3.82
59.375 1.5625 17.8125 -0.13 -3.24 -1.04
58.875 -0.6875 18.6875 -0.07 -3.47 -0.39
59.0625 -2.875 19.25 -0.1 -4.02 0.03
60.125 -5.4375 19.625 -0.04 -3.27 1.15
61.9375 -7.375 19.8125 -0.78 -3.2 3.21
73.0625 -8.6875 20.1875 1.37 -1.57 0.6
76.875 -10.1875 20.3125 -0.5 -0.89 2.69
72.25 -10.6875 20 -0.2 0.71 0.78
76.25 -11.3125 19.875 -0.46 2.53 1.7
78.875 -11.1875 19.625 -0.53 2.4 2.09
88.8125 -11.0625 19.3125 -0.21 2.63 1.51
89.9375 -11.0625 18.625 -0.07 1.44 1.37

%d
90.8125 14 11.0625 1.33 1.36 -3.72
90 13.25 10.625 -0.03 -0.07 -2.7
89.875 12.6875 10.5625 -0.15 1.19 -4.23
89.5625 11 10.5625 -0.51 0.74 -2.78
89.3125 9.4375 10.625 -0.84 -0.03 -1.32
88.9375 7.5 10.75 -0.59 1.25 -2.29
88.5625 5.0625 11.125 -0.9 -0.44 -0.38
88.375 2.5625 11.125 -1.16 -0.11 0.5
88.1875 -0.75 11.1875 -1.06 0.45 -0.14
88 -4.0625 10.6875 -0.99 -0.14 1.35
79.875 -7.0625 9.5625 -0.72 -0.2 0.94
79.75 -10.5625 9.3125 -0.52 -0.45 2.02
79.5625 -13.5625 9.25 -0.17 -0.08 2.17
79.1875 -16.875 9.9375 -0.51 -0.37 3.6
79.125 -19.0625 10.4375 1.63 -1.35 6.46
79 -20.5 11.0625 1.98 -1.85 7.2
79.1875 -20.1875 11.5625 1.52 -0.49 7.28
79.5625 -18.0625 11.8125 -0.39 0.24 5.88
79.5 -15.0625 12 -0.74 0.45 3.51
79.375 -10.75 12.5 -0.29 1.62 1.69
78.8125 -6.9375 12.1875 -0.59 3.34 -0.05
76.8125 -2.375 12.125 -1.15 2.69 -3.18
74.375 0.4375 12.375 -0.01 1.83 -2.82
79 3 12.875 -0.86 1.1 -3.76
76 4 13.4375 -0.75 0.19 -4.05
72.5 4.3125 14 -0.41 -0.19 -6.85
61.6875 3.1875 14.875 -0.56 -1.97 -4.77
58.5625 1.125 15.0625 -0.12 -4.19 -3.23
57.25 -0.9375 15.6875 -0.12 -2.71 -3.23
57 -4 17 -0.29 -3.27 -2.27
57.5625 -7 19.625 -0.48 -4.27 2.41
59 -9.8125 21.0625 1.28 -2.91 2.23
60.75 -11.5625 21.625 1.3 -3.3 1.83
63.3125 -13 21.5625 1.3 -3.05 2.54
75.125 -13.9375 21.625 -0.07 -0.85 1.52
79.125 -14.625 21.875 -0.16 -0.73 1.57
74.8125 -15.1875 22.625 -0.38 1.5 1.57
78.6875 -15.875 23.25 -0.69 3.52 3.53
88.625 -16.0625 22.875 -0.43 3.43 2.66
89.3125 -16.0625 21.625 1.3 1.24 1.19

%d
79.8125 12.75 11.375 1.78 0.06 -1.13
79.9375 13.0625 12 1.87 -0.61 -2.48
88.1875 13.375 11.6875 1.67 1.56 -3.58
79.8125 12.5 10.8125 1.61 -0.28 -2.87
79.5625 11.1875 10.375 1.49 0.49 -3.17
79.5 9.625 10.3125 -0.36 -0.27 -2.26
79.625 7.375 10.1875 -0.54 1.25 -2.54
78.875 3.75 9.6875 -0.28 -1.56 0.69
78.875 1.4375 9.5 -0.53 0.77 -1.45
79.25 -1.4375 10 -0.49 0.07 0.09
79.5 -4.3125 10.0625 -0.57 -0.05 0.96
79.9375 -7.1875 10.8125 -0.66 0.74 0.5
79.6875 -9.875 11 -0.54 -1.4 1.9
79.8125 -12.625 11.1875 -0.95 0.48 3.05
79.875 -14.625 11.4375 -0.45 -0.42 2.91
79.875 -16.1875 11.125 -0.46 -0.22 1.87
79.5625 -17.6875 10.5 1.86 -1.02 2.05
79.375 -19.25 10.6875 2.02 -1.66 4.94
79.75 -20.375 11.0625 1.78 -1.85 6.83
88.3125 -20 11.75 1.34 -1.01 7.36
88.9375 -17.8125 12.5 -0.86 -0.35 5.02
89.6875 -14 12.6875 -0.52 1.37 0.42
81.9375 -11.375 12.3125 -1.16 2.8 2.24
80.9375 -7.5625 12.25 -0.9 1.9 -0.38
79.6875 -4.75 12.75 -0.22 2.93 -1.66
77.9375 -2.6875 13.375 -0.89 1.12 0.22
75.4375 0 13.9375 -0.76 1.95 -3
72.875 1.5 14.8125 -0.47 1.83 -5.09
77.6875 2.875 15.1875 1.28 0.91 -6.05
66.5625 2.5625 15.5625 -0.01 -1.19 -4.34
63.5625 1.4375 16 1.35 -1.96 -4.74
61.625 -0.125 16.875 1.34 -2.41 -2.98
59.8125 -2.75 18.1875 -0.14 -5.27 1.63
59.375 -4.875 18.9375 1.36 -2.55 -1.72
59.5625 -7.0625 19.1875 1.7 -4.96 0.62
61 -9.1875 19.3125 1.4 -4.65 1.76
63.5 -10.8125 18.625 1.28 -3.22 1.05
75.125 -12.375 19.25 -0.03 -2.76 1.51
78.75 -12.9375 19.375 -0.36 1.19 1.41
74.875 -13.9375 20 -0.7 1.8 2.56
78.125 -14.4375 20.4375 -0.36 3.7 1.5
79.625 -14.875 20.625 -0.24 2.51 2.11
88.5625 -15.125 20.375 1.44 1.2 1.89

%l
88.125 10.5625 17.9375 1.41 0.55 -1.49
88.1875 11 19.5625 1.46 -0.19 -0.18
88 12 19.75 1.28 0.61 -1.31
88 12.6875 19.8125 1.28 2.01 -3.77
79.8125 12.9375 19.4375 1.54 1.81 -6.97
79.8125 11.625 18.3125 -0.51 1.46 -3.7
88.0625 9.9375 18 -0.79 0.26 -2.65
88.6875 8.125 17.4375 -0.97 -0.4 -0.22
88.8125 5.5625 16.25 -0.1 1.43 -1.51
89.4375 3.25 16.1875 -0.27 -0.03 0.58
89.625 0.1875 15.375 -0.54 0.07 0.92
89.75 -2.5625 14.5 -1.16 1.56 -2.09
89.75 -6.875 14.125 -0.11 -2.39 3.85
90.25 -10.125 13.25 -0.45 2.12 -0.01
89.75 -15.25 14 1.95 -3.04 6.98
89.875 -18.1875 14.8125 1.79 -0.35 7.79

%l
88.875 8.5 19.1875 -0.14 0.3 1.02
88.5 8.4375 18.8125 1.57 0.88 -1.75
88.6875 9.4375 18.3125 1.66 2.01 -6.5
89.125 9.3125 18.125 -0.06 1.09 -4.72
89.25 7.4375 17.75 -0.32 0.93 -3.01
88.875 5.125 17.8125 -0.39 -326.59 -2.81
88.5 1.875 18.5625 -1.23 0.57 0.79
79.75 -2 18.625 -0.11 0.98 0.97
79 -4.3125 18.125 -0.96 -0.29 -0.21
78.5625 -7 16 -0.88 1.51 -0.55
77.9375 -9.3125 14.6875 -0.85 -0.6 1.49
77.4375 -11.4375 13.8125 -0.48 0.1 -0.09
77.3125 -13.6875 13.4375 -0.43 -1.37 3.44
77.3125 -15.4375 13.625 1.58 1.68 0.82
76.5 -17.4375 14.1875 2.25 -2.5 5.99
76.3125 -18.375 14.5625 2.07 -2.14 6.07

%l
89.9375 9.375 17.25 1.52 0.07 -0.58
90 8.875 16.625 1.63 0.4 -1.89
90.4375 8.75 16.6875 1.6 1.23 -2.77
90.5625 7.8125 16.5 -0.05 1.58 -2.51
90.5625 6.9375 16.125 -0.5 1.86 -2.45
90.375 6.5 16.0625 -0.77 0.94 -1.48
89.9375 6.125 16.25 -0.16 1.65 -2.95
89.0625 4.1875 16.375 -0.49 0.06 -0.94
88.4375 2.4375 16.0625 -0.66 -0.26 -1.71
88.0625 -0.125 15.25 -0.97 1.31 -2.95
79.875 -3 14.125 -0.96 -0.15 0.41
79.625 -6.6875 13.8125 1.35 -1.37 -0.35
79.9375 -9.8125 13.875 -0.43 -0.34 2.56
88.0625 -13.625 14 -0.15 -0.72 4.09
88.125 -16 14.4375 1.53 -1.16 4.45
79.9375 -18.25 14.9375 1.46 -1.4 6.33

%l
90.6875 8.4375 16.5625 1.59 -0.19 1.24
90.8125 8.9375 16.5625 1.92 1.35 -2.36
90.6875 8.125 16.5625 1.7 -0.23 0.03
82.8125 8.375 15.6875 1.64 2 -4.4
90.8125 7.8125 15.75 1.68 0.08 -3.49
90.6875 6.4375 15.5 1.35 1.05 -1.84
90.8125 5.1875 15.6875 -0.21 1.25 -2.88
90.6875 3.25 16.5625 -1.02 0.06 0.97
90.5625 2.1875 16.875 -0.62 0.71 -0.59
90.375 1.125 17.4375 -0.38 1.2 -1.68
89.9375 -1.625 17.5625 -0.57 -0.55 1.13
89.625 -4.0625 17 -0.59 -0.23 0.55
89.4375 -6.9375 16.75 -0.17 1.28 -0.18
89.3125 -9.25 16.75 -0.1 -0.58 2.09
89.4375 -12 16.25 -0.21 -1.34 2.23
89.75 -13.6875 15.6875 -0.32 -0.53 1.67
89.625 -15.75 14.9375 1.37 0.35 0.88
89.5625 -17.1875 14.5625 1.91 -0.68 2.6

%l
91.375 12.8125 17.0625 1.86 0.38 -0.93
91.625 13.125 16.5625 2.04 1.21 -2.65
91.625 12.625 16 1.73 1.09 -2.86
91.5625 12.25 15.4375 1.39 2.12 -4.55
91.75 11.1875 15.5 -0.23 1.95 -2.9
91.3125 9.5 15.5625 -0.4 0.59 -2.45
91 7.125 15.8125 -0.52 1.18 -1.67
90.5 4.9375 15.875 -0.95 0.74 -0.5
89.4375 2.4375 14.9375 -0.5 1.03 -3.73
88.9375 -0.0625 13.8125 -0.65 -0.09 -2.15
88.9375 -3.625 12.3125 -1.26 0.44 -0.85
81.1875 -7.1875 12.1875 -0.87 -0.07 0.57
89.25 -12.125 12.4375 -0.84 -0.53 3.31
89 -15.5625 12.875 -0.96 -0.62 3.68
88.6875 -19.125 12.625 1.44 0.79 2.02
88 -22.125 12.75 -0.13 -3.92 8.57

%l
92.875 21.1875 15.9375 1.65 0.06 -0.04
92.75 21.5625 15.9375 1.79 1.32 -2.57
92.1875 20.5 15.25 -0.08 1.13 -3
83.8125 19.5 14.0625 -0.49 1.7 -5.34
91.375 17.3125 13.3125 -0.65 2.03 -4.76
91 14.75 13.125 -0.82 1.03 -3.28
90.875 11.5625 13.0625 -0.25 0.98 -1.99
90.25 8.6875 12.25 -0.12 0.86 -2.52
89.625 4 11.6875 -0.06 -0.12 0.13
89.4375 0.3125 11.375 -0.18 1.68 0.82
89.375 -4.625 10.5 -1.12 1.03 0.94
88.625 -8.3125 10.625 -0.64 -1.74 3.54
79.625 -12.125 11.9375 -0.52 0.45 1.45
78.9375 -15.25 11.9375 -0.35 0.44 3.04
77.8125 -18.4375 12.375 1.5 -0.91 4.41

%l
91.5625 21.125 17.1875 1.89 1.11 -1.62
91.4375 20.5 16.75 1.81 0.26 -2.99
91.5 20.25 15.6875 -0.51 1.92 -5.09
91.4375 18.625 14.625 -0.84 1.5 -3.45
91.5625 17 14 -0.74 1.25 -3.79
91.5 6.1875 13.8125 -0.06 2.06 -0.47
91.1875 11.25 13.6875 -0.81 0 -1.17
91.25 8.375 13.6875 -1.24 0.92 0.95
90.75 5.3125 13.875 -1.09 0.37 -1.25
90.4375 2.5 13.5625 -0.92 0.87 -2.04
89.9375 -1.375 13 -0.78 0 -0.54
89.625 -5.5625 12.375 -0.84 0.67 1.15
89.0625 -10.75 13.125 -0.95 -1.09 3.85
88.8125 -13.9375 14 -0.55 0.19 3.04
79.875 -18.125 15.6875 1.65 -1.03 3.85
79.0625 -21.1875 16.3125 1.7 -2.08 6.82

%l
91.8125 15.875 17.0625 1.79 1.76 -3.61
83.75 15.25 15.9375 1.29 2.42 -4.96
91.0625 13.5 14.5625 -0.1 1.62 -3.3
90.25 12.0625 14.3125 -0.4 -0.09 -2.32
90.25 9.8125 14.3125 -0.53 1 -1.57
89.875 7.3125 14.3125 -0.42 0.13 -0.53
89.5 4.1875 14.1875 -0.63 0.03 -0.33
89.625 1.875 13.875 -0.31 0.48 -1.39
89.875 -0.8125 13.75 -0.76 0.99 0.16
90.1875 -3.0625 13.1875 -0.72 0.78 -1.52
90.5625 -6.3125 12.875 -0.39 1.57 -1.6
90.25 -10.5625 12.9375 -1.24 -1.68 3.99
90.375 -13.1875 13.4375 -0.5 0.7 1.3
90.4375 -15.6875 13.5625 1.62 -1.51 3.81
89.625 -18.3125 14.0625 1.68 -1.64 5.11
89.375 -19.75 14.4375 1.96 -1.37 4.64

%l
90.9375 14.0625 13.375 1.62 1.95 -3.41
90.4375 13.625 13 -0.07 0.07 -4.03
90.3125 12.625 12.3125 1.48 1.68 -4.04
90.0625 10.8125 12.0625 -0.04 0.28 -1.86
89.8125 8.75 12.0625 -0.41 -0.16 -1.27
89.375 5.75 12.0625 -0.35 -0.11 -1.08
89.1875 3.25 11.9375 1.42 -1.06 -1.79
89.125 -0.0625 11.3125 -0.5 0.59 -0.77
89.125 -3.5625 10.9375 -0.47 0.8 -1.12
89.1875 -6.5625 11.6875 -0.84 1.06 0.57
88.8125 -9.5625 12.6875 -0.57 -0.26 1.15
88.625 -12.125 13.25 -0.35 0.64 0.67
88.1875 -14.25 13.1875 -0.17 -0.88 1.37
88.5 -16.8125 12.5625 -0.13 0.47 0.68
88.5 -18.9375 12.75 1.5 -0.16 2.93
88.1875 -21.25 13.0625 1.46 -1.6 4.99

%l
92.1875 15.8125 15.125 2.18 -0.28 -1.47
91.8125 16 14.125 1.79 1.09 -4.22
91.5 15.4375 13.25 -0.23 1.36 -5.55
91.0625 14.125 12.6875 -0.49 1.5 -4.6
91.0625 12.25 12.3125 -0.83 1.64 -3.1
90.3125 9.125 12.25 -0.83 0.22 -2.14
89.625 6.125 13.125 -1.11 0.45 -0.62
88.9375 2.0625 13.9375 -0.67 -0.11 -1.13
88.1875 -1.75 14.1875 -1.24 -0.69 1.3
79.375 -5.8125 14.5 -0.86 0.01 -0.62
79 -9.25 14 -0.77 0.47 0.43
78.3125 -13.6875 13.1875 -0.37 -1.32 2.03
77.9375 -16.875 12.9375 -0.03 -0.73 2.3
77.75 -20 13.125 1.39 -0.94 3.03
77.6875 -22.4375 13.3125 -0.07 -1.21 5.55

%l
89.5625 14.875 14.1875 1.92 1.02 -1.52
89.625 13.8125 12.5 -0.19 2.39 -1.88
90.0625 12.9375 12.375 1.3 1.11 -3.2
90.1875 11.625 12.625 -0.26 0.55 -1.73
90.125 9.4375 12.9375 -0.35 1.59 -1.65
90 7.375 13.4375 -0.32 1.1 -1.72
89.375 4.625 13.9375 -0.34 0.59 -2.05
81.0625 1.8125 13.3125 -0.17 1.01 -1.03
88.75 -1.4375 13.125 -0.1 1.73 -1.04
88.3125 -4.625 13.375 -0.83 -1.2 1.65
88.0625 -7.5 13.3125 -0.52 1.4 -1.02
79.75 -9.9375 13.375 -0.22 -0.16 0.19
79.375 -12.8125 13 -0.28 -0.88 0.9
79.3125 -15.375 12.25 -0.02 0.35 0.6
79.125 -18.5 12.375 -0.02 -0.09 2.2
79.3125 -20.4375 12.8125 1.57 -0.87 3.23
79.875 -21.375 13.6875 1.79 -0.46 4.35

%l
92.5 18.25 12.25 2.01 3.45 -6.2
91.625 16.6875 11.6875 1.34 -0.18 -1.45
91.25 15.4375 11.75 1.58 0.46 -3.78
83.4375 14.375 11.625 -0.12 2.32 -5.31
90.625 11.6875 11.3125 -0.34 0.15 -3.13
90.375 9.25 11.6875 -0.78 0.68 -1.72
89.8125 5.9375 12.1875 -0.88 -0.33 -0.32
89.3125 3.25 12.875 -0.35 0.07 -1.48
89.0625 0 13.0625 -0.54 0.48 -0.91
88.8125 -3.3125 12.875 -0.65 0.85 0.09
88.625 -7.125 13.3125 -0.47 -0.18 1.4
88.875 -9.9375 13.5 -0.54 0.23 1.83
88.6875 -13.0625 13.3125 -0.37 -0.29 1.73
88.625 -15.1875 13.375 1.37 0.18 1.89
88.4375 -17.25 13.4375 1.45 0.05 1.98
88.25 -18.5625 13.6875 1.3 0.33 2.27

%l
91.25 7.5625 15.375 1.79 1.62 -1.6
91.0625 7.1875 15.3125 1.86 0.29 -0.64
90.875 7 14.8125 0.35 0.17 -1.05
90.875 6.9375 14.125 1.57 0.96 -3.62
91 6.625 13.8125 1.4 0.77 -4.54
83.0625 5.5625 13.875 -0.25 0.96 -3.17
91.1875 3.75 13.8125 -0.34 0.9 -2.13
91.125 1.4375 14.3125 -0.48 1.2 -1.36
90.625 -0.875 14.3125 -0.56 0.59 -0.08
90 -3.4375 14 -0.52 -0.2 -0.25
89.3125 -6.5 14 -0.49 0.24 -1.06
89 -9.5 14 -0.42 -1.09 0.22
89.0625 -13 14.375 -0.7 0.46 0.4
80.75 -16.125 15.125 -0.58 -0.28 1.3
88.5625 -19.375 15.5625 -0.25 -0.94 1.87
88.375 -22.3125 15.6875 1.32 -0.72 4.81

%l
94.25 19.9375 17.4375 1.67 0.92 -3.11
94.1875 19.4375 16.6875 1.37 -0.07 -2.92
93.9375 17.75 15.9375 -0.14 0.68 -2.52
94.375 16.6875 15.8125 -0.43 2.22 -2.96
93.9375 13.9375 15.5625 -0.44 0.85 -2.36
93.5625 11.25 16 -0.46 -0.45 -1.74
93.3125 8.875 16.125 -0.71 1.64 -1.42
93.0625 5.75 16.125 -0.85 -0.89 -0.88
93 3.3125 15.8125 -0.92 1.79 -0.67
92.8125 0.5625 16.0625 -0.5 -1.04 1.11
92.75 -1.5 15.5625 -0.69 0.91 -0.39
84.5 -4.125 15.25 -0.82 0.57 1.11
91.875 -7.375 15.125 -0.5 -0.06 1.54
91.375 -9.8125 15 -0.41 -0.45 1.05
91.1875 -12.625 15.125 1.57 0.13 0.56
90.9375 -15.4375 15.4375 1.88 -0.44 2.54
90.5625 -18.4375 16.25 1.93 -1.59 5.06
90.0625 -20.5625 16.5625 2.03 -1.18 5.25

%l
91.875 13.125 12.3125 1.93 1.9 -2.26
91.4375 12.125 11.625 1.42 0.68 -2.12
91.625 11.8125 11.6875 1.38 1.6 -3.74
91.5625 10.5 12.1875 1.3 -0.05 -2.66
91.375 8.875 12.0625 1.28 0.55 -2.82
91.125 6.5625 12.3125 -0.28 -0.69 -1.14
91.125 3.75 12.4375 -0.37 0.58 -1.39
90.9375 1.25 13.1875 -0.24 -0.29 -0.45
90.9375 -1.125 12.75 -0.66 0.77 0.12
90.75 -3.25 12.8125 -0.32 -0.21 -1.51
91 -6.5625 12.25 -0.39 1.72 -1.45
90.6875 -9.75 12.5625 -0.34 -0.34 0.5
90.5 -12.6875 12.5625 -0.36 0.88 1.4
90.125 -16.125 13.125 1.31 0.1 2.47
89.6875 -18.875 13.5 -0.31 -0.67 3.52
89.375 -20.875 -2034.19 1.67 0.79 0.68
88.4375 -23 13.8125 -0.02 -0.01 -0.01
88.1875 -24.125 13.4375 1.17 0.01 0.93

%l
91.1875 14.0625 10.3125 2.12 0.81 -1.54
90.5 13.1875 11.25 1.89 -0.5 -0.53
90.75 13.1875 11.0625 1.6 0.81 -2.57
90.75 12.5 11.0625 1.51 1.65 -3.75
90.625 11.25 11.0625 0.28 1.19 -4.07
90.3125 8.875 11.5625 -0.1 0.35 -1.54
90.25 7 12.0625 1.62 0.13 -1.66
90.5625 4.4375 12.5625 -0.22 0.33 -0.62
90.25 2.1875 12.4375 -0.22 0.44 -0.88
90.125 0 12.5 -0.08 1.15 -2.18
89.9375 -3.1875 12 -0.3 -1.4 0.86
90.1875 -5.375 11.25 1.31 1.65 -2.35
90.25 -9.125 11.1875 -0.19 -0.63 0.64
90.625 -11.875 11.1875 -0.44 0.56 0.62
90.625 -15 11.6875 -0.67 0.06 2.58
90.5 -18.25 11.5 -0.15 -0.78 2.02
90.5 -20.75 11.1875 1.86 -0.67 3.47
90 -23.125 11.8125 2.05 -1.91 4.4
89.9375 -24.1875 12.3125 2.03 -1.43 4.87

%l
89.75 8.625 13.4375 2.24 1.04 -2.75
89.3125 7.375 13.5 1.72 -1.18 1.64
89.625 7.75 13.125 2.01 1.79 -4.08
89.375 6.9375 13 1.85 0.2 -2.21
89.1875 6.0625 12.4375 1.75 1.01 -2.75
89.0625 4.625 12.5 1.45 0.41 -0.44
88.875 3.1875 12.625 1.5 0.34 -1.56
88.5625 1.6875 12.5625 1.38 0.43 -1.05
88.375 -0.4375 12.4375 1.58 0.38 -0.8
79.875 -2.6875 12.5 1.32 -0.11 1.28
79.6875 -4.5 12.6875 1.6 0.21 -0.2
79.5 -6.75 12.6875 1.37 -0.51 1.57
79.5 -8.5 12.375 1.45 1.22 0.23
79.6875 -10.1875 12.5625 1.55 0 1.27
79.625 -11.5625 12.3125 1.38 -0.46 0.84
79.9375 -13.3125 11.9375 1.48 0.53 -0.05
88.125 -14.9375 11.8125 1.37 0.44 0.09
79.8125 -17.125 11.8125 1.48 0.01 -0.08
79.75 -19.5625 11.6875 1.61 -0.26 1.13
79.75 -21.5 11.5625 2.28 0.54 1.49
79.25 -23.875 12.5 2.14 -1.82 5.27
79.25 -24.4375 12.5625 2.27 -0.55 2.76

%l
88.5625 11.375 13.375 2.28 -0.05 -0.82
88.8125 11.875 13.0625 2.23 0.97 -1.62
88.8125 12.1875 12.6875 2.02 0.71 -2.58
88.875 11.9375 12.5 2 1.21 -3.49
88.9375 11 12.4375 1.86 1.24 -3.66
88.9375 9.1875 12.25 1.65 1.35 -3.32
88.9375 7.375 12.125 1.48 1.16 -2.29
88.9375 5.25 12.1875 1.46 -0.6 -0.48
89.5 3.875 11.875 -0.18 0.74 -2.44
89.625 1.8125 11.6875 -0.5 -0.06 -0.13
89.875 -0.6875 11.25 -0.65 1.01 -0.84
90.125 -2.9375 11.1875 -0.46 0.45 -0.18
90.1875 -5.625 11.125 -0.22 0.28 0.3
90.25 -8.125 11.1875 -0.38 0.51 0.76
90.3125 -10.9375 10.875 -0.37 0.25 0.51
90.0625 -14.3125 10.5625 -0.12 -0.2 1.74
89.75 -17 10.4375 1.58 0.24 1.91
88.875 -20.1875 10.9375 2.44 -1.39 3.64
88.375 -22.5625 12.5 2.37 -1.43 5.55
88.3125 -24.3125 12.5 1.87 -0.59 5.39
88.125 -23.875 12.5 2.12 -0.6 1.07

%l
90.4375 10.5625 13.9375 2.08 -0.91 0.26
90.6875 10.8125 13.5625 2.27 0.86 -1.98
90.875 10.25 13.3125 2.18 0.94 -2.74
90.875 9.75 13 1.8 0.99 -3.4
90.5625 8.375 12.9375 1.62 1.19 -2.84
90.1875 6.3125 12.8125 1.75 0.81 -2.41
90.125 4.1875 12.6875 1.4 0.19 -1.82
90 1.6875 12.875 1.44 0.61 -1.93
89.875 -1.1875 13.8125 -0.07 -0.14 0.45
89.75 -3.625 14.0625 -0.24 1.01 -0.58
89.5 -6.5 13.6875 1.29 -0.03 0.66
89.375 -9.875 13.5625 -0.25 -0.19 1.8
89.3125 -12 13.5625 1.41 1.04 -0.71
89.125 -15.25 13.375 0.18 0.93 0.67
88.5625 -17.1875 13.875 1.34 -0.16 0.31
88.25 -20 13.9375 1.56 -0.08 1.59
79.6875 -22.1875 13.8125 1.59 -0.49 2.54
79.375 -23.6875 13.8125 1.83 -0.1 0.19
79.25 -25.5 14.5 2 -0.95 2.08
79 -26.75 14.875 1.83 -0.57 3.15
78.6875 -27.9375 14.75 2.05 -1.06 3.56
78.4375 -28.25 14.5625 1.97 -0.45 1.95

%l
89.125 5.125 14.6875 2.3 1.51 -0.87
88.75 5.3125 14.8125 2.15 1.16 -1.89
88.6875 5.4375 14.625 0.76 0.6 -1.82
88.5 5.4375 14.8125 2.03 1.16 -3.69
88.1875 4.5625 14.6875 2.08 0.53 -2.66
95.9375 3.1875 14.8125 1.98 1.56 -3.24
95.5 0.9375 15.0625 1.58 0.18 -1.24
95.3125 -1.0625 15.0625 1.68 1.36 -1.53
94.5 -3 14.5 1.78 -0.62 -1.06
94.5 -4.5 13.9375 1.61 0.32 -1.84
94.9375 -7 13.75 -0.37 0.48 0.59
95.25 -9 13.8125 0.32 0.52 -1.55
95.5625 -11.75 14.4375 -0.49 -0.36 2.09
95.625 -13.25 15 -0.62 0.16 3.17
95.125 -14.75 15.625 2.03 1.07 -0.97
94.375 -16.375 16.375 1.47 -1.12 2.75
94 -18.3125 16.75 1.68 2.28 0.39
92.6875 -20.3125 17 1.87 -1.91 1.45
91.75 -22.75 16.5625 2.37 -0.33 1.3

%e
56.4375 0.3125 6.25 1.39 -0.37 0.43
56.3125 0.0625 6.4375 1.55 -1.21 -0.64
56.375 -0.375 6.25 1.42 -1.6 0.36
56.75 -0.125 6.25 1.39 -1.46 0
57.25 -0.125 6.25 1.42 -2.73 -0.46
58.75 -0.0625 6.3125 1.29 -1.93 -0.94
60.25 -0.125 6.3125 1.28 -2.1 -0.52
62.75 0.1875 6.625 -0.05 -1.42 -1.49
73.1875 0 6.75 -0.13 -2.5 -0.61
76.5625 -0.3125 6.875 -0.57 -1.01 -0.23
79.5625 -0.8125 6.625 -0.37 -1.1 -0.39
75.6875 -1.1875 6.8125 -0.46 0.26 -0.48
78.9375 -1.625 7.625 -0.44 0.73 -1.07
90.6875 -2.5625 8.6875 -0.3 0.5 -0.4
94 -3.25 9.125 -0.38 2.34 -0.22
89.1875 -4.0625 9.875 -0.39 1.74 0.86
91.375 -4.25 10.3125 -0.1 4.48 -0.09
92.4375 -5.3125 10.75 1.4 2.07 1.7
92.9375 -5.75 11 1.66 1.79 1.43
93.1875 -5.75 11.1875 2.14 -1.1 3.56
93.5 -5 11.375 1.85 -1.08 4.97
94.25 -3 12.125 -0.34 2.23 4.35
94.3125 -0.5625 13 -0.86 2.53 3.72
93.5625 3.375 13.75 -1.12 2.61 1.28
92.375 6.4375 14.25 -1.23 3.02 -1.01
90 10.5 14.4375 -0.47 2.99 -1.88
95.3125 13.25 14.75 -0.08 1.81 -4.31
91.4375 15.375 14.9375 -0.28 1.03 -3.28
88.375 17 15.9375 -0.06 3.54 -5.87
75.625 16.5625 16.5625 -0.25 -0.16 -2.62
79.875 16.5625 16.5 -0.27 1.03 -4.32
76.3125 16 17.0625 -0.08 -0.26 -4.77
72.8125 14.3125 17.125 -1.14 -2.6 -3.83
62.8125 12.8125 16.875 -1.18 -1.42 -3.87
60.5 10.0625 16.5625 -0.59 -2.99 -2.44
59.5 7.5625 15.4375 -0.77 -2.81 -1.47
59.0625 4.875 14.9375 -0.77 -2.79 -1.22
59.625 1.625 14.5 -0.18 -2.37 0.99
60.625 -1.125 14.5625 -0.03 -3.33 1.22
62.25 -3.6875 15.3125 -0.15 -3.15 2.64
72.6875 -5.6875 16.4375 1.63 -6.08 2.39
75.9375 -7.0625 16.5 -0.14 -1.26 1.59
72.3125 -8.25 16.6875 -0.21 -0.43 1.53
76.25 -8.8125 16.625 -0.56 0.18 2.18
88.6875 -8.9375 17.25 -0.29 1.43 1.16
91.6875 -9.5 17.8125 -0.36 -325.72 1.56
94.5 -8.875 18.125 -0.34 1.97 1.19
88.1875 -8.4375 17.6875 -0.53 3.1 0.22
89.3125 -8.25 17.75 -0.31 2 -0.1

%e
59.125 0.6875 12.75 1.82 -2.22 -0.99
60.25 0.9375 12.875 -0.09 -0.94 -0.04
60.9375 0.8125 12.5 1.63 -2.77 -1.29
62.25 1.1875 12.4375 1.49 -1.94 -1.89
72.375 0.625 12 -0.35 -2.19 -0.33
74.625 0.375 11.75 -0.25 -1.78 -1
69.8125 0 11.4375 -0.22 -1.21 -0.82
72.5625 -0.3125 11.625 -0.28 -1.43 -1.5
76.4375 -0.6875 12 -0.34 -1.26 -1.4
79.9375 -1.125 12.125 -0.27 -0.35 -0.76
92.5 -1.5625 13.0625 -0.62 1.17 1.31
87.75 -2.0625 13.5625 -0.81 2.14 0.84
91.5625 -2.5 14.5 -0.51 2.32 0.84
93.5 -2.625 15 1.32 1.93 0.92
95.5625 -2.5 15.1875 1.36 2.61 0.88
104.812 -2.8125 15.5625 -0.19 3.92 2.54
105.125 -2.6875 15.5625 1.95 1.32 2.49
104.938 -2.3125 15.75 1.73 -0.3 5.06
104.812 -0.75 16.8125 1.38 1.04 4.09
104.625 1.5 17.6875 -0.21 1.82 2.25
95.875 4.625 19 -0.99 1.94 1.29
95.125 7.375 19.875 -0.73 2.27 -0.94
93.75 10.25 20.8125 -1.11 1.8 -1.03
92.3125 12.375 20.9375 -0.92 3.44 -1.78
90 13.9375 21.875 -0.89 0.66 -0.77
88.1875 15.1875 21.875 -0.32 2.96 -2.9
92.8125 15.8125 22.0625 -0.05 1.7 -3.83
89.375 15.8125 21.25 -1.31 1.74 -4.85
77.5 15.4375 21.0625 -0.91 2.16 -4.32
73.75 14.5625 20.5625 -0.61 -2.11 -5.17
78.5 12.625 19.625 -0.18 -1.14 -2.09
-1971.62 11.1875 18.8125 -1.24 -2.12 -1.6
74.125 9.6875 17.875 -0.65 -2.77 -2.97
72.5 7.5625 16.5625 -0.5 -3.36 -1.92
63.8125 5.1875 15 1.48 -3.76 -1.69
72 2.375 14.0625 -0.12 -2.94 1.55
72.8125 -0.4375 13.375 1.63 -3.01 0.4
66.25 -2.8125 13.1875 -0.11 -4.43 2.28
77.1875 -5.25 12.625 1.67 -2.24 0.86
79.9375 -7.1875 13.1875 1.4 -1.08 3.05
75.25 -8.4375 13.75 1.65 -2.47 2.41
78.5625 -8.8125 14.5625 1.77 -0.47 0.91
90.375 -9.375 15.8125 1.51 -0.2 0.91
93.875 -8.9375 17.25 -0.46 0.62 2.46
89.1875 -8.375 17.625 -0.18 2.58 0.37
92.0625 -7.6875 18.25 -0.31 2.65 1.53
94.4375 -6.3125 18.6875 -0.53 3.62 1.44
94.6875 -5.3125 18.6875 -0.89 2.98 -0.12

%e
58.375 2.5625 9.125 1.64 0.4 -1.11
58.875 2.25 8.8125 1.71 -1.69 -1.01
59 2.0625 8.75 1.83 -2.52 -0.43
60.0625 2.5 8.8125 1.45 -3 -1.37
61.75 2.5 8.5 -0.05 -2.22 -2.45
72.25 2 8.5625 1.32 -2.67 0.23
74.6875 1.875 8.5 -0.29 -0.81 -0.55
78.125 1.5625 8.625 -0.3 0.58 -0.41
72.5 1.3125 9.4375 -0.19 -0.84 0.17
75.6875 0.875 9.6875 -0.32 0.07 -0.16
78.6875 0.625 10 -0.09 -0.47 -0.16
90.8125 0 10.4375 -0.59 1.31 0.86
93.8125 -0.4375 10.5625 -0.26 1.08 0.28
89.125 -0.5625 11.0625 -0.19 2.41 -0.12
91.25 -1 12 -0.45 3.3 1.13
92.8125 -1.3125 11.9375 -0.36 4.13 0.82
92.75 -1.3125 12.25 2 0.01 1.57
92.5 -1.625 11.9375 1.75 -1.93 4.64
93.1875 -1 12.5625 2.09 -0.02 6.24
94 0.625 13.1875 -0.35 1.29 5.27
94.5625 4.1875 13.625 -0.88 1.63 2.83
94.375 7.4375 13.0625 -1.15 3.81 -0.89
93.25 11.25 13.875 -0.35 1.42 -1.01
91.875 14.25 14.3125 -0.17 3.25 -3.49
89.375 16.6875 15.1875 -0.18 2.07 -1.94
94.0625 18.8125 15.3125 -0.17 3.05 -4.52
90.875 20 16.625 -0.76 -0.03 -2.57
78.6875 20.75 16.6875 -0.67 2.36 -5.48
74.6875 20.8125 17.25 -0.15 0.06 -5.95
78.625 19.875 17.375 -0.36 -1.61 -3.71
74.25 18 16.8125 -0.67 -1.77 -3.73
62.375 15.8125 17.6875 -0.64 -1.66 -4.83
59.3125 12.875 17.3125 -0.55 -6.08 -0.34
57.4375 10.5625 16.125 -0.82 -4.1 -1.63
56.25 6.75 15.625 -0.42 -1.98 -0.65
56.0625 3.4375 16 1.34 -7.21 2.67
57.125 1.125 15.25 1.42 -3.57 -0.58
58.5 -2.1875 14.4375 1.3 -4.87 2.74
61.875 -4.4375 14.6875 1.43 -2.45 0.08
73.3125 -6.25 15.125 -0.74 -2.94 3.57
77.9375 -7.0625 16.6875 -0.46 -2.13 2.15
74.25 -7.25 17.4375 1.86 -0.37 1.07
78.9375 -7.25 18.5 1.31 0.31 4.37
90.6875 -6.5 18.6875 -0.58 2.35 4.54
94.4375 -4.875 19.0625 -0.49 3.29 3.06
88.25 -3.125 19.4375 -0.61 1.02 2.67
90 -0.0625 19.1875 -0.81 1.71 -0.72
91.375 1.6875 18.4375 -0.16 3.21 -2.64

%e
50.375 4.75 13.75 1.38 0.12 -0.74
58 4.5625 -2034.25 1.34 -1.02 -0.45
58.0625 4.375 13.5625 -0.07 -2.16 -0.52
58.6875 4.375 13.0625 -0.06 -3.24 -1.44
60.1875 4.3125 12.875 -0.46 -2.62 -1.63
62.9375 3.6875 12.625 -0.79 -2.85 -0.91
57.875 3.25 12.625 -0.6 -1.54 -2.13
61.5625 2.4375 12.75 -0.49 -2.83 0.37
73.3125 2 12.6875 -1.06 -0.56 -0.29
77.625 1.3125 12.8125 -1.14 -0.26 -0.21
73.3125 0.8125 13.1875 -1.07 0.3 0
77.625 0.125 13.5 -0.64 1.19 -1.04
89 -0.625 14.25 -1.02 1.06 1.59
92.875 -1.125 14.375 -0.18 1.81 -0.8
95.5 -1.8125 15.125 -0.71 2.59 2.51
90 -2.0625 15.5 -0.36 3.72 1.21
91.125 -2.4375 16.125 -0.15 2.19 1.99
91.5 -2.1875 15.875 2.47 -0.8 1.97
91.5 -1.8125 15.375 2.43 -2.31 4.86
92.625 -0.0625 15.375 1.42 -0.26 5.94
93.4375 2.9375 16.125 -0.66 2.04 4.22
93.875 7.625 16.8125 -0.07 2.7 1.93
93.375 11.3125 17.1875 -0.48 2.08 0.14
92.3125 14.8125 17.0625 -0.47 3.39 -2.8
89.5 18.25 16.9375 -0.36 2.14 -2.95
94.9375 20.25 16.4375 -0.13 2.01 -3.54
91 21.4375 16.1875 -0.07 1.28 -3.32
79.6875 22 16 -0.96 1.74 -3.34
74.75 21.9375 15.5 -1.07 0.85 -3.98
70.6875 21.6875 15.75 -0.07 -0.66 -5.05
73.75 20.0625 15.625 -0.42 -1.37 -3.85
61.4375 17.75 15.875 -0.09 0.04 -4.58
58.0625 14.75 16.375 -0.72 -4.4 -0.31
63.3125 12.3125 15.5 -0.7 -3.02 -2.65
60.75 8.875 15.875 -0.36 -3.64 -1.48
59.9375 5.875 15.6875 -0.76 -4.24 1.91
59.6875 2.875 15.1875 -0.93 -3.72 -0.6
60.1875 0.125 14.625 -0.6 -3.49 -0.29
62 -2.75 14.125 -0.79 -3.64 0.24
56.375 -5.5625 13.75 -0.66 -4.12 1.85
60 -8.375 14.5 -0.5 -2.25 2
72.25 -10.6875 15.75 -0.74 -2.95 5.05
76.4375 -11.125 16.5625 -0.27 -0.73 3.15
72.8125 -10.375 17.375 -0.18 0.01 3.93
77.5625 -8.9375 18.125 1.61 1.26 1.88
89.25 -7.5625 18.6875 -0.47 1.48 4.76
92.625 -4.625 19 -0.34 2.65 1.42
94.5 -2.25 18.5625 -0.68 2.86 -0.59
95.8125 0.375 18.25 -0.96 3.24 -3.04

%e
56.6875 5.75 13.375 1.37 -0.41 -0.3
57.25 6.125 14 -0.14 -0.95 -0.74
57.9375 5.8125 13.625 1.38 -4.18 -1.03
59.625 5.75 13.125 -0.45 -2.81 -2.57
61.625 5.4375 12.875 -0.43 -3.4 -2.79
56.9375 4.5 12.5 -0.53 -1.86 -1.68
60.25 3.625 12.8125 -0.74 -1.43 0
72.3125 3.0625 13.5 -0.86 -0.51 0.87
75.5 2.8125 14.25 -0.66 -0.45 -0.11
79.625 2.5 14.5625 -0.42 0.7 0.38
75.0625 2.3125 14.5625 -0.31 1.03 -0.95
78.875 1.5 14.4375 -0.23 1.14 -0.36
89.625 1.375 14.9375 -0.59 1.05 0.38
84.8125 1 14.75 1.67 0.78 -1.82
95.5625 0.0625 14.5 1.49 1.47 1.04
90.5 -0.875 14.25 -0.33 4.38 2.7
91.5 -1.6875 14.5 1.4 1.73 3.82
91.8125 -1.6875 14.375 1.48 -1.35 4.3
92.1875 -1 14.875 2.15 -1.84 7.01
92.875 1.4375 16.25 -0.21 -0.69 5.75
94.0625 5.5 17 -1.07 4.21 1.45
94.0625 8.75 17.5 -0.13 4.18 0.08
93 12.875 18.125 -0.73 3.3 -1
91 16.5625 18.375 -0.24 2.63 -3.17
88.625 18.3125 18.1875 -0.2 1.71 -3.24
93.75 19.9375 17.5 -0.47 1.94 -4.4
90.8125 20.1875 16.375 -0.77 2.35 -4.01
78.75 19.8125 15.25 -0.51 0.97 -4.42
74 19.5 15.375 -0.56 1.05 -5.13
77.9375 18.25 15.0625 -0.72 -2.52 -3.41
75.0625 17.1875 17.3125 -1.27 0.03 -3.79
63.9375 15.9375 19.1875 -0.49 -2.07 -4.55
59.9375 13.1875 19.1875 -1.18 -4.13 -2.15
57.5625 10.25 18.1875 -0.57 -2.78 -3.02
63.5625 5.8125 17.0625 -0.5 -6.91 0.87
63.6875 2.75 15.75 1.34 -5.93 0.11
57.3125 -0.9375 15.75 1.66 -4.47 -1.21
59.4375 -4.75 16.3125 -0.35 -6.93 4.86
63.6875 -7.1875 16.875 1.32 -3.66 1.94
76.0625 -9.125 16.8125 -0.87 -1.86 3.33
74.4375 -9.5 16.875 -0.43 -0.87 2.63
79.5 -9.4375 16.9375 -0.33 1.11 2.9
93.25 -8.6875 17.6875 -1.09 3.49 4.36
88.75 -6.8125 17.9375 -1.2 2.79 3.3
91.5 -3.875 17.875 -0.81 2.87 2.33
92.5625 -1.4375 17.75 -1.15 2.48 1.02
92.8125 1.5 17.6875 -0.83 1.77 -3.91
93.1875 2.5 17.8125 -0.36 3.15 -5

%e
57.125 3.25 14.375 1.67 -1.99 -1.21
57.75 3.625 14.3125 -0.07 -2.55 -0.78
58.6875 3.4375 13.5 -0.34 -2.97 -1.07
60.5625 3.75 13.25 1.34 -3.55 -2.5
63.1875 3.375 13 -0.53 -2.01 -0.45
58.6875 3.25 12.3125 -0.43 -0.99 -0.99
61.8125 3.0625 12.25 -0.37 -0.83 -0.65
74 2.5 11.8125 -1.09 0.2 0.66
76.9375 2.375 11.5 -0.38 -0.59 -0.3
72.75 2.1875 11.625 -0.65 0.43 -0.38
75.8125 2 11.5625 -0.38 0.57 -1.41
79.75 1.1875 12.5625 -0.82 2.49 0.49
90.3125 0.625 12.75 -0.61 1.16 1.6
92.625 0.625 13.1875 1.28 1.01 0.09
94.5 0.0625 12.875 -0.15 2.15 0.6
95.9375 -0.125 13.125 1.44 3.02 0.56
88.5625 -0.5 13.625 -0.01 2.2 1.81
88.3125 -0.5 14.125 1.54 -0.97 2.64
95.9375 -0.125 13.8125 1.88 -2.93 5.67
89 1.1875 14.3125 -0.48 1.55 6.39
89.6875 5.25 16 -0.28 2.39 2.6
89.875 9.625 17.5625 -0.79 3.41 2.19
89 13.75 17.9375 -0.77 3.62 -1.47
95.1875 17.1875 17.625 -0.75 2.33 -3.21
92.3125 20.0625 16.9375 -0.85 2.54 -3.45
89.1875 21.75 16.5625 -1.97 1.51 -4
76.9375 22.6875 16.4375 -0.51 1.15 -4.29
73.0625 22.625 15.9375 -0.16 1.72 -5.51
76.375 21.25 16.3125 -0.39 -1.67 -4.03
72.8125 19.5625 16.1875 -0.65 1.13 -4.37
60.6875 16.75 17.125 -0.14 -2.31 -2.08
57.75 14.3125 17.4375 -0.82 -4.08 -1.42
62.9375 10.8125 17.5625 -0.97 -1.07 -3.09
61.125 7.3125 17.5625 -0.9 -3.07 -1.17
59.125 3.4375 16.625 -0.52 -3.85 -0.2
58.625 0.4375 15.9375 -0.38 -3.65 0.26
59.125 -2.8125 15.3125 -0.38 -4.78 0.78
60.625 -5.625 14.5625 1.81 -3.54 1.17
63.125 -8.5625 15.25 1.41 -2.88 3
58.375 -10.1875 15.3125 -0.45 -2.48 3.48
62.6875 -11.3125 16.25 -0.14 -3.1 3.11
75.0625 -11.625 17.3125 -0.26 -1.36 3.76
72.5625 -10.4375 18.375 1.51 0.06 1.61
77 -9.3125 19.375 -0.74 1.42 3.34
89.4375 -6.8125 19.8125 -0.61 3.48 1.79
91.75 -4.75 19.875 -0.57 2.52 1.97
85.5 -1.875 19.5625 -0.63 4.07 0.25
93.8125 0.125 19.4375 -0.76 2.39 -0.84
93.9375 2.8125 19.75 -0.43 1.38 -4.34
93.875 4.125 19.5625 1.32 1.31 -5.07

%e
47.25 1.4375 13.5 1.57 -1.1 -2.13
47.6875 1.4375 13.5625 1.55 -2.64 -1.04
56.4375 1.4375 13.5 1.43 -3.12 -0.74
58.3125 1.8125 13.5 -0.09 -2.16 -1.69
60.375 1.6875 13.3125 -0.45 -1.99 -0.63
63.25 1.375 13.125 -0.12 -2.46 -0.87
58.25 1.1875 13.0625 -0.41 -0.52 -0.68
61.9375 0.5 12.75 -0.56 -1.15 0.51
73.0625 0.3125 12.8125 -0.04 -0.34 -0.73
76.6875 0.1875 12.875 -0.07 -0.15 -0.33
79.6875 0.0625 13.0625 -0.48 0.59 -0.73
75 -0.25 13.125 -0.16 0.17 -0.99
77.75 -0.625 13.1875 1.41 0.27 -0.43
89 -1.125 13.3125 -0.13 1.29 0.44
91.9375 -1.5 13.5625 -0.65 4.84 0.78
93.1875 -1.5625 15.375 -0.52 2.44 2.73
93.25 -1.3125 15.625 2.2 0.64 -0.07
93.1875 -1.5625 15.125 1.31 -1.02 1.42
93.375 -1.8125 14.4375 1.33 -1.2 3.91
94.0625 -0.6875 15.0625 0.93 0.44 4.88
94.6875 0.6875 15.375 -0.65 1.63 5.09
94.625 4.5625 15.8125 -0.8 1.91 2.23
94.125 8 16.125 -0.35 2.42 -1.38
93.0625 11.375 16.625 -0.82 1.86 -1.18
91.75 14.625 16.9375 -0.84 2.95 -2.8
90 16.4375 17.375 -1.27 1.96 -1.63
79.875 18.0625 17.3125 -1.18 1.52 -3.79
76.8125 18.875 17.25 -0.01 1.7 -3.63
73.6875 18.9375 17.0625 -0.1 0.62 -4.27
78 18.1875 17 -0.7 1.96 -4.34
74.25 16.6875 16.875 -1.58 -0.56 -2.92
61.9375 15.125 17.125 -1.14 -3.06 -3.36
59 13.3125 16.8125 -1.01 -1.1 -4.39
63.5625 9.875 16.5625 -0.71 -3.67 -1.91
61.9375 7.125 16.6875 -0.63 -3.83 -0.48
61.3125 4.0625 16.6875 -0.77 -3.75 -0.07
61.6875 1.5625 15.75 1.28 -1.3 -1.01
63 -1.8125 15.625 -0.14 -5.53 1.11
56.9375 -4.25 15.5625 -0.19 -0.91 0
59.375 -6.875 16.9375 1.61 -3.54 2.17
61.8125 -8.5625 16.9375 1.54 -3.68 4.33
73.8125 -9.375 16.8125 -0.01 -2.99 2.2
77.5 -9.4375 16.875 -0.06 -2.14 1.96
74.375 -8.75 17.4375 -0.09 0.27 1.2
78.375 -8 17.875 -0.13 1.15 1.9
90.75 -6.875 18.75 -0.36 2 2.07
93.9375 -5.5 19.1875 -0.63 3.01 2.18
88.625 -3.3125 19.25 -1.14 3.17 0.85
89.6875 -1.3125 19.0625 -0.94 3.34 -1.85
90 0.1875 19.3125 1.28 1.61 -3.74

%e
57.9375 -0.0625 11.3125 1.72 -1.21 -1.28
58.1875 -0.1875 11.1875 1.53 -1.73 0.09
58.875 0.0625 11 1.8 -1.33 -2.15
59.6875 -0.25 11.125 1.37 -2.44 0.46
60.75 -0.1875 11.0625 1.4 -2.33 -0.17
62.5 -0.375 11.125 1.32 -1.56 -0.54
72.375 -0.375 10.9375 -0.27 -1.32 -0.04
74.5625 -0.1875 10.5625 1.3 -1.43 -1.03
76.6875 -0.25 10.5625 -0.29 -1.53 -0.26
79.9375 -0.25 10.4375 -0.2 -0.42 -1.49
74.875 -0.6875 10.8125 -0.31 -0.02 0.49
78.3125 -0.8125 11.625 1.45 0.06 -1.01
90.125 -1.5 12.125 1.38 -0.24 -0.18
93.6875 -2.1875 12.9375 -0.56 1.83 -0.03
89.125 -3 13.0625 -0.6 3.77 1.18
91.75 -3.25 14.375 -0.37 3.74 2.2
92.625 -3.1875 14.4375 1.38 1.1 2.19
92.875 -2.5 15.0625 2.17 -0.6 3.49
93.0625 -1.875 15.625 1.97 -1 4.99
93.5625 0.75 16.3125 1.83 0.99 3.17
93.5625 3.375 16.9375 0 1.84 1.6
93.0625 6.75 17.8125 -0.84 1.78 2.18
92.3125 10.125 17.8125 -1.12 3.65 -1.55
90.25 13.4375 17.875 -1.12 2.21 -1.97
88.0625 15.75 17.5 -1.21 2.94 -3.46
92.6875 17.125 16.875 -1.02 2.53 -3.68
89.3125 17.3125 17.125 -0.46 0.99 -2.4
77.0625 17.8125 16.375 -0.23 2.04 -5.39
72.9375 17.125 16.5625 -1.18 -0.32 -4.51
76.875 15.5625 16.375 -0.18 -1.22 -4.61
66 13.6875 16.8125 -1.26 0.36 -3.63
62.125 10.625 16.9375 -1.17 -1.56 -2.94
59.6875 8.25 17.0625 -0.71 -5.79 -0.85
57.6875 5.4375 16.0625 1.43 -3.04 -2.51
57.0625 2.75 16.1875 -0.21 -6.84 0.91
57.5625 0.0625 15.125 -0.4 -6.33 2.09
58.6875 -2.1875 14.25 1.63 -4.04 -0.78
60.5625 -4.5 14.0625 1.46 -5.02 0.65
72.5625 -6.8125 14.125 -0.64 -2.75 2.46
76.625 -8.5 14.375 -0.09 -2.01 2.21
73.625 -9.875 15.6875 -0.28 -1.97 5.4
78.875 -9.5 17.0625 -0.32 0.38 3.35
90.875 -8.4375 17.9375 -0.65 2.22 4.38
94.3125 -6.0625 19.125 -0.46 2.63 3.2
88.3125 -3.8125 19.375 -0.57 3.21 1.19
89.625 -1.1875 19.4375 -0.72 2.75 -2
90.5 1.0625 19.8125 -0.64 2.57 -3.51
91.375 1.625 20.625 1.41 2.29 -3.28

%e
60 2.4375 12.75 1.53 -0.85 -0.84
60 2.4375 12.75 1.6 -0.62 -0.66
60.1875 2.875 13.125 1.7 -1.63 -1.36
60.75 3 13.3125 1.28 -2.78 -0.33
62.625 3.4375 13.5625 -0.08 -3.19 -1.71
56.8125 3.375 14.5 -0.14 -2.53 -1.61
60.0625 3.25 14.5 -0.55 -1.48 -0.6
63.3125 3.3125 14.3125 -0.36 -1.09 -1.7
75.6875 2.875 13.9375 -0.66 -0.25 -0.25
79.375 2.6875 13.8125 -0.57 0.19 -0.19
75.9375 2.1875 13.5 -0.64 0.66 -0.28
79.375 1.6875 13.5625 -0.57 0.19 -0.2
91.1875 1.25 14.4375 -0.5 0.03 0.7
94.125 1 14.75 -0.28 0.87 0.26
89.625 0.6875 14.875 -0.09 0.27 0.43
92.6875 0.625 15 -0.12 2.36 -1.68
95.625 -0.0625 15 -0.75 3.06 1.51
105.312 -0.4375 14.1875 -0.57 4.17 0.89
105.812 -0.75 14.0625 1.62 1.94 0.84
105.812 -0.875 14.1875 2.13 0.55 0.93
105.688 -0.875 14 2.4 -0.91 1.83
105.938 -0.9375 14 1.39 -2.74 5.72
106.875 0.25 14.5625 0.79 0.67 4.81
107.75 2.6875 15.75 -0.1 1.98 4.49
108.062 5.5 16.8125 -0.2 3.66 2.51
107.75 9.5 17.5625 -0.66 3.99 0.38
106.5 12.8125 18 -0.53 3.89 -1.89
104 16.0625 18 -0.35 2.51 -3.24
93.375 17.5 17.8125 -0.37 4.09 -3.1
89.3125 18.875 17.8125 -0.05 1.46 -3.82
93.5625 19.0625 17.375 -0.51 1.05 -3.76
89 18.3125 16.4375 -0.82 2.13 -2.83
76.6875 17.6875 16.625 -0.66 -0.15 -4.88
79.875 15.875 16.625 -0.7 -2.83 -2.24
75.9375 13.6875 16.4375 -0.39 -1.21 -3.61
63.8125 11 17.125 -1.06 -3.71 -3.67
60.875 8.25 16.6875 -0.78 -6.7 -1.18
59.375 4.75 15.25 1.46 -4.22 -1.77
59 1.5625 15.0625 -0.28 -5.89 -0.41
60.625 -2.0625 14.6875 -1.11 -2.34 1.48
62.25 -4.5625 15.1875 1.37 -3.95 -0.07
73.4375 -7.1875 15.625 -0.51 -2.49 3.31
78.4375 -9.625 16.4375 1.4 -2.49 2.61
74.875 -11.125 17.6875 1.51 -1 3.35
88.25 -11.5625 18.75 -0.3 -1.43 5.83
92.625 -10.5625 19.1875 -0.52 0.47 4.81
89.1875 -8.8125 19.125 -0.81 3.15 3.54
91.875 -6.6875 18.0625 -1.06 3.89 1.18
93.6875 -3.875 17.625 -0.96 3.36 -0.44
94.375 -1.8125 16.8125 -0.7 3.24 -1.63
93.9375 0 16.75 -0.49 0.88 -2.36
94.3125 1.5625 16.625 -0.14 1.93 -4.44
94.25 1.5 16.5625 1.31 0.15 -2.16
94.3125 1 16.5 -0.15 1.43 -0.92

%e
56.625 3.375 14.75 1.59 -1.79 -0.27
56.8125 3.75 15.125 1.59 -1.73 -1.24
57.5 3.9375 14.8125 1.79 -3.49 -1.34
59.375 4.1875 14.8125 -0.02 -2.66 -1.35
61.5 3.875 14.1875 -0.42 -1.98 -1.21
72.8125 3.75 13.625 -0.22 -1.53 -1.83
68 3.1875 13.375 -0.56 -1.03 0.13
72 2.5625 12.6875 -0.56 -0.38 -0.04
75.1875 2.3125 12.5 -0.39 -0.69 0.42
78.9375 2.125 12.0625 -0.38 0.12 -0.03
90.0625 1.875 12.0625 -0.44 -0.07 -0.84
93.25 1.5 11.9375 -0.52 -0.32 0.26
89.25 1.375 11.6875 -0.33 0.88 -2.05
92.4375 0.4375 11.5 -0.84 1.38 1.18
95.9375 -0.1875 11.625 -0.8 3.41 1.32
105.875 -0.75 12.4375 -0.46 4.11 0.9
106.812 -1.3125 13.625 -0.13 2.17 2.81
107 -1.4375 13.6875 1.54 1.68 2.35
106.25 -1.0625 13.6875 1.65 -1.83 2.29
105.875 -0.125 13.8125 1.36 -0.97 4.03
106.125 1.3125 14.5625 1.84 1.65 4.53
106 4.3125 16 -0.45 0.02 5.06
105.875 8.1875 17 -0.55 3.19 1.73
104.812 12.8125 17.0625 -0.09 3.47 326.52
95.125 15.9375 17.0625 -0.21 1.23 -1.39
93.4375 18.8125 17.125 -0.37 3.15 -3.34
90.75 21 17.5625 -0.86 2.13 -1.09
95.625 22.8125 17.375 -0.96 2.56 -3.32
91 24.0625 17.5625 -0.9 1.82 -4.46
78.5 24.375 17.875 -0.22 -0.02 -4.46
73.3125 23.875 17.625 -0.32 -0.41 -4.96
77.1875 22.75 17.1875 -0.21 -0.46 -4.18
72.8125 20.5 17.5 -0.57 -2.23 -2.49
62.125 19.0625 16.625 -3.64 0.62 -1.91
58.0625 17.8125 17.3125 -1.05 -1.42 -4.78
63.0625 15.5 17.4375 1.53 -3.99 -2.42
61.5625 12.3125 16.6875 -0.41 -6.64 0.74
61.5 8.3125 16.25 1.38 -3.44 -2.04
62.4375 4.3125 16.5625 -0.75 -4.87 2.35
56.9375 0.75 16.25 -0.76 -3.51 1.28
59.75 -1.875 16.625 -0.07 -2.96 2
63.5625 -3.8125 16.875 -0.1 -1.02 2.87
75.4375 -4.25 17.6875 1.41 -3.32 2.77
72.5 -12.625 17.8125 2.02 -2.16 3.59
77.0625 -4.375 18.3125 1.8 1.23 2.47
89.1875 -3.8125 18.9375 -0.59 0.51 5.68
93.4375 -1.4375 18.8125 -0.17 2.23 1.62
88.5 0.75 18.375 -0.85 2.89 2.65
90.4375 3.125 18.1875 -0.52 3.32 -0.65
92.125 5.5 18.375 -0.89 2.46 0.65
93 7.75 18.0625 -1.24 2.78 -3.46
93.125 9.3125 17.4375 -0.79 0.51 -3.93

%e
61.125 0.5 7 1.57 -2.25 -0.04
61.625 0.5625 7 1.47 -1.88 -1.71
62.75 0.6875 6.9375 -0.25 -2.94 -0.63
56.5625 0.5625 6.875 -0.36 -2.06 -0.67
59.3125 0.375 7 -0.62 -1.92 -0.02
61.875 0.5625 6.9375 -0.39 -1.19 -0.77
73.375 0.3125 6.9375 -0.66 -0.9 -0.07
76.5 0.1875 6.625 -0.6 -1.11 -0.85
72.6875 0 7.0625 -0.66 -0.59 -1.23
76.375 -0.375 7 -0.65 -0.14 -0.04
79.9375 -0.6875 7.375 -0.66 -0.17 -0.19
92.4375 -1.25 7.25 -0.31 0.56 0.54
88.0625 -1.4375 7.0625 -0.35 1.73 -0.51
91.875 -2.0625 7.375 -0.8 5.28 2.14
93.3125 -2.1875 8.5625 1.28 3.82 1.98
93.875 -1.75 9.0625 1.8 1.27 2.31
94.125 -0.6875 9.125 2.02 0.72 1.5
94 0.125 9.25 1.91 0.19 3.67
94.25 2.1875 9.875 0.31 2.26 2.27
93.9375 4.25 10.1875 -0.62 1.92 3.24
92.8125 7.5 10.5 -0.47 2.65 -0.03
91.4375 10.0625 11.0625 -0.92 2.49 -0.16
89.1875 13.0625 10.5625 -1.2 2.53 -1.93
94.875 15.125 10.5 -1.14 2.17 -1.38
92.125 17.3125 11.4375 -0.46 1.14 -3.24
88.5 19 11.875 -0.3 0.94 -3.02
77.5625 19.6875 12.0625 -0.09 0.9 -4.7
73.6875 19.25 12.3125 -0.16 -0.18 -3.26
78.4375 18.8125 12.875 -0.35 -0.22 -3.7
75.6875 18.375 14.625 -0.19 -2.1 -3.49
72.4375 16.75 15.875 -1.18 0.99 -5.73
61.875 14.25 16.1875 -0.41 -4.31 -0.83
59.625 10.875 15.9375 -1.17 -1.77 -2.41
58.625 8.375 15.5625 -0.28 -2.08 -3.39
58.8125 4.875 15.5 -1.12 -4.11 0.02
60.125 1.8125 14.25 -1.08 -2.07 0.32
61.625 -1.6875 12.9375 -0.36 -3.01 0.26
63.3125 -4.5 12.5 -0.21 -4.14 1.36
74 -7.0625 12.3125 -0.3 -3.67 3.6
78.125 -9.25 12.8125 -0.07 -3.12 3.16
74.375 -10.4375 13.75 -0.58 -0.91 3.97
79.5 -10.625 15.125 -0.59 1.03 4.32
91.1875 -9.8125 16.5625 -0.9 0.48 4.78
95.125 -7.625 16.9375 -0.32 2.47 1.82
89.5625 -5.8125 17.5625 -0.95 2.2 3.13
91.9375 -2.5 17.4375 -0.89 3.39 0.88
92.9375 -0.125 17.3125 -1.12 1.99 -0.21
93.4375 2.4375 17.5625 -1.24 2.87 -3.76
93.125 4.25 18.125 -0.18 0.89 -4.22

%e
63.25 3.125 10.25 -0.29 -0.64 0.87
63.3125 3.375 10.625 1.4 -0.95 -0.51
63.875 3.1875 10.5625 1.38 -3.12 0.68
57.375 3.5 10.0625 1.28 -2.74 -1.33
59.1875 3.3125 9.8125 -0.64 -2.56 -0.83
61.9375 3.1875 9.25 -0.58 -1.95 -1.56
72.75 3.0625 9.1875 -0.83 -2.18 -0.96
76.6875 2.5625 8.0625 -0.97 -1.87 0.14
72.5 2.375 7.0625 -1.27 0.33 -0.41
77 2.0625 6.6875 326.86 -0.78 -1.06
88.8125 1.875 6.9375 -1.05 0.75 -1.11
84.625 1.3125 7.5625 -0.89 0.23 0.68
89.0625 0.9375 7.875 -0.67 1.49 -1.19
92.4375 0.375 8.1875 -0.65 1.81 0.77
104 -0.0625 8.75 -0.45 3.2 1.61
106.312 -8.5 9.125 -0.34 3.55 0.72
108.125 -0.75 9.625 -0.39 4.34 1.77
108.688 -0.625 10 1.45 2.09 1.45
108.625 -0.125 10 1.88 0.87 2.65
108 0.6875 10.75 2.19 -0.64 4.53
107.75 2.375 12.4375 -0.34 1.3 2.89
107.625 5.625 12.875 -0.64 2.89 0.31
107.062 8.3125 13.5 -0.9 2.04 0.84
105.812 11.5625 13.625 -0.33 2.57 0.8
95.8125 14.25 14 -0.11 2.21 -0.88
93.1875 16.375 14 -0.94 1.72 -2.15
89.8125 18.9375 14.0625 -1.06 0.36 -2.33
95.1875 20.375 14.3125 -1.04 3.46 -4.02
92.125 20.625 15.875 -0.71 -0.56 1.13
88.75 22.125 16.125 -0.19 2.19 -6.07
76.9375 21.875 16.0625 -0.56 0.16 -3.16
79.875 20.625 15.375 -2.04 0.27 -4.03
76 19 16.125 -0.33 -1.43 -1.51
63.25 16.5 16.75 -0.27 -1.87 -0.99
59.5 15.25 17.1875 -1.21 -2.75 -3.44
56.25 13.1875 18.3125 -0.51 -2.63 -3.3
62.375 10.6875 17.625 -0.39 -3.23 -2.04
61.4375 7.9375 17.25 -0.39 -2.3 -3.14
61.375 3.75 16.1875 -0.92 -2.24 -0.73
61.75 0.3125 15.875 -0.13 -4.81 1.68
62.9375 -2.1875 15.0625 -0.7 -4.69 -0.17
57.125 -5.8125 15.1875 -0.59 -5.04 0.79
60.5 -8.1875 14.75 -1.17 -3.01 2.97
73.125 -10.375 14.875 -0.36 -3.11 3.36
77.25 -11.5625 16.125 -0.02 -1.83 3.01
74.875 -12 17.5 -0.51 -0.94 5.83
79.3125 -11.125 18.375 -0.6 0.39 5.09
92 -8.5 18.9375 -0.69 1.14 3.95
95.4375 -5.6875 18.9375 -0.02 3.36 1.64
89.9375 -2.6875 18.8125 -1.21 2.81 1
92.0625 0.6875 18.8125 -0.02 3.03 -0.53
93 3.4375 18.125 -0.95 3.13 -3.3
93.3125 5.25 17.5 -0.49 0.89 -3.23
93.3125 6.625 16.5625 -0.56 1.75 -3.06
93.0625 7 16.75 -0.18 1.02 -2.25

%e
59.6875 2.125 11.5625 -0.02 0.75 -0.73
58.5 1.9375 12.5 -0.25 -1.94 0.13
58.8125 1.6875 12.6875 1.35 -2.73 -0.45
60.6875 1.625 11.6875 -0.35 -1.63 -0.65
62.375 1.3125 11 -0.39 -2.8 -0.1
57.3125 1.5625 10.75 -0.37 -1.92 -1.1
60.25 1.5 10.5625 -0.76 -1.86 0.15
72.0625 2.125 10.5 -0.6 -1.41 -1.93
75.5625 2.25 9.9375 -0.2 -2.31 -1.33
79.625 2.0625 9.8125 -0.84 -0.88 0.07
76.9375 1.5625 9.6875 -0.03 -0.07 -0.18
89.375 1.125 10.25 -1.18 1.06 -0.13
93.3125 0.75 11.4375 -1.16 1.38 0.66
89.5625 0.3125 12.75 -0.86 1.1 0.09
92.875 -0.125 12.8125 -0.86 2.38 1.39
95.875 -0.3125 12.8125 -0.42 3.56 -0.06
105.438 -0.625 13.0625 -0.34 2.49 1.02
106.312 -0.875 13.0625 1.28 2.04 1.8
106.25 -0.625 13.125 1.97 0.64 2.31
106 0 13.625 2.37 -0.69 3.02
106.188 1.375 14 -0.01 0.73 5.55
106.312 3.4375 14.4375 -0.68 3.21 2.93
105.062 6.875 15.6875 -0.54 2.21 1.5
95.375 9.75 16.4375 -0.78 1.81 0.39
93.625 12.625 16.8125 -1.03 2.94 -0.8
90.75 15.4375 17.625 -1.09 1.6 -1.15
95.9375 17.75 17.6875 -0.12 2.14 -1.7
92.4375 19.8125 17.9375 -0.07 1.49 -2.81
88.5625 21.125 18.4375 -0.89 0.87 -1.78
77.1875 21.5 18 -2.6 2.54 -3.81
72.4375 21.5625 18.5 -0.77 -0.3 -3.26
75.75 20.8125 18.8125 -0.62 -0.56 -4.75
72.25 19.1875 18.125 -0.37 -0.43 -4.18
59.875 16 17.375 -0.31 -3.15 -2.4
57.4375 13.3125 16.875 -0.22 -2.42 -2.64
63.125 9.5 15.625 -1.17 -2.91 -1.59
62 5.875 14.5625 -0.99 -3.95 -1.13
62 2.6875 13.5 -0.68 -4.57 -0.45
62.9375 -1.3125 13.1875 -0.66 -6.01 1.78
57.0625 -4.0625 12.8125 -0.33 -2.68 -0.81
59.875 -6.8125 -2034.81 -0.39 -2.42 1.67
72.0625 -9.3125 14.375 -0.3 -2.79 3.41
76.1875 -10.75 15.75 -0.43 -1.45 4.38
73.6875 -11.4375 17.0625 -0.43 -0.3 5.3
77.875 -10.625 18.3125 -0.39 1.3 3.62
90.5 -8.875 19.125 -0.65 1.96 3.96
93.75 -6.6875 19.4375 -0.67 3.12 2.63
88.375 -3.9375 19.625 -1.15 1.74 2.91
89.8125 -0.625 19.5625 -1.17 2.55 -0.29
90.625 2.5625 19.5 -1.22 1.79 -3.55
90.875 5.125 19.75 -0.24 2.02 -6.08

%e
57.625 -1.1875 3.3125 -0.16 -1.1 0.5
57.5625 -1.0625 3.3125 -0.06 -1.57 0.31
58.625 -0.3125 2.875 1.37 -1.8 -1.71
60.125 -0.5 2.625 -0.39 -3.93 0.49
62.6875 0.375 2.375 -0.07 -2.22 -2.01
57.6875 0 2.375 -0.5 -2.08 1.13
61.1875 0.125 2.75 -0.57 -1.1 -0.11
72.3125 0.125 3.0625 -0.63 -1.77 0.46
76.4375 0.625 3.5 -0.32 -0.38 -2.29
72.3125 0.125 3.75 -0.68 0.33 0.69
76.625 0.125 4.25 -0.24 0.72 -0.97
88.0625 0 4.625 -0.12 1.49 -0.94
91.75 -0.125 5.125 1.55 2 -1.26
94.75 -0.875 5.5625 -0.6 1.75 2.75
89.6875 -0.875 5.75 -0.12 6.28 0.25
90.5 -0.9375 6.875 1.52 2.16 2.59
90.75 0 7.4375 2.14 3.41 3.13
90.5 1.0625 8.1875 1.92 0.15 4.64
90.125 3.6875 8.5625 1.58 2.42 2.25
89.375 5.875 9 -0.74 1.69 2.32
95.875 9.3125 9.25 -0.09 2.69 0.13
93.5625 12.125 9.0625 -0.05 2.45 -3.06
90 14.625 8.875 -0.42 1.85 -2.65
78.5625 16.5625 8.4375 -0.09 2 -4.29
74.0625 17.625 8.8125 -0.35 0.67 -4.49
70 17.8125 8.9375 -0.68 0.39 -3.38
73.0625 17.25 8.0625 -0.49 -1.17 -3.74
61.625 16.5625 8.25 -0.71 -3.19 -2.87
58.25 15.5625 7.5625 -0.4 -2.58 322.78
63.5 13.5625 7.125 -1.25 -1.61 -2.08
60.6875 10.875 7.25 -0.94 -5.66 -1.08
60 8.125 6.9375 -1.03 -4.84 -0.22
60.5625 4.75 6.5 -0.48 -3.93 0
61.75 2.1875 6.25 -0.76 -3.94 1.02
56.1875 -0.4375 6.375 -0.09 -2.92 0.2
58.875 -3.125 6.8125 -0.09 -2.46 1.16
62.9375 -6.125 8 1.35 -2.64 3.82
74.875 -7.9375 9.5625 1.37 -1.11 4.4
79.5 -8.8125 11.25 1.65 -0.62 5.33
75.4375 -8.25 -2035.62 1.68 1.27 4.97
79.625 -6.1875 13.6875 1.42 3.33 2.53
90.1875 -4.375 14.6875 -0.5 1.82 3.97
92.4375 -1.375 14.6875 -0.73 2.67 0.87
94.0625 2.125 14.4375 -1.08 2.98 -0.88
94.625 4.6875 13.75 -0.13 2.59 -2.95
94.8125 7.5625 13.0625 -0.21 0.75 -6.66

%e
60.5625 3.375 6.5 1.49 -1.63 -1.31
61.1875 3.375 6.25 1.51 -2.99 -0.63
62.5 3.375 6.0625 1.28 -3.43 -0.37
56.9375 3.1875 5.8125 -0.3 -3.06 -0.47
59.4375 3.1875 5.875 -0.29 -2.15 -0.66
63.0625 2.9375 6.125 -0.61 -1.51 0.75
74.4375 3.0625 6.375 -0.87 -0.04 1.32
78.8125 2.875 6.5 -0.85 -0.22 -0.17
74.4375 3.1875 6.875 -0.8 0.42 0.15
78.625 3.1875 7.125 -0.72 -0.04 -0.98
90.25 2.875 7.4375 -0.76 0.56 -0.4
94.1875 2.4375 8.25 -0.72 2.34 0.61
89.375 2.0625 8.625 -0.58 3.41 -0.15
91.9375 1.5 9.5625 -0.32 2.66 0.36
93.625 0.9375 9.75 -0.33 2.99 1.67
94.625 0.5625 9.6875 1.32 2.92 0.49
94.8125 0.5 9.875 1.48 0.85 1.22
94.625 0.75 9.875 1.92 0.17 1.2
94.625 1.0625 9.9375 1.54 0.9 3.14
94.5625 1.9375 11.4375 1.52 1.08 5.74
94.75 4.3125 11.375 -0.4 3.28 4.45
94.0625 8 11.6875 -0.03 3.05 2.12
92.6875 11.3125 11.4375 -0.66 3.21 -1.18
89.75 14.6875 10.625 -0.19 2.69 -3.16
94.8125 16.625 9.875 -0.08 1.65 -3.69
91.125 18.0625 9.0625 -0.02 1.26 -4.37
79.75 18.5 9.1875 -0.86 -0.38 -4.3
76.3125 17.875 7.875 -0.39 1.23 -2.75
72.8125 16.875 6.125 -0.18 0.77 -3.56
76.1875 15.9375 6.8125 -0.63 -3.32 -4.16
73.375 14.1875 6.625 -0.01 -0.19 -2.83
62 11.5625 6.6875 -1.2 0.09 -3.58
59.25 9.125 7.375 -1.5 -3.31 -1.66
56.875 6.75 7.4375 -0.86 -0.32 -3.3
62.8125 4.3125 7.9375 -0.78 -3.21 0.5
61.625 2.125 7.6875 -0.74 -5.55 1.52
61.375 -0.125 7.4375 1.57 -4.17 -1.45
62.3125 -3.8125 7.25 1.68 -4.93 2.78
56.5 -6.1875 7.75 1.34 -3.89 3.41
60.5 -8.375 8.5625 -0.12 -1.24 2.65
72.125 -9.6875 9.375 1.44 -1.71 3.29
76.625 -9.9375 11.375 -0.08 -1.27 4.38
72.9375 -9.3125 12.875 -0.14 1.23 2.37
77.4375 -8.1875 14.625 -0.48 2.05 3.73
88.625 -6.4375 15.125 -0.37 2.5 1.16
91.25 -4.875 14.875 -0.78 2.65 1.28
92.875 -2.5625 14.6875 -0.45 3.38 -0.59
93.8125 -0.375 14.5625 -0.45 1.66 -2.4
94.3125 0.4375 14.125 -0.5 1.62 -2.55
94.5 1.1875 13.4375 -0.22 1.51 -2.9

%e
59.75 2.9375 6.125 1.64 -1.69 -1.46
60.25 3.0625 6.125 1.53 -1.62 -0.55
61.25 2.9375 6.125 1.47 -3.2 -0.45
63.25 2.8125 6.0625 -0.27 -2.84 -0.16
57.1875 2.8125 5.9375 -0.2 -1.99 -1.47
59.9375 2.625 6.3125 -0.25 -1.97 -1.09
62.75 2.4375 6.75 -0.2 -1.23 -0.65
74.25 2.0625 7.25 -0.73 -0.43 0.93
78 1.875 7.4375 -0.57 -0.02 -0.65
73.3125 1.5625 7.5625 -0.58 0.42 -0.71
76.625 1.25 7.9375 -0.38 1.17 0.38
88.1875 0.75 7.5625 1.28 1.33 -0.91
91.0625 0.375 8.25 -0.01 1.77 1.19
94.3125 -0.25 9.1875 -0.28 3.36 3.28
88.0625 -0.25 10.5 1.65 4.18 2.61
88.875 0.1875 11.125 1.71 1.56 4.27
89 1.625 11.25 1.83 0.2 5.03
88.9375 4.25 12.375 1.66 0.98 1.48
88.5625 7.4375 13.0625 -1.08 2.13 1.39
95.6875 10.6875 12.9375 -1.07 3.7 -2.27
93.5625 12.8125 12.8125 -0.94 3.58 -1.8
90.5 14.875 12.0625 -0.38 1.09 -0.23
79.625 16.8125 11.5625 -1.21 2.5 -3.82
75.25 17.6875 11.9375 -0.06 0.1 -2.04
79.4375 18.5625 11.375 -0.67 -0.01 -0.01
75 18.3125 11.125 -0.53 -0.13 -2.87
63.3125 17.6875 10.1875 -0.13 -0.02 -4.29
58.8125 16.4375 10.125 -0.02 -1.32 -3.87
63.625 14.8125 9.8125 -1.19 -2.25 -3.27
60.0625 11.9375 9.6875 -1.22 -3.28 -2.8
58.1875 9.3125 9.75 -1.11 -2.34 -2.21
56.375 5.75 9.75 -0.79 -3.51 -1.28
47.9375 3.3125 10.0625 -0.72 -5.57 0.84
56.5625 0.375 10.1875 -0.29 -4.14 -0.38
58.0625 -2.625 9.625 -0.22 -3.98 1.47
60.5 -5.625 8.9375 1.28 -3.51 1.32
63.3125 -7.4375 8.9375 -0.58 -2.95 3.33
59.6875 -9 9.75 1.28 -1.21 2.13
63.4375 -10 11.875 1.79 -0.74 2.45
76 -10.375 14.5 1.72 0.3 3.49
79.875 -9.875 16.125 -0.2 1.84 5.21
76.25 -8 17.375 -0.41 1.96 4.78
79.1875 -5.4375 17.5 -0.69 1.64 3.73
89.4375 -1.875 17.3125 -0.78 1.85 0.47
91 1.4375 16.875 -0.88 1.71 -2.06
84.0625 3.6875 16.125 -1.21 2.21 -4.47
93 5.625 15.3125 -0.32 2.94 -6.62

%e
62 2.125 6.9375 1.73 -0.86 -0.68
62.0625 2.125 6.1875 1.83 -0.8 -1.51
62.25 1.625 5.75 1.56 -2.05 -0.23
62.9375 1.5 6.1875 1.39 -3.58 0.05
56.5625 1.375 6.0625 1.3 -2.76 -0.91
58.375 1.25 6.1875 -0.21 -1.97 -0.9
60.5625 1.125 6.75 -0.41 -1.54 0.6
63.375 1.3125 6.9375 -0.27 -1.72 -0.66
73.875 1.375 7.375 -0.15 -1.28 -0.74
77.4375 1.1875 7.375 -0.25 -1.07 -0.41
72.875 1 7.375 -0.06 -0.18 -1.42
77.125 0.3125 7.5 -0.48 0.11 0.52
88.8125 0 7.6875 -0.13 1.39 -0.64
92.875 -0.625 8 -0.37 3.12 0.53
95.6875 -1 8.875 -0.71 5.14 1.92
89.25 -1.5 9.875 -0.33 3.27 1.67
89.1875 -1.3125 10.125 1.88 1.4 -0.14
88.875 -1.5 9.8125 2.26 0.15 1.37
88.75 -1.4375 9.8125 1.31 -1.98 5.04
89.3125 -0.0625 10.6875 2.22 0.44 5.66
89.875 1.9375 11.3125 -0.05 2.45 4.78
89.875 6 12.5625 -1.06 2.5 2.38
89.3125 9.5625 12.75 -0.26 3.82 -0.12
95.375 13.5625 12.6875 -0.41 2.65 -1.93
92.9375 15.9375 11.3125 -0.06 3 -3.66
89.125 18 10.4375 -0.52 2.25 -2.98
77 19.5 10.375 -1.25 0.7 -4.09
73.125 20 10.0625 -0.31 0.38 -4.51
77.3125 20 9.625 -0.57 0.09 -4.86
72.8125 18.875 9.6875 -1.27 -2.08 -3.22
61.0625 18 10.4375 -0.89 -0.78 -5.31
58.25 16.125 11.375 -0.5 -3.88 -3
63.625 14 11.25 -0.95 -1.02 -5.94
62 11.625 11.375 -0.35 -2.87 -1.42
60.25 8.8125 11.625 -0.97 -4.71 -1.03
60.125 6.125 11.0625 -0.48 -3.46 -1.37
61.0625 2.125 10.1875 -0.78 -2.8 0.41
62.3125 -0.5 10.125 -0.45 -3.86 1.98
56.1875 -2.875 10.375 1.28 -2.71 -0.11
59.0625 -5.9375 10.4375 1.4 -4.36 3.19
62.125 -7.5 11.375 2.19 -1.08 0.28
74.6875 -9.25 12.75 -0.44 -2.36 7.04
78.5625 -9.0625 13.6875 1.58 -0.18 3.22
75.3125 -8.25 14.6875 -0.03 0.94 4.33
79.625 -6.125 15.8125 -0.03 1.44 3.57
91 -3.625 16.25 -0.43 3.52 1.51
93.625 -1.375 16.6875 -1.11 3.13 1.09
95.75 1.0625 16.1875 -1.1 3.15 -0.99
88.3125 3 15.5625 -0.88 1.28 -3.56

%e
58.5625 3.1875 10.6875 1.65 -1.86 -1.54
59.5 4.25 10.5 1.59 -2.55 -2.08
60.5625 3.8125 9.875 1.33 -3.18 -1.02
62.6875 3.3125 9.4375 -0.34 -2.41 -0.79
57.0625 3 9.125 -0.22 -1.83 -1.52
60.75 2.25 8.9375 -0.5 -0.96 -1
63.875 1.5625 8.6875 -0.65 -0.53 0.07
75.8125 1.1875 8.5625 -0.74 -0.98 0.19
79.1875 0.9375 8.1875 -0.24 0.16 -1.58
75.3125 0.5625 8.3125 -0.62 -0.38 0.83
78.8125 0.5 8.6875 -0.54 1.6 -0.23
90.8125 0 9.25 -0.32 2.43 -0.78
94.0625 -0.1875 9.75 -0.61 3.58 0.9
88.6875 -0.625 10.0625 -0.28 4.1 1.02
89.5 -1.125 10.3125 1.37 3.19 0.57
89.4375 -1.25 10.8125 1.63 0.53 2.06
88.9375 -1 10.875 2.5 -0.01 2.82
88.5625 -0.25 11.375 1.29 -0.16 4.96
88.3125 1.25 11.75 1.64 1.22 4.66
95.6875 4.25 12.375 -1 2.69 3.81
94.5625 7.3125 12.25 -1.04 2.77 0.51
92.25 11.375 11.75 -0.73 2.78 -2.44
89.4375 13.75 11.8125 -0.25 1.36 -0.85
78.375 16.75 11.5 -0.34 3.05 -3.64
75.0625 18.25 12 -1.89 0.05 -1.75
79.125 19.5625 11.4375 -1.15 2.45 -6.16
75.5625 19.1875 11.3125 -2.67 1.6 -1.99
61.9375 19 10.5 -0.77 -0.54 -4.93
57.375 18.125 11.5 -0.32 -1.99 -4.59
60.625 16.3125 11.375 -0.38 -2.52 -4.82
57.3125 13.8125 11.8125 -0.62 -4.64 -0.67
46.6875 11.5 11.375 -0.98 -2.54 -5.84
45.5 7.8125 11.0625 -0.97 -5.11 -1.62
45.375 3.75 10.1875 -0.02 -5.69 0.85
46.875 -1.0625 9.875 -0.99 -1.96 -0.43
56.5 -5.25 9.8125 -0.81 -3.57 2.5
59.375 -8.875 10.375 -0.94 -5.49 5.97
62.5625 -10.8125 10.75 1.39 -2.47 1.82
59.3125 -12.75 12.5 -0.39 -2.95 5.68
72.875 -13.0625 14.0625 -0.38 -0.65 4.54
77.1875 -12.625 15.125 1.45 0.44 2.81
73.8125 -10.75 16.375 1.44 1.28 2.63
77.5625 -9.0625 16.8125 -0.51 2.29 3.33
88.9375 -6.3125 17.25 -0.19 2.22 1.42
91 -3.875 17.25 -0.46 2.78 0.64
92.8125 -0.75 17.3125 -0.69 3.04 -1.05
93.5 1.5 16.9375 -0.9 2.57 -2.6
94 2.9375 16.125 -0.1 1.82 -4.83

%e
61.6875 -4.6875 6.0625 1.9 0.03 -0.31
61.9375 -4.8125 6.3125 1.83 -2.41 0.31
62.625 -4.5 6.3125 2.06 -2.14 -1.21
63.8125 -4.625 7 1.48 -2.62 -0.16
73.3125 -4.4375 6.8125 -0.12 -2.15 -0.01
75.625 -4.0625 7 1.98 -2.58 -2.12
77.875 -4.3125 7.0625 1.53 -0.99 0.14
73.1875 -4 7.0625 1.43 -1.06 -0.64
76.3125 -4.125 7.25 1.34 0.1 -0.37
88 -4.5625 7.625 -0.12 0.7 0.7
91 -4.875 7.375 -0.25 3.49 1.06
93.625 -5.0625 7.9375 -0.1 1.83 1.19
87.5625 -4.875 8 1.32 4.22 -0.27
88.5 -4.75 8.4375 1.5 2.23 0.74
88.6875 -4.375 8.6875 2.24 0.57 0.35
88.8125 -4.0625 8.625 2.02 2.03 1.15
88.75 -4 9.5 2.22 -1.36 6.3
89.1875 -2.0625 10.6875 1.64 2.7 2.36
89 0.3125 11.375 1.47 2.11 1.23
88.125 3.375 12.6875 -0.55 1.73 2.36
95.1875 6.5 13 -0.2 2.65 0.13
93.0625 10.3125 12.6875 -0.9 3.39 -3.17
90.4375 12.5625 12.5 -0.47 0.96 -3.74
79.125 13.9375 12.125 -0.69 0.73 -3.91
76.3125 14.0625 12.0625 -1 0.71 -3.74
72.875 14.25 11.9375 -1.04 3.01 -5.3
77.0625 13.875 11.9375 -1.27 -1.22 -3.75
73.125 13.125 11.75 -0.79 0.74 -5.84
61.6875 11.125 11.625 -0.69 -3.73 -2.73
58.6875 8.3125 11.3125 -0.68 -2.73 -3.34
57.1875 5.9375 11.875 -0.93 -2.66 -2.08
63.75 3.4375 12.3125 1.28 -4.76 -1.17
63.8125 0 11.9375 -0.54 -4.26 1.58
56.75 -3.3125 11.8125 1.48 -4.53 0.66
58.4375 -5.9375 11.8125 1.59 -4.11 1.95
61.875 -8.4375 12.5 -0.66 -3.75 2.68
73.625 -10.0625 12.9375 1.41 -0.57 1.02
77.9375 -11.25 14.4375 2.05 -0.05 2.54
73.5625 -11.625 15.875 2.06 -2.1 5.43
77.625 -11.0625 17.0625 1.59 0.93 4.88
90.3125 -9.3125 18.125 1.61 2.33 4.62
93.375 -6.8125 18.75 -0.47 2.71 3.58
88.0625 -3.1875 18.4375 -0.79 3.79 -0.1
89.3125 -0.4375 18 -1.21 3.19 -2.62
90.25 2.4375 17.3125 -0.2 3.86 -7.62

%e
61.1875 0.625 10.375 1.77 -2.18 -0.33
61.9375 0.5 9.8125 1.97 -2.59 -1.47
63.25 0.125 9.375 1.65 -2.13 -0.85
57.1875 0 8.9375 0.33 -1.79 -1.03
59.0625 -0.3125 8.75 1.63 -1.64 -0.66
61.625 -0.5625 8.875 1.52 -1.39 -0.04
63.875 -0.75 8.9375 1.6 -0.91 -0.43
75.0625 -0.6875 8.9375 1.54 -0.41 -0.55
77.75 -0.75 9.125 1.64 -0.55 -0.48
73.25 -1 9.375 1.41 -0.07 0.12
75.875 -1.0625 9.6875 1.35 0.65 -0.38
-1969.19 -1.1875 9.875 1.73 0.27 -1.2
89.25 -1.3125 10.8125 1.75 0.72 -0.19
92.125 -1.5 11.9375 1.71 0.99 0.25
94.25 -1.75 12 1.78 0.91 0.91
88.5 -1.625 12 1.91 1.16 -0.01
90.25 -1.625 12.3125 1.47 1.59 1.21
91.8125 -1.4375 13.75 2.01 1.74 0.79
92.5625 -1.4375 14.25 1.98 2.45 3.52
92.75 -0.4375 15.1875 2.48 1.52 3.3
92.625 1.25 15.6875 1.97 1.75 4.27
92.25 3.75 15.6875 1.44 2.66 1.3
91.0625 6.8125 15.875 -0.68 2.46 1.14
89.375 9.6875 15.25 -0.86 4.01 -2.77
94.3125 11.875 14.625 -0.58 1.52 -2.5
83.5625 13.375 13.4375 -0.45 0.24 -4
88.1875 14.3125 12.5 -0.66 0.79 -4.13
77.25 14.25 11.875 -0.86 0.38 -3.65
74.125 13.9375 11.1875 -1.22 1.17 -3.09
79 13.25 11.1875 -0.53 -1.55 -3.5
75.75 12.1875 11.3125 -0.62 -3.2 -1.77
73.4375 11.25 11.4375 -0.08 -0.93 -4.88
62.9375 9 11.5625 -0.52 -1.85 -1.36
61.375 7.375 11.4375 -0.2 -2.68 -2.02
60.375 5.0625 11.125 -0.22 -1.26 -1.66
59.75 2.75 11.25 1.28 -3.87 1.76
59.6875 0.3125 11.1875 1.74 0.5 -1.3
59.5625 -2.0625 12.125 2.18 -4.47 1.57
-1987.31 -4.875 12.375 1.79 -5.28 4.02
62.6875 -6 12.5 1.34 -3.4 -0.35
74.375 -7.5625 13 2.1 -1.45 1.76
78.5625 -8.1875 13.75 2.23 -2.07 2.05
74.5 -8.375 14.6875 2.14 -0.38 2.57
79.25 -7.875 16.75 1.64 0.82 4.07
90.8125 -6.25 19.0625 -0.04 1.3 4.12
94.375 -3.375 21.3125 -0.36 1.77 1.34
88.75 -1.1875 22.1875 -1.03 3.21 0.31
90.5 1.5 22.3125 -1.13 4.49 -3
90.75 2.6875 21.75 -0.29 2.15 -4.38
91.0625 2.8125 21.0625 -0.05 2.24 -3.6

%L
111.188 -2.375 9.3125 1.49 0.77 0.18
111 -3.25 8.6875 -0.47 5.97 2.01
101.688 -2.75 8.8125 -1.03 6.67 0.84
98.875 -1.5625 10.9375 -1.21 9.07 1.44
93 -0.4375 12.1875 -3.47 6.12 -0.19
93.375 -0.3125 13.8125 -2.98 2.42 -0.72
78.3125 -0.6875 12.9375 -5.23 0.77 2.55
76.4375 -0.875 11.6875 -2.88 -2.97 -1.77
60.6875 -1.375 11.625 -3.75 -4.68 -1
60.8125 -1.4375 10.625 -2.63 -11.55 1.17

%L
105.812 -3.3125 13.6875 -0.11 1.81 2.2
104.688 -3.25 11.625 -1.14 7.31 3.07
110.125 -2.5625 10.9375 -0.41 8.2 0
105.062 -1.6875 10.5625 -3.06 7.54 1.52
90.5 -0.75 10.25 -3.71 2.26 -0.52
90 -0.0625 11.75 -2.87 -0.72 1.23
75.1875 0.625 11.625 -3.78 -0.39 -1.95
74.8125 0.5 9.4375 -3.52 -1.98 -1.29
60.25 0 7.625 -3.44 0.05 -2.2
59.75 -0.5625 7.6875 -2.79 -7.78 0.01
46.625 -0.4375 8.875 -0.75 -10.28 -2.19

%L
110.562 -4.125 6.6875 1.66 -0.46 0.75
111.25 -4.25 7.125 1.32 4.45 0.18
104 -3.9375 7.75 -3.29 11.82 6.95
108.625 -2.4375 9.125 -2.91 8.46 0.01
94.6875 -1.4375 8.3125 -3.76 2.29 -0.22
94.75 -0.1875 7.25 -3.25 0.02 -2.18
88.375 0.1875 7.4375 -0.72 -1.51 -1.7
73.5625 -0.375 6.625 -3.25 0 -0.58
75.1875 -1.25 6.125 -3.81 0.26 -0.2
58.5625 -2.0625 7 -3.05 -1.65 0.34
59.875 -2.0625 7.4375 -3.61 -3.95 3.51
44 -0.375 8.1875 -0.99 -9.28 -1.22
40.875 1.0625 9 2.21 -8.93 -2.83

%L
110.188 -0.3125 9.1875 1.4 0.18 0.36
109.438 -0.875 10.25 -0.32 2.49 2.17
109.062 -0.4375 10.9375 -0.54 11.49 2.54
104.562 -0.125 11.1875 -2.92 6.65 1.75
106.688 1 11.8125 -3.1 2.99 -0.03
91.0625 2.0625 12 -3.49 2.26 -0.46
92.125 2.25 12.375 -3.82 -1.14 2.85
75.6875 1.8125 11.6875 -3.2 -0.26 -0.05
76.5625 1.8125 9.0625 -2.76 -3.73 -1.34
59.8125 1.3125 9.25 -3.07 -3.58 -1.88
60.75 0.875 9.3125 -1.28 -10.24 -1.19
47.3125 0.625 7.9375 1.31 -9.22 -1.63
46.0625 -0.0625 7.125 -0.33 -5.26 0.83

%L
109.312 -3.6875 6.5625 -0.57 4.47 0.55
108.688 -2.75 6.8125 -0.51 8.49 1.85
105.938 -1.875 7.875 -1.24 8.16 1.24
107.125 -0.9375 8.5 -3.51 5.06 -0.43
91.6875 -0.9375 9.5625 -3.46 1.07 0.5
90.75 -0.1875 9.125 -3.31 0.6 -2.54
75.5625 -0.875 8.4375 -3.76 -3.5 1.45
75.75 -1.8125 5.1875 -3.82 0.61 -1.07
60.6875 -2.0625 5.5 -3.09 -4.84 -0.48
61.375 -1.8125 6.9375 -0.44 -10.62 1.49

%L
104.938 -1.375 6.75 -0.27 0.25 1.84
104.5 0.1875 7.375 1.85 1.92 -2
105.125 0.1875 7.1875 -0.23 9 1.56
110.25 0 7.3125 -2.82 8.26 2.2
104.875 0.8125 8.4375 -1.18 3.16 0.58
90.875 1.4375 8.375 -1.23 2.53 -1.4
91.375 1.4375 8.5 -3 0.24 0.63
77.3125 1.5625 8.3125 -3.04 -0.58 0.53
77.75 1.75 7.625 -3.11 -2.31 -1.06
62.1875 1.625 8.125 -3.2 -5.06 0.74
56.0625 1.9375 9.5625 -0.12 -8.39 -2.4
59.5625 2.375 10.1875 -0.33 -7.55 -1.62

%L
108.688 -1.5625 8.9375 1.76 1.36 0.07
109.438 -2 8.125 -0.31 9.21 1.54
108.312 -1.875 9.1875 -3.47 9.96 3.17
111.188 -1.375 10.625 -3.55 7.61 0.35
93.9375 -0.5 11.3125 -2.98 2.31 -0.8
93.9375 -0.0625 12.625 -2.93 -1.63 -0.49
76.875 0.1875 13 -3.31 -3.85 -0.66
78.5 0 12.0625 -2.58 -3.88 -1.99
72.375 -1.1875 11.0625 -1.21 -2.77 -1.14
60.0625 -2.5625 9.75 -2.15 -3.42 0.92
62.5 -2.1875 9.3125 1.4 -11.2 -1.27

%L
111.188 -5.5625 8.75 -0.13 0.85 1.23
111 -4.625 8.6875 -0.95 6.58 1.51
109.75 -3.9375 8.75 -0.97 9.73 0.59
104.75 -2.9375 10.3125 -3.61 7.42 2.1
106.188 -1.625 11.5 -3.78 2.81 0.77
90.625 -0.375 12.6875 -3.61 -1.07 0.59
89.6875 0.6875 11.9375 -3.16 -1.87 -0.35
74.875 1.75 10.9375 -0.95 -3.8 -1.6
75.75 2.3125 10 -0.48 -2.86 -2.44
62.625 2 9.6875 -0.68 -3.68 -0.09
57.0625 1.75 9.9375 -0.11 -4.03 -0.92
60.5 1.4375 9.6875 -0.83 -6.09 -0.91

%L
108.562 1.4375 11.375 1.31 0.08 -0.12
107.875 1.25 12.75 1.39 1.62 0.15
107.75 1.4375 13.0625 -0.2 4.07 0.76
107.25 1.9375 13.5625 -1.21 6.04 2.89
104.75 3.0625 13.3125 -0.64 6.37 1.93
92.6875 4.125 14 -1.18 4.39 -0.7
95.4375 4.875 16.125 -1.08 1.7 -0.36
88.625 5.0625 15.9375 -1.07 0.48 -0.62
73.625 4.75 14.25 -2.89 1.04 0
74.8125 4.625 13.4375 -1.01 -4.9 -0.23
60.1875 4.75 11.0625 -0.53 -4.22 -1.12
55.3125 4.25 10.5625 -0.76 -5.62 -1.21

%L
124 0.9375 11.125 -0.73 7.25 2.14
122.375 2 11.6875 -1.03 8.13 2.65
125.688 3.1875 12.125 -3.33 7.35 1.5
111.438 4 11.9375 -2.68 4.07 0.45
104.25 4.625 11.6875 -2.62 2.07 -1.04
94.875 4.5 12 -2.74 -1.31 1.36
95.625 4.75 11.0625 -3.62 -0.28 -1.43
79.1875 3.875 9.625 -3.31 -1.23 1.4
72.625 3.5625 9.1875 -0.98 -2.34 -1.96
73.875 3.375 9.9375 -2.8 -5.91 1.8
60.8125 3.4375 8.625 -0.01 -3.03 -1.92
63.75 3 9.125 -0.84 -6.85 1.2
61.0625 3.5 8.6875 1.41 -4.83 -0.78

%L
138 0.1875 13.4375 -0.4 1.66 1.75
137.375 1.5 15.375 -1.27 5.52 2.02
127.75 1.9375 14.9375 -2.73 9.3 3.59
123.625 2.625 15.25 -3.38 6.88 2.41
125.938 3.5625 16.5625 -2.79 5.69 0.99
109.375 4.125 17.875 -3 1.09 -0.48
110.625 4.5 17.8125 -3.78 4.66 -0.31
92.6875 4.4375 18.25 -3.46 -1.66 -0.19
92.8125 4.5625 17.1875 -3.79 -2.11 -2.66
76.125 3.625 15.0625 -3.65 -4.27 0.6
77.1875 3.5625 13.875 -3.07 -5.81 -0.58
61.625 3.3125 12.375 -0.35 -5.88 -1.27
56.9375 3.375 11.75 -0.12 -8.43 -1.47

%L
127.562 6.6875 12.4375 -0.76 5 -0.71
127 6.875 12.4375 -0.73 8.14 1.17
123.312 6.9375 13.3125 -2.97 6.01 4.58
126.312 7.875 13.5625 -3.56 4.22 0.77
111.875 8.5625 14.5 -2.63 0.92 1.37
111.188 9.5625 14.75 -3.64 1.57 0.21
95.1875 9.8125 14.1875 -3.13 -2.42 -0.5
94.8125 10.3125 13.1875 -2.83 -1.71 -0.22
78.625 10.5625 12.6875 -1.24 -1.86 -0.49
72.4375 10.6875 12.6875 -0.58 -3.17 -0.45
74.1875 10.75 12.1875 -0.6 -2.96 0.37
61.25 10.8125 11.8125 -0.06 -3.13 -0.9

%L
143 0 7.25 -0.57 4.19 0.75
142.375 -0.0625 8.3125 -0.71 6.07 2.26
139.438 0.1875 8.375 -1.11 6.93 0.7
127.312 0.8125 8.4375 -3.58 6.46 3
127.688 2.1875 9.125 -3.01 3.18 -0.27
120.25 2.625 10.625 -3.1 1.87 0.63
104.375 3.125 11.125 -3.62 -2.03 -0.23
104.875 4.125 12.25 -3.55 0.95 -0.94
89.9375 4.25 12.9375 -3.21 -0.95 -1.6
90.4375 4.25 13.5625 -2.77 -3.58 0.51
76.875 4.4375 12.625 -0.7 -1.66 -1.15
78.375 4.1875 11.5 -0.51 -2.68 -0.84
73.4375 4.3125 11.125 -1.14 -5.24 -1.54

%L
143.75 3.25 8.375 -0.62 4.29 -0.15
142.375 3.375 7.5625 -0.26 6.48 2.44
139.25 3.75 6.75 -2.54 6.55 1.14
127.125 4.8125 7.3125 -3.37 5.44 1.89
127.812 6.4375 8.875 -2.94 0.96 -1.09
121.312 7.375 9.6875 -2.63 -0.09 -0.42
107.375 7.75 9.125 -2.93 1.69 -1.03
108 7.875 10.0625 -2.6 -0.65 -1.08
94.25 7.5 9.5 -2.61 -1.23 -1.84
88.125 6.4375 8.875 -2.83 0.25 2.26
88.75 6.125 9.5 -3.1 -1.37 0.64
74.4375 6.625 11.25 -0.99 -3.06 -1.4
75.6875 6.9375 11.75 -0.19 -3.84 -1.37
62.6875 7.125 11.75 -0.9 -5.01 -1.5

%L
136.812 2.1875 7.375 -0.58 0.67 0.11
143.625 1.375 6.3125 -0.04 4.69 0.85
142.375 0.875 5.5625 -0.77 7.15 2.29
138.75 1.75 6.5 -2.88 6.05 1.9
125.5 3.125 6.8125 -3.49 4.42 0.07
125.562 4.5 1 -3.08 2.14 1.05
110.062 5.75 10.75 -2.63 -0.06 -0.41
109.125 6.9375 11.8125 -3.7 -0.94 -1.36
93.75 7.5625 12.3125 -3.45 -1.99 -0.94
93.5625 7.75 12.125 -2.92 -1.93 -0.18
79.125 7.6875 12.3125 -1.08 -2.9 0.21
72.3125 7.5 11.3125 -2.76 -1.76 0.22
74.6875 7.9375 10.8125 -0.96 -1.87 -1.98
59.6875 8.25 12.1875 -0.76 -5.97 1.42

%L
127.562 1 9.8125 -0.14 7.07 2.46
124.938 0.8125 8.6875 -2.69 6.34 3.24
127.125 2.125 8.375 -2.75 4.09 -0.05
121.188 2.875 8.1875 -2.83 2.17 -0.48
105.125 3.4375 8.5 -2.66 2.2 -1.18
105.75 3.375 8.25 -3.17 -2.2 -0.81
89.1875 4.0625 8.6875 -3.18 -1.57 -0.96
90.5625 4.1875 8.75 -2.89 -0.11 -1.33
75 4 8.6875 -2.97 -2.02 0.08
77.1875 4.25 9.6875 -2.92 -0.46 -1.28
61.8125 4.125 12.5 -1.18 -3.25 -0.56
56.3125 4.1875 14.1875 -0.48 -6.02 -0.38
59.375 4.4375 14.6875 -0.25 -6.11 -2.86

%L
127.188 1.0625 12.5625 1.57 2.02 -1.65
126.688 1.875 11.75 -0.55 2.86 -0.39
126.438 2.125 11.5 -0.77 8.09 2.02
123.5 2.0625 11.125 -2.77 6.61 2.13
126.562 2.6875 11.8125 -2.69 3.89 0.65
111.062 3.375 12.0625 -3.38 1.76 1.13
110.562 4 12.625 -3.13 -0.18 -0.77
95.6875 4.1875 12.6875 -3.15 -0.76 -0.11
95.6875 4.5 12.875 -3.13 -1.1 0.04
89.1875 4.8125 12.8125 -2.76 -2.54 0.21
73.75 5.1875 12.125 -1.24 -1.39 -0.59
75.625 5.5 12 -0.83 -2.45 -0.92
60.75 5.625 12.5 -0.92 -3.82 0.63
63.6875 6.375 13.5 -0.69 -4.09 -0.3
59.5625 7.125 14.0625 -0.28 -6.27 -3.25

%L
139.812 -0.375 11.5625 -0.93 3.17 2.15
137.562 0.4375 9.3125 -1.18 5.55 -0.88
126.375 0.75 9.3125 -2.81 5.77 2.5
120.562 1.875 9.1875 -3.15 4.93 -0.55
122.062 2.625 9.9375 -3.43 1.71 0.09
106 3.5 9.9375 -3.31 0.49 -0.95
107 3.9375 10.375 -2.65 -1.01 -1.35
90.875 4.0625 11.9375 -2.8 -1.64 -0.21
92.8125 4.125 11.3125 -1.14 -2.17 -0.67
78 3.4375 10.6875 -0.78 -1.56 -1.65
72.625 2.625 10.875 -0.86 -2.45 -0.26
74.625 1.9375 11.1875 -0.43 -3.6 0.12
62.375 1.875 11.375 -0.77 -4.17 -1.33
58.25 1.875 11.375 -0.29 -4.93 -0.42

%L
140.125 -2.1875 8.1875 1.44 0.41 -0.78
139.312 -2.6875 8.1875 -0.2 2.17 0.19
139.25 -3.1875 6.625 -1.04 9.84 2.12
136.125 -2.875 6.5 -2.96 6.19 2.59
121.875 -1.4375 6.5 -1.27 2.21 -0.08
124.562 -0.5 5.8125 -3.12 1.53 -0.53
109.188 0.1875 5.5625 -3.19 0.72 0.78
110.312 0.6875 4.8125 -2.82 -0.41 -0.2
104.438 0.8125 4.5 -3.25 -0.01 1.72
90.5 1.5625 4.875 -1.19 0.15 -1.21
91.25 1.625 4.6875 -3.48 -1.18 1.3
76.625 2.625 5.75 -2.73 -3.14 -0.93
77.1875 3.3125 6.9375 -2.6 -3.49 -0.47
63.75 4.0625 7.5625 -0.16 -5.87 -0.31

%L
136.875 -1.75 8.5 -0.26 2.46 2.29
137 -2 7.75 -0.58 7.76 2.36
126.438 -1.5 8.1875 -1.25 5.54 1.94
121.375 -0.3125 8.8125 -2.65 3.89 0.27
122.562 0.4375 8.4375 -2.77 2.19 -0.18
108.125 0.8125 8.5625 -0.98 -0.06 -0.45
109.188 1.0625 8.25 -3.29 0.89 -0.64
94.9375 1.25 8.0625 -3.75 0.6 -0.04
88.5 1.4375 8.625 -3.29 -1.4 -0.17
88.8125 1.5625 8.9375 -3.22 -1 -0.43
74.125 1.6875 9.5 -3.46 -2.05 1.48
74.1875 3 10.5625 -2.69 -2.12 -1.65
60 3.6875 10.75 -2.05 -5.09 -0.89
62.1875 4.25 10.3125 -0.96 -4.26 -2.09

%R
26.5 -0.3125 5.125 -0.03 -2.49 0.26
27.25 -0.0625 5.25 -0.88 -5.46 1.04
30.6875 1.25 5.75 -0.13 -6.29 -1.43
43.5625 2 5.9375 -1.12 -5.14 -0.71
42.625 2.375 5.5 -3.14 -2.51 -0.43
56.9375 2.5 5.1875 -2.83 -2.97 -1.64
57.625 2.3125 5 -3.48 -0.68 0.56
64.5625 2.3125 4.375 -3.4 -1.66 -0.43
73.125 2.25 4.9375 -3.7 -0.1 -0.29
88.0625 2 5.9375 -3.31 0.34 -1.08
88.4375 1.8125 6.9375 -3.52 2.35 1.16
95 1.8125 8.125 -1 1.47 -1.5
110.812 1.625 7.6875 -0.84 3.84 0.55

%R
30.25 3.75 9.125 -0.5 -3.46 2.2
31 4.1875 9.5 -0.15 -5.64 -1.16
42.1875 4.375 8.8125 -1.23 -5.79 -1.22
46.5 4.1875 7.8125 -0.68 -5.42 -0.3
45.0625 3.9375 6.5625 -1.2 -3.48 -1.4
59.1875 3.3125 5.875 -3.24 -2.53 0.24
59 3 5.25 -3.17 -1.4 -0.54
73.625 2.625 5.125 -3.14 -0.39 0.17
73.4375 2.375 5.3125 -3.1 0.12 -0.44
79.8125 2.0625 5.3125 -2.9 0.39 -0.12
95.0625 1.8125 5.75 -2.78 1.08 -0.4
92.625 1.25 6.25 -0.92 1.11 0.74
107.438 0.6875 6.75 -1.21 2.3 -1.79
104.125 0 7.5 -0.32 4.91 0.77

%R
43.5 4.25 8.25 -0.76 -3.25 -1.53
47.25 3.6875 6.625 -0.61 -5.21 -1.29
43.6875 3.25 6.625 -0.38 -4.17 -0.8
58.5 2.8125 5.5 -1.26 -2.16 -0.66
56.25 2.375 4.875 -2.74 -2.52 -1.27
63.5 1.625 5.125 -2.88 -1.98 -0.32
78.3125 1.0625 5.125 -2.82 -0.04 -0.36
77.875 0.0625 5.375 -3.02 -0.4 0.44
92.25 -0.125 6 -2.69 0.5 -0.44
91.4375 -0.8125 6.8125 -2.79 1.87 -0.06
105.375 -0.8125 7.625 -0.5 2.45 0.49
110.875 -1 7.9375 -0.21 2.73 -0.03
106.562 -0.9375 9.25 -1.23 2.44 1.27

%R
31.625 3.375 6.4375 1.58 -1.04 -0.32
40.1875 3.1875 6.6875 -0.05 -3.59 0.16
41.875 2.9375 5.9375 -0.66 -4.04 -0.74
44.5625 2.625 5.375 -1.12 -4.45 -0.33
41.125 2.5625 5.1875 -0.13 -3.29 -0.75
45.75 2.25 5.0625 -0.84 -2.52 -0.35
59.75 1.9375 5.3125 -0.86 -2.2 0.16
58.125 1.9375 5.125 -0.94 -1.93 -0.59
63.9375 1.875 5 -1.25 -1.52 -0.74
79.1875 1.6875 6 -2.62 -0.15 0.34
77 1.4375 5.75 -2.58 0.01 0.24
91.75 1.375 5.875 -1.14 -0.21 -0.24
89.5625 1.0625 5.5 -0.96 0.19 1.29
104.438 0.9375 5.25 -1.78 1.11 -0.77
109.812 0.75 5.875 -0.34 3.41 0.72
107.062 0.75 6.5625 -1.19 3.33 -0.04

%R
28.0625 7 10.0625 1.94 -5.26 0.07
30.375 6.625 9.8125 -0.15 -5.89 -2.54
26.125 6 7.875 -0.85 -6.08 -0.21
40.4375 5.9375 7.875 -2.82 -6.8 -0.43
41.5625 5.5625 7.1875 -3.12 -2.7 0.45
57.5 5.1875 6 -2.67 -1.53 -1.2
57.1875 4.6875 6.3125 -3.55 -3.52 1.21
75.25 4.9375 6.4375 -3.09 -1.53 -2.21
75.6875 4.5625 7.4375 -5.27 -2.31 -0.19
93.9375 4.125 7.4375 -3.81 -1.72 0.2
95.0625 3.75 7.375 -3.77 2.34 -0.16
105.375 2.75 7.5 -3.18 5.06 0.88
120.688 2 7.5625 -2.96 7.93 1.34

%R
26.1875 7.6875 9.25 1.52 -2.44 2.76
28.375 8.125 8.8125 -0.47 -5.67 -3.08
41.1875 7.5625 6.9375 -0.98 -6.19 -1.11
46.9375 7.0625 6.25 -2.68 -5.04 -0.87
47.4375 6.625 6 -2.89 -3.96 -0.26
63.5 6.1875 5.0625 -3.74 -3.26 -1.08
73.25 5.25 5 -3.23 -1.86 0.94
73.3125 5.125 4.875 -3.04 -0.99 -1.37
89.5 4.25 5.125 -3.4 -0.4 -0.13
91.125 3.8125 6.4375 -3.08 0.53 0.18
106.875 3.1875 7.6875 -3.7 2.62 1.02
107.438 2.875 8.125 -3.38 4.48 1.88
121.375 2.5625 8.3125 -1.22 5.5 2.68

%R
25.5 10.75 9.625 1.75 -3.17 -0.41
27.25 10.5 10.3125 -0.36 -5.44 -1.62
31.4375 10.125 9.3125 -0.4 -5.11 -1.18
44.5625 9.8125 8.4375 -0.77 -4.91 -1.12
44.125 8.9375 6.75 -3.19 -2.98 0.83
58.75 8.625 6 -3.33 -2.33 -0.29
59 8.25 6.375 -3.51 -2.43 -0.75
74.125 7.9375 6.1875 -3.53 -0.86 0.34
73.125 7.875 6.875 -3.53 -0.63 -1.51
82.125 7.375 7.6875 -3.76 1.42 -0.23
90.5 7.0625 7.3125 -2.67 2.88 0.24
104.562 6.75 8.625 -0.85 2.52 -0.24
111.875 5.625 9.375 -0.79 3.78 1.42
108.688 4.75 8.9375 -0.29 5.51 2.24

%R
27.6875 6.625 12.6875 -0.76 -5.13 -0.14
40 5.75 10.0625 -0.23 -5.01 -0.64
44.6875 5.625 9.375 -0.64 -6.08 -2.56
44.125 4.375 6.9375 -2.72 -2.66 0.97
58.75 3.8125 5.1875 -3.29 -1.77 -0.38
58.75 3.875 5.5625 -3.33 -2.59 0.43
73.9375 4.125 4.6875 -3.49 -2.92 -0.82
75.25 4 4.5 -2.86 -1.97 1.03
91.25 4.0625 4.375 -2.61 0.89 -0.1
91.875 3.8125 4.6875 -3.54 2.18 -0.17
106.5 3.375 5.0625 -3.46 3.67 0.27
105.062 2.5625 4.9375 -1.22 3.37 0.46
109.312 2.25 5.3125 -0.51 4.57 0.38

%R
24.25 9.875 12.875 -0.02 -6.48 -2.71
28.125 9.4375 11.8125 -0.53 -6.9 0.54
26.9375 8.9375 10.125 -1.07 -6.09 -0.17
42.625 8.5 8.6875 -2.87 -4.37 0.38
43.25 8.25 7.0625 -3.84 -2.09 -0.12
61.75 7.9375 5.125 -5.34 0.04 0.8
61.625 7.875 4.5 -2.79 -1.52 -1.07
79.25 7.375 4.5625 -2.57 0.12 0.8
78.875 6.6875 4.3125 -3.71 2.01 0.91
94.8125 6.25 4.5 -2.92 1.58 0.64
93.5 6.25 4.875 -0.36 1.59 -0.96
106.688 5.875 5.375 -0.73 3.16 -1.07
111.75 5.25 5.0625 -0.37 5.76 1.83

%R
30.8125 4.5625 11.625 -0.35 -6.3 -3.63
26.4375 3.875 9.875 -0.95 -5.68 -0.63
40.25 3.0625 8.3125 -2.77 -5.14 -0.23
46.6875 2.75 7.875 -3.45 -3.56 -0.66
47.4375 2.4375 6.75 -2.79 -2.33 -0.15
63 2.125 5.5625 -2.63 -0.69 -0.04
63.8125 2.1875 4.4375 -3.76 0.23 0.04
78.875 2.25 4.3125 -3.46 0.63 -0.06
78.8125 2.0625 4.75 -3.01 1.19 -0.55
92.9375 2 5.625 -2.58 1.72 -0.43
91.3125 1.6875 7 -0.88 1.82 0.13
104.312 1.75 9 -0.04 3.2 -0.38
109.438 1.375 9.4375 -0.14 3.75 1.47

%R
40.375 3.25 9.5 -0.18 -3.82 -1.07
42.25 3.5625 8.5 -0.49 -4.74 -1.9
46.125 3.5625 8.6875 -0.38 -5.71 -0.33
43.0625 3.5625 7.875 -1.03 -3.57 -1.28
57.6875 3.125 6.875 -2.88 -3.26 -0.16
63.75 3.1875 6.875 -2.86 -2.42 -1.22
62.0625 2.75 7.0625 -3.19 -1.24 -0.95
78.1875 1.6875 7.0625 -3.48 0.09 0.72
76.625 1.6875 7.5 -2.72 0.73 -0.78
91.8125 1.1875 8.625 -2.57 1.51 0.01
89.25 0.9375 9.1875 -0.59 2.1 -0.35
94.875 0.5 10.375 -0.44 1.11 0.2
108.125 -0.1875 10.6875 -0.21 3.59 0.89

%R
28.875 1.8125 14.25 1.43 -1.69 0.11
30.5625 1.75 13.5 -0.27 -2.32 -0.95
41.625 1.25 12.4375 -1.2 -4.85 0.65
45.5625 1.75 11.9375 -0.14 -3.31 -1.52
43.25 1.625 11.75 -0.77 -2.72 -0.64
56.5625 1.375 11.3125 -1.02 -1.93 0.1
61.9375 1.625 11.25 -0.98 -2.48 0.16
60.3125 1.9375 11.4375 -1.12 -1.37 -0.51
74 1.9375 11.75 -2.64 -1.41 0.71
72.9375 2.1875 11.375 -1.25 -0.27 -0.89
78.875 2.5 11.1875 -0.99 0.12 -0.19
85.6875 2.9375 11.0625 -0.72 0.62 -1.3
92.875 2.8125 11.0625 -1.03 2.99 0.87
106.25 2.3125 10.5 -0.82 4.38 1
110.375 2.125 10.3125 -0.59 6.34 2.4

%R
31.5625 3.3125 12.75 1.58 -3.59 -0.26
24.6875 2.25 12.4375 -0.4 -5.04 0.01
27.375 2.0625 11.6875 -0.86 -5.94 -1.18
41.3125 2.3125 11.0625 -2.66 -4.39 -1.64
47.375 2.25 10.4375 -3.24 -4.42 -0.33
47.9375 2.5 10.4375 -3.04 -2.69 -0.4
63.8125 2.625 9.75 -2.71 -1.04 0.57
72.625 2.6875 9.0625 -3.84 -0.23 2.03
79.5 4.0625 9.4375 -3.3 -1.12 -1.62
88.1875 4.625 9.0625 -3.51 0.58 0.27
95 4.875 8.75 -3.09 0.5 -0.97
95.375 4.4375 9.375 -2.86 2.24 0
109.75 4 8.75 -0.95 4.77 0.41
108.188 3.6875 8.375 -0.7 4.95 0.25

%R
30.9375 3 12.8125 -0.62 -4.71 -0.36
41.6875 2.9375 12.25 -1.07 -5.05 -1.57
45.8125 2.875 11.3125 -0.71 -4.58 -1.07
44.375 2.4375 10.1875 -2.63 -2.72 -0.97
59.875 2.0625 9.3125 -2.79 -2.44 -0.58
58.5625 1.9375 8.875 -3.31 -1.32 0.65
74.5625 1.8125 8 -3.16 -0.84 -0.76
73.375 1.75 7.1875 -2.79 0.4 -1.22
89.625 0.6875 6.3125 -2.85 2.12 -0.29
88 -0.0625 6.1875 -1.14 1.18 -0.85
94.9375 -0.75 6.125 -0.76 2.26 0.05
108.125 -1.4375 5.9375 -0.54 3.91 1.04
105.125 -1.9375 6.25 -0.5 3.73 1.44

%R
44.9375 4.25 12.1875 -1.06 -4.94 -1.42
40.5 4 10.5625 -1.28 -4.31 -1.11
46.6875 4.0625 9.3125 -0.96 -2.11 -0.5
60.3125 4.0625 8.75 -1.06 -1.63 -1.12
59.375 3.75 8.5 -1.26 -1.44 0.01
73.4375 3.75 8 -1.22 -0.97 -0.59
73.0625 3.5 8.3125 -1.14 -0.53 0.19
79.25 3.5625 8.375 -0.83 -0.41 -2.03
95 3.1875 8.6875 -2.66 1.55 0.13
93 2.625 8.5625 -0.91 3.62 1.02
106.688 2.3125 8.75 -0.48 3.48 0.22
110.562 2.25 8.875 -0.12 3.35 -0.17

%R
45.8125 5.125 13.9375 1.32 -3 0.31
47.375 4.875 14.3125 1.43 -2.05 -0.86
41.5 4.625 13.4375 -1.19 -5.67 0.97
44.8125 4.25 13.125 -0.6 -6.14 -2.22
57.4375 4.5625 13 -1.15 -4.07 -1.46
56.125 4.125 11.5 -2.72 -1.75 -1.18
62.25 3.875 11 -2.94 -1.13 0.33
77.6875 4.0625 10.5 -2.76 -0.19 0.07
75.6875 4.375 10.1875 -0.83 -0.69 -1.78
91 4.375 11.0625 -0.92 0.85 0.01
88.625 3.875 11.25 -1.03 0.92 0.09
95.0625 2.75 10.75 -0.87 2.25 0.43
107.75 2.0625 10.5625 -0.42 1.96 0.69
104.812 1.5 10.625 -0.14 2.59 -0.15

%R
47 3.875 13.3125 -0.45 -1.09 1.29
47.625 3.3125 13.4375 -0.36 -3.04 -0.58
40.9375 3.125 12.9375 -1.06 -3.79 -0.71
43.625 3.125 11.9375 -0.98 -5.04 -0.84
47.625 3.25 11.625 -0.17 -3.59 -1.9
61.625 2.875 10.625 -1.07 -2.07 0.24
58.875 2.75 9.9375 -0.79 -1.84 -1.11
73.75 2.4375 9.875 -1.26 -1.88 -0.45
71.875 2.0625 9.25 -2.7 0.22 -0.01
78.875 1.8125 9.375 -1.24 0.49 0.26
92.4375 1.8125 9.9375 -0.88 1.42 0.64
90.4375 1.5625 10.5 -0.5 1.2 -0.17
94.625 1.4375 11.375 -0.16 0.67 0.21
106.438 1.5 11.8125 -1.08 1.16 -0.99

%R
43.25 6.625 14 -0.37 -2.8 0.11
44.625 6.375 14.1875 -1.1 -4.5 -0.99
40.0625 6.25 12.875 -0.11 -4.09 -2.19
43.9375 5.875 12.125 -0.23 -3.65 -1
57.8125 5.1875 11.625 -0.76 -2.23 -0.11
63.25 4.8125 10.8125 -0.84 -2.17 0.19
62.5 4.625 9.875 -1.28 -0.29 -0.11
76.3125 4.5 8.875 -2.45 -0.77 -0.84
75.5 4.125 8.5 -1.23 0.25 0.5
89.3125 3.9375 8.25 -1.22 0.14 0.28
95.8125 3.875 8 -0.98 0.62 0.11
92.75 3.6875 7.75 -0.49 0.92 -0.56
106.438 3.4375 7.875 -0.22 0.55 -0.67
111.125 2.875 7.5625 -1.19 1.85 -1.46
108.438 1.9375 8.25 -0.65 1.22 -0.8
113.125 1.0625 9.3125 -0.88 5.86 3.42

%R
47.6875 3.75 11 -1.04 -4.24 -0.26
42.5 3.5625 10.4375 -0.76 -6.41 -1.47
47.1875 2.9375 10.25 -0.61 -4.69 -0.33
60.375 2.625 9.125 -1.28 -2.42 0.18
59.1875 2.5625 7.9375 -1.23 -1.54 -0.31
72.8125 2.8125 7.6875 -0.99 -0.36 -0.41
79.8125 3.0625 7.1875 -1 0.36 -0.6
77.375 3.375 6.625 -1.25 -0.34 -0.95
91 3.4375 6.6875 -0.86 1.18 -0.42
89.4375 3.1875 6.75 -2.34 0.12 0.11
94.6875 3.3125 7.5625 -0.49 0.94 -1.25
108.75 3.4375 10.6875 -1.26 0.53 0.3
105.938 3.8125 13.25 -0.24 2.27 0.38

%R
40.6875 3.9375 13.5 1.52 -6.1 -1.32
35 2 13.125 -0.63 -6.07 0.66
47.3125 1.75 12.4375 -0.59 -7.9 -1.88
45.1875 1.875 11.875 -3.31 -4.69 -1.75
62.0625 1.8125 9.6875 -2.64 -2.95 -1.19
61.8125 1.3125 8.5625 -2.9 -1.56 0.41
79.3125 1.0625 7 -2.96 0.72 0.51
78.375 1.1875 5.4375 -3.75 0.55 0.49
94 1.8125 5.25 -2.81 1 -0.89
91.9375 1.8125 5.25 -1.14 1.16 -1.12
106.938 1.5 6.6875 -0.96 2.5 -1.58
104.562 0.4375 7.125 -0.96 1.71 -0.6
111 -0.4375 7.25 -1.24 5.71 0.89

