GRT_PIPELINE_FILE_V3.0
PipelineMode: CLASSIFICATION_MODE
NumPreprocessingModules: 1
NumFeatureExtractionModules: 0
NumPostprocessingModules: 0
Trained: 1
Info: 
PreProcessingModuleDatatypes:	MovingAverageFilter
FeatureExtractionModuleDatatypes:
ClassificationModuleDatatype:	DTW
PostProcessingModuleDatatypes:
PreProcessingModule_1
GRT_MOVING_AVERAGE_FILTER_FILE_V1.0
NumInputDimensions: 3
NumOutputDimensions: 3
FilterSize: 4
GRT_DTW_Model_File_V2.0
Trained: 1
UseScaling: 0
NumInputDimensions: 3
NumOutputDimensions: 0
NumTrainingIterationsToConverge: 3
MinNumEpochs: 0
MaxNumEpochs: 100
ValidationSetSize: 20
LearningRate: 0.1
MinChange: 1e-05
UseValidationSet: 0
RandomiseTrainingOrder: 1
UseNullRejection: 0
ClassifierMode: 1
NullRejectionCoeff: 3
NumClasses: 5
NullRejectionThresholds:  0 0 0 0 0
ClassLabels:  4 3 5 2 1
DistanceMethod: 1
UseSmoothing: 0
SmoothingFactor: 5
UseZNormalisation: 0
OffsetUsingFirstSample: 1
ConstrainWarpingPath: 1
Radius: 0.2
RejectionMode: 0
NumberOfTemplates: 5
OverallAverageTemplateLength: 35
***************TEMPLATE***************
Template: 1
ClassLabel: 4
TimeSeriesLength: 35
TemplateThreshold: 173.904
TrainingMu: 35.9178
TrainingSigma: 45.9953
AverageTemplateLength: 36
TimeSeries: 
0	0	0	
0.123333	-0.115	-0.436667	
-0.005	-0.32	-0.5875	
-0.115	-0.0625	-1.51	
-0.1425	-0.55	-0.815	
-0.2575	-0.69	-0.44	
-0.1925	-0.365	0.205	
-0.115	-0.6625	1.455	
-0.185	-0.5725	2.1225	
-0.34	-0.79	3.0625	
-0.235	-1.385	4.535	
-0.3075	-1.98	6.0425	
0.235	-2.0425	6.275	
0.47	-2.1775	7.61	
0.3825	-1.57	7.6025	
0.3275	-0.5675	7.1725	
-0.1325	-0.035	7.3225	
-0.355	0.96	5.685	
-0.87	1.3325	3.7725	
-0.7525	1.5575	1.52	
-0.8025	1.3775	-0.27	
-0.535	0.9575	-1.91	
0.0675	-0.475	-2.2675	
0.1025	-1.475	-2.79	
0.07	-2.8625	-2.515	
-0.1075	-4.1225	-1.3375	
-0.17	-4.315	-0.45	
-0.295	-4.57	1.335	
-0.3075	-4.5875	2.74	
-0.3175	-3.9275	3.5775	
-0.24	-2.9925	4.535	
-0.17	-2.295	4.7675	
-0.1675	-0.65	4.1875	
-0.24	0.2625	4.2025	
-0.425	1.0325	3.325	
***************TEMPLATE***************
Template: 2
ClassLabel: 3
TimeSeriesLength: 35
TemplateThreshold: 605.483
TrainingMu: 83.656
TrainingSigma: 173.942
AverageTemplateLength: 33
TimeSeries: 
0	0	0	
-0.0266667	0.0666667	0.103333	
-0.075	0.0875	0.195	
-0.085	0.17	0.205	
-0.0775	0.155	0.215	
0.4325	0.155	0.4625	
0.285	0.275	1.88	
-0.3975	1.45	3.9775	
-0.9675	3.0075	4.2175	
-2.095	4.3975	2.805	
-2.0525	5.2125	-0.5475	
-1.4175	3.875	-4.8325	
-0.8025	1.755	-7.26	
-0.325	-1.1675	-7.885	
-0.29	-4.17	-7.315	
-0.225	-6.3	-5.17	
-0.4775	-7.42	-2.745	
-0.535	-7.27	0.895	
-0.615	-6.0225	4.3925	
-1.34	-3.88	7.34	
-1.72	-1.6475	9.555	
-2.245	1.01	9.7275	
-2.7525	3.0375	8.405	
-2.76	4.1725	4.8	
-2.3725	4.27	1.045	
-1.7475	2.88	-3.1325	
-0.4875	1.71	-7.2375	
0.645	0.6775	-9.1025	
0.63	0.0775	-9.945	
0.6075	0.245	-9.74	
-0.6575	0.245	-7.6275	
-1.6325	0.31	-5.295	
-2.125	0.2975	-2.6025	
-2.205	0.5775	0.685	
-1.44	0.46	3.9525	
***************TEMPLATE***************
Template: 3
ClassLabel: 5
TimeSeriesLength: 46
TemplateThreshold: 311.013
TrainingMu: 65.3658
TrainingSigma: 81.8823
AverageTemplateLength: 46
TimeSeries: 
0	0	0	
0.0583333	0.0466667	-0.518333	
-0.02	-0.2075	-0.125	
-0.1	-0.4875	0.1525	
-0.1525	-0.445	-0.005	
-0.67	-0.4425	0.5225	
-0.6875	-0.19	0.15	
-1.11	0.01	0.1275	
-1.49	0.295	-0.11	
-1.5	0.62	0.0225	
-1.4625	0.9925	0.0275	
-1.045	1.315	0.0475	
-1.135	1.8775	0.4125	
-1.2075	2.825	0.585	
-1.6625	3.745	1.3875	
-1.6625	4.08	1.98	
-0.98	3.4725	2.86	
-0.3375	2.28	3.8125	
0.2125	1.5925	4.055	
-0.1325	1.7775	3.9075	
-0.885	2.3725	3.58	
-1.6575	3.535	1.945	
-2.395	3.84	0.66	
-2.6975	4.115	-0.605	
-2.7425	4.3025	-2.07	
-2.5775	3.6375	-2.2825	
-2.355	3.595	-3.1375	
-2.3475	2.78	-3.4	
-2.1375	1.8425	-3.6325	
-2.3375	1.685	-3.94	
-2.5725	0.785	-3.3275	
-2.455	-0.5825	-2.4125	
-2.0525	-1.0375	-1.8875	
-1.79	-2.8375	-0.7525	
-1.5975	-4.03	0.505	
-1.0125	-3.5925	0.5225	
-1.005	-4.0875	1.3125	
-1.1125	-3.065	1.7	
-1.035	-1.985	1.73	
-1.5125	-1.4675	3.275	
-1.9575	-0.1175	3.95	
-1.96	1.125	4.43	
-2.0525	2.285	4.6775	
-2.125	3.58	3.625	
-2.225	4.1725	2.2875	
-2.2225	4.26	0.315	
***************TEMPLATE***************
Template: 4
ClassLabel: 2
TimeSeriesLength: 39
TemplateThreshold: 337.965
TrainingMu: 67.3342
TrainingSigma: 90.2104
AverageTemplateLength: 39
TimeSeries: 
0	0	0	
-0.025	-0.03	0.05	
-0.0025	0.02	-0.0275	
0.0325	0.02	-0.0225	
0.0225	0.035	0.015	
0.045	0.14	-0.1475	
0.0025	0.41	-0.0475	
-0.2075	1.925	-0.38	
-0.365	3.6475	0.75	
-0.52	3.9475	2.81	
-0.6075	3.3425	4.205	
-0.54	0.505	5.13	
-0.345	-3.5025	3.5325	
0.4575	-6.78	0.3875	
0.9475	-8.9825	-2.3525	
1.0375	-10.175	-3.99	
0.155	-9.1925	-2.82	
-1.8575	-5.03	0.4825	
-3.4825	-0.11	3.455	
-4.6975	5.67	5.67	
-4.66	10.0825	5.4175	
-4.1425	10.735	3.045	
-3.535	8.86	0.5375	
-2.93	6.06	-2.23	
-2.0725	2.6425	-4.7125	
-1.2875	-0.2675	-6.61	
-0.105	-3.365	-7.135	
0.98	-6.36	-6.1225	
0.97	-9.04	-4.2325	
0.94	-10.365	-1.7125	
-0.475	-8.48	0.365	
-1.6375	-5.5875	1.4375	
-2.3	-0.2475	1.43	
-3.04	4.205	1.7025	
-2.2625	6.555	1.2675	
-1.6	8.0125	1.08	
-1.04	6.3675	1.9475	
-0.23	4.6275	2.15	
-0.395	2.4575	2.905	
***************TEMPLATE***************
Template: 5
ClassLabel: 1
TimeSeriesLength: 26
TemplateThreshold: 72.7856
TrainingMu: 17.6701
TrainingSigma: 18.3718
AverageTemplateLength: 25
TimeSeries: 
0	0	0	
0.0266667	0.0466667	-0.0633333	
0.025	0.05	-0.045	
0.09	0.1025	-0.27	
0.0825	-0.03	-0.1275	
0.5475	-0.295	0.23	
0.44	-0.1425	1.4425	
0.3425	1.53	2.18	
0.3175	2.9925	1.765	
-0.3875	3.4325	0.6175	
-0.245	3.6075	-2.3125	
-0.21	1.38	-4.235	
-0.155	-0.5475	-6.1575	
-0.065	-2.435	-5.4725	
-0.11	-4.0375	-4.36	
-0.0825	-5.575	-1.705	
-0.2625	-7.065	2.6375	
-0.4425	-6.33	4.9525	
-0.6075	-4.9775	8.0225	
-0.8275	-1.51	8.3125	
-1.3025	2.57	7.8975	
-1.5775	5.48	5.445	
-1.5125	6.575	2.0925	
-1.4975	5.73	-0.65	
-1.06	4.0925	-3.66	
-0.4175	2.0375	-4.9125	
