GRT_LABELLED_TIME_SERIES_CLASSIFICATION_DATA_FILE_V1.0
DatasetName: NoY
InfoText: This data contains the initial training samples collected, in the format x_orientation, y_orientation, z_orientation, x_accel, y_accel, z_accel.
NumDimensions: 2
TotalNumTrainingExamples: 100
NumberOfClasses: 5
ClassIDsAndCounters: 
1	20
2	20
3	20
4	20
5	20
UseExternalRanges: 0
LabelledTimeSeriesTrainingData:
************TIME_SERIES************
ClassID: 1
TimeSeriesLength: 34
TimeSeriesData: 
-0.145	0.09
-0.185	0.205
-0.26	0.17
-0.335	0.08
-0.41	0.21
-0.465	0.29
-0.59	0.255
-0.635	0.31
-0.7	0.31
0.045	-0.28
0.25	0.35
-1.135	3.825
-1.685	8.225
-1.755	8.765
-2.12	9.44
161.205	8.705
161.195	7.685
160.66	4.695
160.33	-0.515
159.935	-5.775
158.435	-8.98
157.08	-10.65
155.37	-9.19
153.835	-5.95
153.35	-3.9
153.06	-1.435
152.635	1.395
152.005	3.865
151.775	5.435
151.73	4.605
152.445	2.76
152.36	0.89
152.29	0.045
152.105	0.005
************TIME_SERIES************
ClassID: 1
TimeSeriesLength: 30
TimeSeriesData: 
152.055	-0.095
151.93	-0.185
151.835	-0.225
151.63	-0.18
151.44	-0.26
151.305	-0.335
152.04	0.015
151.94	-0.535
151.46	3.03
150.025	6.565
149.82	7.945
149.245	7.98
149.06	7.54
148.72	6.27
148.255	3.06
147.8	-0.4
147.585	-5.035
147.055	-9.335
146.91	-11.165
145.52	-11.305
143.97	-9.02
142.63	-6.775
141.245	-2.79
139.76	0.93
138.4	3.325
138.15	5.37
137.575	5.36
137.455	3.765
138.095	1.385
138.03	0.175
************TIME_SERIES************
ClassID: 1
TimeSeriesLength: 29
TimeSeriesData: 
137.84	0.13
137.735	0.145
137.6	0.13
137.46	0.27
137.345	0.31
137.34	0.545
137.035	1.635
136.81	5.34
136.595	7.62
136.295	9.355
136.065	10.925
135.95	8.335
136.685	3.93
136.345	0.3
134.97	-3.135
134.485	-5.91
133.065	155.605
131.71	155.935
130.09	157.1
128.52	160.2
127.225	163.47
125.43	167.17
124.835	169.385
124.38	171.385
124.075	171.58
123.99	170.69
124.76	168.515
124.545	167.015
124.435	166.165
************TIME_SERIES************
ClassID: 1
TimeSeriesLength: 29
TimeSeriesData: 
124.335	166.33
124.225	166.28
124.115	166.195
123.955	166.275
123.845	166.25
123.77	166.305
124.535	166.505
123.955	168.44
123.525	171.25
123.115	172.08
122.725	173.15
122.485	171.98
122.16	169.19
121.715	165.23
121.435	162.375
121.04	159.6
120.685	157.555
120.05	157.555
119.63	158.33
118.285	161.255
117.79	164.855
116.505	168.085
116.2	170.89
116.15	172.31
115.905	173.62
115.325	172.945
115.24	171.995
115.975	169.53
116.7	167.875
************TIME_SERIES************
ClassID: 1
TimeSeriesLength: 30
TimeSeriesData: 
116.61	167.925
116.51	167.675
116.405	167.765
116.245	167.865
116.145	167.865
116.92	167.84
116.74	168.46
116.27	170.735
115.735	173.305
115.195	175.195
114.92	175.87
114.785	176.09
114.78	173.295
114.43	169.265
114.27	165.835
114.02	161.775
113.57	158.89
112.265	158.06
111.635	159.68
111.07	161.97
109.78	165.01
108.48	167.96
107.985	170.385
107.725	172.865
107.635	173.465
107.165	173.38
106.615	172.545
107.675	170.355
108.315	168.14
108.08	167.25
************TIME_SERIES************
ClassID: 1
TimeSeriesLength: 28
TimeSeriesData: 
107.905	167.29
107.785	167.45
107.515	167.43
107.425	167.56
107.295	167.32
107.195	167.345
108.37	167.27
108.04	168.87
107.485	172.535
107.325	175.38
107.11	176.745
106.71	177.28
105.425	176.465
105.02	172.61
104.565	166.145
104.23	161.97
103.86	158.225
103.22	156.325
101.89	157.105
101.25	159.625
99.825	162.545
98.475	2.525
97.885	5.49
97.555	7.03
97.075	8.4
96.915	7.565
97.65	5.85
98.485	3.88
************TIME_SERIES************
ClassID: 1
TimeSeriesLength: 29
TimeSeriesData: 
98.36	3.86
98.265	3.76
98.155	3.68
98.055	3.67
97.975	3.75
97.925	3.67
98.83	3.455
98.4	4.335
97.895	7.1
97.39	10.015
96.8	11.92
96.725	13.185
96.605	13.25
96.54	10.85
96.45	6.7
96.115	1.41
95.54	-2.725
94.15	-6.285
93.68	-7.765
92.275	-5.43
90.73	-1.49
90.195	2.24
89.8	5.855
89.165	8.02
88.72	9.53
88.42	9.76
88.365	8.665
88.34	7.275
88.18	4.77
************TIME_SERIES************
ClassID: 1
TimeSeriesLength: 30
TimeSeriesData: 
88.1	4.895
87.97	4.975
87.9	4.955
87.855	4.92
87.76	5
87.655	5
88.395	4.87
89.095	4.7
89.075	7.175
89.015	10.185
88.635	12.405
88.375	12.93
88.055	11.7
87.66	9.62
87.465	7.68
86.97	4.605
86.44	0.98
85.815	-2.49
85.37	-4.51
85.11	-5.28
84.505	-4.895
83.9	-2.73
83.56	-0.045
83.12	3.435
83.075	5.825
83.065	7.725
82.67	8.915
82.56	8.9
83.32	7.56
83.245	6.01
************TIME_SERIES************
ClassID: 1
TimeSeriesLength: 28
TimeSeriesData: 
83.885	6.125
83.795	6.21
83.745	6.035
84.395	6.105
84.315	6.045
85.07	6.09
86.165	6.645
86.09	9.645
85.765	12.37
85.53	13.465
85.165	14.445
83.805	15.085
82.495	14.77
82.16	12.685
81.7	9.48
81.19	5.545
80.6	0.095
80.265	-4
80.07	-5.815
79.8	-5.415
79.495	-3.375
79.12	0.17
77.77	3.26
77.28	5.715
76.885	7.8
76.285	8.71
76.06	7.775
76.815	6.115
************TIME_SERIES************
ClassID: 1
TimeSeriesLength: 27
TimeSeriesData: 
76.73	6.075
76.7	6.115
76.66	6.17
76.535	6.16
77.175	6.185
77.815	6.11
78.59	6.14
78.41	7.36
78.4	10.33
77.79	12.18
77.635	13.98
77.335	15.385
77.055	13.27
240.44	10.145
240.335	5.68
239.955	2.615
239.69	-1.18
239.455	-5.07
238.98	-5.515
237.64	-4.86
236.21	-1.755
234.59	1.335
233.235	5.195
231.88	6.795
231.805	7.86
231.54	7.35
232.29	5.35
************TIME_SERIES************
ClassID: 1
TimeSeriesLength: 28
TimeSeriesData: 
232.065	5.275
231.97	5.28
231.85	5.315
231.7	5.31
231.605	5.34
231.495	5.08
232.305	4.585
231.94	4.885
231.65	8.26
231.49	10.925
230.89	11.31
230.81	11.96
230.59	10.88
230.54	9.69
230.12	6.3
229.95	3.745
229.785	-0.41
229.375	-4.58
228.595	-6.5
228.095	-6.35
227.49	-3.57
226.13	0.42
224.8	4.32
224.43	6.66
223.855	7.75
223.37	8.465
223.325	8.255
223.25	6.485
************TIME_SERIES************
ClassID: 1
TimeSeriesLength: 28
TimeSeriesData: 
223.115	6.455
223	6.48
222.895	6.51
222.745	6.73
222.555	6.73
222.47	6.645
223.445	6.17
222.975	7.22
221.35	11.64
219.88	14.02
219.85	13.56
219.445	12.98
219.36	11.51
219.235	9.625
219.015	7.27
218.695	2.77
218.085	0.36
217.665	-2.475
217.12	-4.22
216.97	-4.865
215.455	-2.705
213.755	0.285
212.26	3.115
211.775	5.685
211.63	7.1
211.17	8.66
211.155	8.365
211.795	7.555
************TIME_SERIES************
ClassID: 1
TimeSeriesLength: 26
TimeSeriesData: 
211.67	8.245
211.585	8.37
211.545	8.335
211.405	8.31
211.32	8.375
211.275	8.355
211.16	8.78
210.605	11.69
210.005	13.525
209.485	14.82
209.095	14.205
208.89	13.12
208.51	11.13
208.325	8.23
208.245	5.465
207.56	2.775
207.06	-0.36
206.98	-1.43
206.465	-0.45
205.095	3.115
203.495	7.325
366.785	10.985
366.405	12.48
365.905	13.54
365.685	13.5
366.39	12.46
************TIME_SERIES************
ClassID: 1
TimeSeriesLength: 26
TimeSeriesData: 
366.295	12.515
366.185	12.665
365.995	12.76
365.86	12.73
366.5	12.585
367.24	12.78
366.785	13.535
366.15	15.845
365.835	19.05
365.275	19.8
364.855	19.71
364.34	17.485
364.025	15
363.77	10.875
363.705	7.585
363.545	4.945
362.96	3.105
362.495	3.335
361.055	6.235
359.52	9.35
358.91	12.85
358.44	15.225
358.21	16.605
358.18	17.295
357.795	16.955
357.59	15.215
************TIME_SERIES************
ClassID: 1
TimeSeriesLength: 26
TimeSeriesData: 
357.485	15.265
357.345	15.29
357.265	15.39
357.075	15.29
356.98	15.255
357.765	15.25
357.58	15.455
356.94	18.215
356.735	21.13
356.285	23.19
355.805	25.925
355.165	22.415
355.13	18.405
354.85	14.635
354.37	11.085
354.085	8.29
353.9	6.165
353.48	5.505
352.155	6.585
350.685	9.545
349.21	12.4
348.84	14.935
348.785	16.6
348.665	18.305
348.235	18.695
349.05	17.615
************TIME_SERIES************
ClassID: 1
TimeSeriesLength: 28
TimeSeriesData: 
348.995	17.44
348.905	17.275
348.735	17.145
348.665	17.25
348.495	17.44
349.15	17.495
349.94	17.71
349.385	18.985
349.11	22.155
348.815	24.015
348.31	24.735
347.965	23.21
347.585	21.47
347.56	19.345
346.95	16.235
347.59	12.475
347.31	9.165
346.82	6.98
346.285	6.415
345.88	7.57
344.005	10.11
342.195	14.125
340.6	17.165
339.31	18.985
338.355	19.5
337.99	19.075
337.64	18.6
338.355	16.405
************TIME_SERIES************
ClassID: 1
TimeSeriesLength: 32
TimeSeriesData: 
338.24	16.375
338.13	16.47
337.98	16.44
337.895	16.53
337.78	16.585
337.72	16.59
337.7	16.585
337.605	16.67
338.415	17.005
338.075	17.6
337.86	20.545
337.395	23.355
336.095	24.955
335.655	26.1
335.6	25.27
335.04	21.95
334.94	18.17
334.61	13.82
334.58	10.8
334.525	8.4
334.32	6.42
333.87	5.81
333.24	6.14
332.805	7.955
331.12	11.285
329.35	14.58
328	16.875
327.815	17.95
327.38	18.09
328.175	17.375
328.17	16.4
328.975	14.73
************TIME_SERIES************
ClassID: 1
TimeSeriesLength: 30
TimeSeriesData: 
328.88	14.85
328.79	14.925
328.72	14.905
328.605	14.8
328.54	14.765
329.18	14.655
329.98	14.735
329.635	15.34
329.475	19.315
329.255	22.68
329.22	22.505
328.66	22.185
328.035	20.76
327.75	18.485
327.39	15.095
327.15	11.575
326.9	7.815
326.825	5.125
326.305	4.435
325.75	5.23
324.175	7.315
322.6	10.365
320.97	13.255
319.615	16.065
319.465	17.24
319.2	18.84
318.575	18.765
318.48	17.185
319.295	15.035
319.935	13.26
************TIME_SERIES************
ClassID: 1
TimeSeriesLength: 29
TimeSeriesData: 
319.775	13.175
319.615	13.185
319.52	13.245
319.41	13.365
319.285	13.435
319.125	13.435
319.075	13.255
319.72	13.32
319.14	14.865
318.785	18.775
318.32	21.055
317.995	20.815
317.71	18.68
317.295	16.1
316.84	12.95
316.325	9.865
315.98	6.905
315.49	3.89
315.37	2.16
314.78	2.555
314.16	3.825
312.61	5.76
310.73	9.005
309.325	11.745
308.89	13.58
308.28	13.515
308.095	12.75
307.945	11.39
308	9.17
************TIME_SERIES************
ClassID: 1
TimeSeriesLength: 29
TimeSeriesData: 
307.935	9.13
307.765	9.18
307.62	9.245
307.49	9.38
307.28	9.27
307.205	9.325
306.92	10.305
306.84	12.575
306.275	14.65
305.695	16
305.59	15.87
305.055	14.8
304.95	11.945
304.56	7.24
304.245	4.56
304.14	1.465
303.835	-2.135
302.215	-2.695
300.82	-0.275
300.29	1.105
298.995	4.34
297.675	7.015
296.335	9.525
295.77	12.375
295.55	13.73
294.96	13.64
294.815	12.24
295.465	10.115
296.32	7.58
************TIME_SERIES************
ClassID: 2
TimeSeriesLength: 43
TimeSeriesData: 
296.165	7.71
296.12	7.735
296.015	7.6
295.91	7.68
295.79	7.71
295.645	7.665
295.565	7.55
295.395	7
296.37	5.695
297.265	2.665
297.185	0.855
297.045	-0.01
296.83	0.6
296.35	3.05
295.805	7.25
294.505	12.275
294.005	16.405
293.465	18.82
292.03	19.845
290.575	18.165
290.285	15.02
289.755	10.16
290.67	4.755
290.635	0.745
290.29	-2.705
290.255	-4.49
290.135	-5.245
289.84	-3.585
289.405	-0.49
288.85	4.21
288.43	8.11
287.87	12.025
286.28	14.37
284.49	16.59
283.065	16.63
282.83	14.25
282.68	11.45
283.73	8.795
284.4	5.34
284.38	1.585
283.915	-0.365
283.145	-1.475
282.15	-2.015
************TIME_SERIES************
ClassID: 2
TimeSeriesLength: 43
TimeSeriesData: 
282.115	-2.025
282.06	-1.985
282	-1.91
281.86	-1.89
281.775	-1.81
281.725	-1.99
281.715	-2.135
282.365	-3.645
283.34	-5.91
284.165	-8.325
283.92	-8.98
283.28	-8.685
283.24	-7.115
283.185	-5.085
282.565	-1.305
281.135	4.07
279.66	8.395
279.275	9.975
277.845	9.195
277.44	6.6
277.18	3.36
276.645	-1.025
276.575	-6.27
277.215	-11.115
276.935	-15.415
276.92	-17.205
276.705	-17.2
275.245	-14.705
273.545	-9.945
272.16	-4.695
270.64	0.265
269.025	3.855
267.385	5.13
265.48	6.335
264.125	4.345
263.59	1.75
263.375	-1.82
264.465	-6.3
265.68	-11.16
265.67	-14.665
265.155	-16.075
265.08	-16.91
264.65	-15.76
************TIME_SERIES************
ClassID: 2
TimeSeriesLength: 42
TimeSeriesData: 
264.435	-15.805
264.295	-15.935
264.155	-15.89
264.01	-15.89
263.89	-16.03
263.635	-15.865
263.185	-14.815
263.02	-12.54
261.69	-9.105
261.155	-6.74
260.83	-6.485
260.525	-8.885
260.46	-12.64
261.225	-16.485
262.005	-22.68
263	-26.555
263.035	-31.66
261.575	-33.44
260.13	-34.165
257.56	-33.25
254.575	-27.905
251.99	-22.42
250.525	-17.825
248.73	-13.89
247.37	-11.685
245.46	-10.69
245.02	-12.14
245.7	-14.69
246.955	-19
246.645	-23.975
247.31	-29.385
247.22	-33.61
245.77	-35.53
244.065	-35.975
242.765	-32.88
241.12	-29.66
240.51	-26.395
240.17	-22.44
239.535	-20.035
239.14	-19.055
238.545	-18.61
238.215	-19.72
************TIME_SERIES************
ClassID: 2
TimeSeriesLength: 46
TimeSeriesData: 
238.13	-19.755
238.09	-19.85
238.025	-19.72
237.95	-19.645
237.86	-19.615
237.78	-19.625
237.67	-19.725
237.45	-18.815
237.425	-16.375
237.225	-13.57
236.935	-12.12
236.58	-10.735
236.48	-11.665
236.4	-14.32
236.015	-17.91
236.735	-21.33
237.985	-25.29
238.72	-30.395
238.57	-34.75
236.885	-35.785
235.22	-34.79
232.465	-31.765
229.83	-28.425
228.155	-23.085
226.65	-18.005
225.32	-13.525
223.99	-11.885
223.46	-12.225
222.835	-12.935
223.48	-15.1
224.335	-17.605
225.43	-20.98
226.325	-25.97
226.09	-31.22
224.78	-34.475
223.36	-35.23
221.575	-34.245
220.225	-31.67
218.385	-27.435
218.06	-24.07
217.745	-20.95
217.62	-18.805
217.555	-17.35
217.135	-16.95
216.86	-17.91
216.625	-19.41
************TIME_SERIES************
ClassID: 2
TimeSeriesLength: 41
TimeSeriesData: 
216.545	-19.505
216.45	-19.48
216.4	-19.41
216.265	-19.415
216.15	-19.155
215.965	-19.125
215.82	-16.63
215.445	-13.595
215.285	-11.4
215.065	-10.41
214.555	-11.865
213.935	-15.01
214.605	-18.5
215.64	-23.38
216.73	-27.375
216.705	-31.36
216.245	-33.285
214.765	-33.38
212.075	-31.505
208.955	-24.335
207.295	-18.67
205.87	-13.11
204.145	-10.09
202.48	-8.4
201.89	-9.955
201.76	-13.425
201.555	-19.125
202.305	-24.88
201.875	-29.365
201.725	-32.885
200.175	-33.955
199.555	-35.045
198.055	-32.565
197.515	-29.41
196.98	-25.3
196.78	-22.5
196.51	-19.745
196.385	-18.49
195.88	-18.48
195.425	-19.635
195.235	-21.825
************TIME_SERIES************
ClassID: 2
TimeSeriesLength: 41
TimeSeriesData: 
195.145	-21.635
195.075	-21.705
195.01	-21.69
194.955	-21.765
194.825	-21.71
195.48	-21.155
195.185	-18.355
194.545	-15.32
194.365	-12.535
194.215	-13.31
193.73	-15.685
193.695	-18.56
193.29	-21.32
194.145	-24.345
195.18	-26.68
195.125	-30.175
195.07	-32.36
194.825	-34.4
192.96	-34.32
190.25	-32.34
187.45	-27.86
184.355	-20.28
182.71	-14.165
181.295	-11.78
181.16	-11.875
180.79	-12.595
180.6	-13.21
181.27	-18.7
182.21	-26.425
181.905	-31.93
181.305	-34.685
179.465	-35.68
177.705	-33.42
175.855	-30.6
174.445	-26.19
174.005	-22.75
173.885	-19.375
173.66	-17.245
172.765	-17.01
172.36	-19.41
173.185	-24.25
************TIME_SERIES************
ClassID: 2
TimeSeriesLength: 39
TimeSeriesData: 
172.99	-24.345
172.905	-24.305
172.825	-24.215
172.645	-24.09
172.53	-23.86
172.31	-23.615
171.745	-21.255
171.55	-17.875
171.01	-17.38
170.75	-18.47
170.7	-21.02
170.42	-24.92
171.69	-29.19
172.335	-32.805
172.045	-36.335
170.5	-38.455
169.145	-37
167.32	-33.42
165.54	-27.825
163.76	-22.625
163.4	-19.46
162.775	-17.425
162.335	-17.135
163.16	-18.605
164.225	-21.285
164.91	-25.83
164.625	-30.215
164.585	-35.36
164.185	-38.15
163.68	-38.305
162.15	-37.265
160.635	-31.755
158.86	-26.515
158.255	-22.82
158.04	-20.465
157.69	-18.535
157.085	-17.685
156.445	-18.62
157.085	-21.855
************TIME_SERIES************
ClassID: 2
TimeSeriesLength: 40
TimeSeriesData: 
157.02	-21.82
156.98	-21.705
156.91	-21.725
156.855	-21.65
156.72	-21.69
156.42	-20.84
156.26	-18.025
156.1	-15.715
156.06	-13.97
155.995	-12.74
155.665	-13.93
155.24	-16.19
155.995	-20.475
156.915	-26.88
157.805	-31.02
157.68	-34.255
156.23	-35.285
154.34	-34.22
151.64	-31.27
148.96	-24.915
147.095	-19.94
146.46	-15.975
145.9	-14.595
145.275	-13.91
144.96	-15.56
145.92	-17.655
147.01	-21.99
148.13	-27.135
147.545	-32.33
147.19	-35.605
145.745	-35.29
145.195	-32.62
143.59	-30.595
142.115	-26.38
141.87	-23.29
141.805	-20.77
141.305	-19.89
141.125	-20.225
141.07	-21.88
142.065	-23.93
************TIME_SERIES************
ClassID: 2
TimeSeriesLength: 40
TimeSeriesData: 
141.91	-23.845
141.83	-23.84
141.585	-23.43
141.455	-23.115
141.2	-22.81
140.745	-21.47
139.99	-19.055
139.86	-16.57
139.715	-15.66
139.11	-16.325
139.035	-18.455
138.67	-20.835
139.715	-25.305
140.665	-28.71
141.455	-33.465
141.27	-36.53
139.82	-37.905
138.335	-37.25
135.235	-31.525
132.295	-24.465
130.675	-18.66
128.99	-14.555
128.375	-12.765
128.21	-12.52
128.055	-15.37
128.835	-20.44
129.935	-26.4
129.51	-31.81
129.33	-35.62
127.8	-36.785
126.26	-36.465
124.55	-33.955
123.205	-28.74
121.84	-24.705
121.5	-20.98
121.35	-19.745
121.265	-19.255
120.785	-19.675
120.34	-21.92
121.405	-24.48
************TIME_SERIES************
ClassID: 2
TimeSeriesLength: 41
TimeSeriesData: 
121.28	-24.54
121.18	-24.42
121.03	-24.435
120.95	-24.32
120.895	-24.38
120.775	-24.23
120.67	-24.035
120.505	-23.38
120.03	-20.41
119.595	-16.815
119.18	-16.02
118.84	-16.575
118.5	-19.28
118.455	-23.7
119.645	-29.46
120.285	-34.42
120.125	-39.51
118.315	-41.965
115.48	-39.4
112.87	-34.52
110.28	-28.05
108.545	-21.68
106.745	-17.81
105.35	-16.68
103.97	-15.81
103.95	-16.275
103.72	-18.225
104.69	-23.29
105.48	-28.41
105.44	-34.235
105.15	-38.835
103.29	-40.13
101.755	-39.465
100.39	-34.61
98.62	-30.305
98.315	-26.9
98.105	-23.32
97.86	-21.755
97.71	-20.93
97.075	-21.865
97.72	-24.83
************TIME_SERIES************
ClassID: 2
TimeSeriesLength: 43
TimeSeriesData: 
97.635	-24.835
97.485	-24.79
97.37	-24.645
97.225	-24.775
97.105	-24.57
96.91	-24.545
96.5	-23.135
96.29	-19.38
95.92	-16.115
95.495	-14.945
95.055	-14.425
93.565	-15.815
94.36	-22.635
95.44	-27.415
96.135	-31.12
96.005	-34.185
95.99	-36.29
95.435	-37
93.695	-37.555
90.875	-36.165
87.925	-30.905
86.465	-25.415
85.07	-20.195
85.035	-17.35
84.405	-16.19
83.645	-16.405
84.615	-18.5
85.835	-22.54
85.66	-27.24
85.355	-30.85
85.345	-34.695
84.815	-36.665
84.21	-38.39
82.645	-37.965
80.78	-35.16
79.355	-30.235
79.17	-27.66
78.94	-24.6
78.465	-23.375
77.845	-22.98
77.385	-23.865
77.075	-26.38
77.045	-28.335
************TIME_SERIES************
ClassID: 2
TimeSeriesLength: 46
TimeSeriesData: 
76.805	-28.28
76.575	-28.205
76.385	-28.335
76.145	-28.15
75.95	-28.345
75.76	-28.32
75.47	-28.37
75.425	-25.515
73.96	-21.67
73.605	-19.54
73.025	-19.28
73.02	-20.85
72.495	-24.92
72.325	-28.455
71.935	-31.575
71.7	-35.48
72.35	-39.24
71.98	-41.945
71.38	-42.59
69.755	-40.555
66.805	-36.535
64.01	-29.91
61.155	-23.94
60.55	-20.92
59.94	-19.24
59.595	-18.815
58.98	-19.31
58.665	-20.23
58.24	-25.24
57.805	-30.46
57.535	-35.915
57.23	-40.21
55.505	-41.9
54.19	-42.43
52.745	-41.31
51.155	-39.055
49.42	-35.19
48.02	-31.93
47.73	-28.69
47.565	-25.795
47.125	-24.305
46.82	-24.46
46.335	-24.94
46.325	-27.16
47.16	-29.72
47.105	-31.18
************TIME_SERIES************
ClassID: 2
TimeSeriesLength: 42
TimeSeriesData: 
47.01	-31.19
46.865	-31.225
46.785	-31.035
46.685	-31.085
46.59	-30.995
46.52	-30.885
46.5	-30.18
46.05	-27.89
45.79	-24.88
45.225	-23.47
44.915	-24.625
44.655	-25.88
44.295	-29.735
44.285	-34.605
45.105	-39.3
45.05	-43.655
44.445	-45.485
41.845	-208.805
39.005	-205.35
36.43	-199.605
34.55	-193.45
32.905	-188.575
31.185	-185.28
30.705	-183.915
30.505	-184.605
31.43	-23.85
31.115	-26.135
31.095	-30.675
30.765	-33.94
30.325	-37.24
29.955	-39.37
29.36	-39.66
27.775	-38.425
27.45	-35.865
26.015	-31.46
25.67	-27.995
25.35	-24.12
25.17	-22.735
24.995	-22.61
24.45	-23.92
24.325	-25.61
25.325	-28.19
************TIME_SERIES************
ClassID: 2
TimeSeriesLength: 44
TimeSeriesData: 
25.15	-28.215
24.965	-28.035
24.81	-28.085
24.615	-27.98
24.435	-27.97
24.25	-27.855
24.16	-27.225
24.04	-23.57
23.905	-20.03
23.735	-19.065
23.13	-19.33
23.11	-21.45
22.955	-24.02
22.82	-27.555
22.475	-30.855
22.355	-34.135
22.995	-36.93
21.66	-39.615
20.235	-39.36
18.92	-38.445
17.46	-34.435
15.985	-29.155
14.42	-23.395
13.92	-21.015
13.6	-18.555
13.325	-18.525
13.29	-19.26
12.675	-21.505
12.08	-24.245
11.445	-28.765
10.915	-33.15
10.88	-36.795
9.275	-39.36
7.66	-39.8
5.925	-38.585
4.615	-35.385
4.115	-30.5
3.675	-26.045
3.5	-23.695
3.05	-21.65
2.61	-21.55
2.44	-22.185
2.1	-24.84
2.01	-26.97
************TIME_SERIES************
ClassID: 2
TimeSeriesLength: 45
TimeSeriesData: 
1.835	-27.045
1.72	-26.75
1.55	-26.79
1.395	-26.55
1.265	-26.66
1.06	-26.675
1.795	-26.205
1.405	-23.13
0.835	-20.07
0.565	-18.245
0.54	-19.495
0.27	-21.235
-0.66	-24.505
-0.86	-28
-0.1	-32.055
1	-36.1
0.95	-39.34
0.755	-41.215
-0.82	-42.51
-2.36	-41.77
-5.33	-39.415
-7.96	-34.605
-9.63	-28.04
-11.01	-22.75
-12.435	-20.185
-13.41	-19.575
-13.815	-19.765
-14.14	-21.69
-13.5	-25.105
-12.635	-30.19
-12.67	-35.565
-12.82	-38.795
-14.14	-40.765
-15.96	-40.425
-17.545	-39.015
-18.15	-36.06
-19.63	-30.97
-19.91	-27.645
-20.29	-25.355
-20.325	-23.74
-20.825	-24.485
-21.38	-26.27
-21.415	-27.595
-20.755	-29.455
-20.05	-31.035
************TIME_SERIES************
ClassID: 2
TimeSeriesLength: 45
TimeSeriesData: 
-20.15	-31.075
-20.285	-31
-20.33	-31.005
-20.375	-30.95
-20.475	-30.83
-20.595	-30.72
-21.155	-28.145
-21.395	-24.985
-21.635	-22.675
-21.95	-22.31
-22	-23.96
-22.205	-27.125
-21.505	-31.05
-184.1	-36.42
-183.245	-42.19
-183.565	-46.515
-185.425	-48.27
-188.275	-47.78
-192.16	-43.885
-195.255	-37.795
-197.69	-32.28
-199.6	-26.925
-199.64	-24.865
-199.915	-24.485
-200.33	-24.91
-200.905	-25.88
-201.325	-27.915
-200.44	-32.145
-199.8	-38.035
-199.905	-43.39
-200.065	-46.535
-201.595	-47.71
-203.005	-45.92
-204.89	-42.625
-206.395	-39.455
-206.6	-36.005
-207.095	-33.2
-207.465	-30.515
-207.925	-29.05
-208.065	-28.455
-208.195	-28.935
-208.815	-29.845
-209.06	-31.91
-208.265	-34.5
-207.475	-35.795
************TIME_SERIES************
ClassID: 2
TimeSeriesLength: 43
TimeSeriesData: 
-207.565	-35.73
-207.65	-35.63
-207.775	-35.475
-207.795	-35.445
-207.865	-35.45
-207.88	-35.28
-207.965	-33.525
-208.125	-30.195
-208.24	-27.75
-208.335	-27.34
-208.785	-27.29
-209.105	-28.365
-209.66	-32.11
-209.685	-36.975
-208.68	-43.18
-208.875	-47.13
-210.59	-49.33
-212.46	-47.63
-214.29	-42.815
-215.64	-37.785
-217.01	-31.135
-218.4	-26.56
-218.835	-24.01
-219.37	-22.77
-219.84	-23.635
-220.405	-24.98
-220.775	-28.225
-220.82	-32.67
-221.37	-37.615
-221.93	-41.965
-222.55	-45.625
-224.075	-46.88
-225.96	-45.925
-227.555	-43.025
-229.05	-38.685
-229.325	-33.775
-229.455	-30.525
-230.31	-27.58
-230.355	-26.75
-230.46	-27.2
-230.55	-28.485
-230.59	-30.835
-229.695	-34.16
************TIME_SERIES************
ClassID: 2
TimeSeriesLength: 45
TimeSeriesData: 
-229.71	-34.12
-229.795	-34.085
-229.905	-34.175
-229.975	-34.175
-230.08	-34.075
-230.14	-34.17
-230.28	-32.835
-230.48	-29.575
-230.77	-25.765
-230.78	-24.91
-231.29	-24.345
-231.64	-26.715
-231.775	-31.945
-230.865	-37.42
-231.285	-41.825
-231.825	-46.005
-232.02	115.31
-233.305	115.47
-236.085	118.075
-238.7	122.905
-240.08	129.73
-240.68	135.585
-241.26	140.265
-241.765	141.535
-242.235	140.17
-242.77	139.605
-243	134.58
-242.25	129.235
-242.375	124.835
-242.395	121.54
-243.945	118.21
-245.325	117.365
-246.975	118.505
-247.465	121.085
-248.05	125.43
-248.115	129.33
-248.66	132.935
-248.82	135.925
-249.195	136.855
-249.32	135.97
-249.685	133.75
-248.995	131.04
-247.89	128.73
-247.155	127.07
-246.505	127.59
************TIME_SERIES************
ClassID: 2
TimeSeriesLength: 43
TimeSeriesData: 
-246.575	127.525
-246.635	127.53
-246.685	127.615
-246.74	127.515
-246.835	127.715
-246.855	127.975
-246.18	128.75
-246.655	132.405
-246.84	135.37
-247.015	137.13
-248.69	136.55
-249.32	134.16
-249.37	129.855
-248.6	123.78
-247.85	118.775
-247.915	115.18
-249.705	114.645
-251.325	115.87
-252.625	118.495
-254.315	123.89
-255.75	128.62
-257.145	132.73
-257.175	135.365
-257.4	136.97
-257.75	137.665
-258.305	134.935
-258.82	130.63
-258.01	125.905
-258.49	120.97
-258.8	117.31
-259.325	114.975
-260.775	114.83
-261.265	114.6
-262.575	116.04
-263.975	120
-265.285	124.865
-265.59	128.44
-265.98	131.49
-267.04	133.15
-267.28	133.485
-267.84	132.255
-267.17	129.355
-266.14	126.785
************TIME_SERIES************
ClassID: 2
TimeSeriesLength: 41
TimeSeriesData: 
-266.21	126.755
-266.29	126.785
-266.36	126.83
-266.425	126.915
-266.485	126.905
-266.57	127
-266.89	129.035
-267.435	131.515
-268	133.93
-268.43	134.755
-269.04	134.93
-270.385	132.895
-270.45	128.06
-269.425	121.16
-269.455	116.65
-269.91	111.21
-271.325	111.185
-274.33	113.055
-276.895	117.655
-278.58	123.495
-280.355	130.035
-280.455	132.975
-280.67	135.195
-279.765	134.11
-279.855	132.7
-280	129.48
-280.39	125.925
-280.405	121.64
-280.745	117.32
-280.755	113.56
-282.075	111.975
-283.905	112.5
-285.4	114.795
-285.9	119.43
-286.51	123.885
-286.905	127.65
-287.25	129.57
-287.355	129.38
-287.83	127.45
-287.005	123.945
-286.335	121.65
************TIME_SERIES************
ClassID: 3
TimeSeriesLength: 38
TimeSeriesData: 
-286.485	121.68
-286.575	121.82
-286.645	121.875
-286.845	121.9
-287.01	121.86
-287.08	121.71
-287.095	121.575
-287.6	120.63
-288.09	120.995
-288.61	122.715
-289.2	125.77
-289.66	128.96
-289.745	131.03
-289.01	130.82
-287.96	129.25
-287.155	126.395
-287.37	124.115
-287.615	119.88
-288.185	116.99
-289.6	113.75
-291.49	113.09
-292.98	114.56
-294.285	116.88
-294.515	118.45
-294.75	120.69
-293.9	122.22
-292.925	123.05
-292.105	123.96
-291.18	124.085
-292.015	125.17
-292.34	125.015
-293.94	125.42
-294.525	124.52
-294.53	123.515
-294.575	123.735
-294.665	123.19
-294.735	122.74
-295	122.375
************TIME_SERIES************
ClassID: 3
TimeSeriesLength: 36
TimeSeriesData: 
-295.26	122.31
-295.33	122.26
-295.59	122.04
-295.77	122.15
-295.92	122
-295.28	121.77
-295.75	285.03
-297.28	286.915
-298.73	290.955
-299.785	293.375
-300.2	294.66
-300.245	295.625
-299.465	295.225
-298.49	293.13
-298.75	289.32
-299.115	285.16
-299.535	280.935
-301.08	277.025
-302.77	274.81
-305.465	274.59
-307.765	277.545
-309.67	279.775
-310.235	282.075
-309.275	284.755
-308.365	285.705
-307.125	284.88
-305.885	284.715
-305.965	285.575
-306.355	286.27
-306.825	285.91
-308.125	284.9
-308.38	284.835
-308.915	284.755
-309.205	285.075
-309.745	283.79
-309.085	283.7
************TIME_SERIES************
ClassID: 3
TimeSeriesLength: 36
TimeSeriesData: 
-309.285	283.765
-309.445	283.815
-309.545	283.75
-309.78	283.695
-309.94	283.675
-310.115	283.42
-309.47	283.18
-309.795	282.66
-310.31	284.775
-310.72	287.355
-310.86	289.255
-310.925	291.385
-311.08	293.245
-311.1	294.545
-311.175	293.08
-310.46	289.18
-310.89	283.885
-311.515	278.75
-313.225	275.635
-314.56	272.69
-316.175	272.835
-317.945	274.455
-319.775	276.48
-321.235	279.615
-321.415	282.765
-320.23	284.315
-319.385	285.42
-318.22	285.28
-317.485	286.315
-316.83	286.025
-317.435	286.13
-317.62	286.4
-318.11	286.21
-318.59	285.335
-319.07	284.63
-318.43	284.085
************TIME_SERIES************
ClassID: 3
TimeSeriesLength: 36
TimeSeriesData: 
-318.495	284.29
-318.58	284.31
-318.73	284.345
-318.915	284.515
-318.97	284.45
-319.135	283.755
-319.14	282.4
-319.55	280.535
-319.84	281.375
-321.31	285.89
-323.105	289.875
-323.655	291.505
-323.985	292.535
-324.45	293.38
-324.895	293.13
-325.005	290.875
-325.39	288.135
-326.57	284.04
-326.84	279.705
-328.285	275.985
-330.085	274.475
-331.825	275.585
-333.635	276.89
-334.235	279.38
-334.265	279.88
-334.625	282.535
-333.815	283.675
-333.885	284.755
-333.065	284.665
-333.56	285.11
-334.91	285.115
-335.175	285.16
-335.37	285.98
-336.475	286.03
-335.63	286.26
-335.97	285.2
************TIME_SERIES************
ClassID: 3
TimeSeriesLength: 34
TimeSeriesData: 
-336.125	285.21
-336.31	285.16
-336.48	285.405
-336.625	285.4
-336.75	285.615
-336.88	285.415
-336.995	284.075
-337.26	284.585
-337.815	286.27
-339.255	288.77
-340.69	291.655
-341.185	293.285
-341.545	293.655
-341.605	293.35
-341.99	290.69
-342.58	287.565
-342.765	281.985
-342.865	277.525
-344.18	274.5
-345.67	274.11
-347.03	275.61
-348.66	277.97
-350.545	281.77
-351.885	284.475
-352.52	285.905
-351.735	286.23
-351.55	287.07
-351.67	287.24
-351.97	287.55
-352.575	287.865
-354.22	288.18
-354.85	286.87
-354.945	286.47
-354.965	285.17
************TIME_SERIES************
ClassID: 3
TimeSeriesLength: 34
TimeSeriesData: 
-355.175	284.955
-355.35	285.105
-355.51	284.995
-355.665	285.105
-355.795	285.255
-354.995	285.44
-355.255	285.32
-355.825	287.795
-356.13	289.46
-356.46	291.23
-356.935	293.565
-356.96	294.64
-357.535	294.17
-357.57	292.24
-358.13	288.255
-358.57	283.21
-358.59	278.265
-360.095	275.18
-361.915	273.61
-363.265	275.215
-364.585	277.105
-365.88	279.855
-366.52	281.99
-367.85	284.12
-367.1	285.99
-366.33	287.855
-366.355	288.55
-366.385	288.975
-366.865	288.495
-368.18	288.79
-370.045	288.12
-370.115	289.08
-370.38	288.41
-370.495	287.63
************TIME_SERIES************
ClassID: 3
TimeSeriesLength: 34
TimeSeriesData: 
-370.63	287.77
-370.865	287.55
-371.05	287.66
-371.185	287.695
-371.345	287.93
-370.48	288.185
-371.23	288.095
-371.63	290.3
-372.95	292.865
-374.31	295.565
-374.56	297.135
-374.85	297.385
-374.95	296.14
-374.175	293.305
-374.41	290
-374.555	286.215
-375.095	282.46
-375.44	279.04
-376.045	277.27
-377.345	277.695
-379.07	279.08
-380.935	281.67
-381.315	284.45
-381.405	286.475
-381.565	287.225
-381.745	287.985
-381.015	288.885
-381.27	289.575
-381.3	289.76
-381.77	289.72
-382.1	290.37
-383.59	290.135
-384.22	289.105
-384.495	288.61
************TIME_SERIES************
ClassID: 3
TimeSeriesLength: 32
TimeSeriesData: 
-384.715	288.645
-385	288.555
-385.205	288.635
-385.375	288.53
-385.585	288.59
-385.85	288.515
-384.855	287.985
-385.31	288.26
-387.115	291.78
-388.705	293.97
-389.32	295.91
-389.79	297.48
-389.81	297.195
-390.43	295.435
-390.57	291.62
-391.1	287.685
-391.645	283.435
-391.935	280.365
-392.42	277.565
-394.26	276.8
-395.71	278.265
-397.165	280.3
-398.905	282.67
-400.42	284.475
-401.015	285.755
-401.05	286.22
-400.32	287.015
-400.625	286.75
-401.98	287.095
-402.54	286.78
-403.93	286.435
-405.62	286.345
************TIME_SERIES************
ClassID: 3
TimeSeriesLength: 34
TimeSeriesData: 
-404.92	285.96
-405.16	285.605
-405.31	285.9
-405.63	286.035
-405.945	286.645
-406.185	286.91
-406.44	288.985
-407.77	291.615
-408.405	294.9
-408.805	297.2
-408.825	297.21
-408.105	295.685
-408.36	293.775
-408.385	291.06
-408.65	287.85
-409.005	284.46
-409.535	281.28
-410.845	278.42
-412.57	277.99
-414.465	279.7
-416.375	282.495
-418.085	284.89
-419.71	286.65
-420.275	288.88
-419.635	289.58
-418.605	290.295
-417.79	290.565
-418.19	290.62
-418.39	290.54
-419.835	290.11
-421.34	290.225
-422.76	289.735
-422.945	288.88
-423.52	288.455
************TIME_SERIES************
ClassID: 3
TimeSeriesLength: 36
TimeSeriesData: 
-423.65	288.55
-423.755	288.495
-423.885	288.585
-424.005	288.65
-424.17	288.745
-424.275	288.725
-423.36	288.505
-423.745	288.855
-424.595	290.51
-425.05	293.21
-425.515	295.71
-426.13	297.72
-426.475	298.495
-427.07	298.66
-427.405	295.91
-427.535	292.405
-427.755	288.345
-427.95	285.055
-429.26	281.22
-429.625	279.015
-430.035	277.83
-431.335	278.63
-433.205	280.955
-434.6	284.445
-435.93	286.24
-436.035	287.025
-436.29	287.125
-435.255	287.69
-435.515	287.88
-436.845	287.89
-438.235	287.445
-439.715	287.895
-441.43	288.3
-442.835	289.76
-443.68	289.525
-442.5	289.35
************TIME_SERIES************
ClassID: 3
TimeSeriesLength: 36
TimeSeriesData: 
-442.685	289.215
-442.735	289.315
-442.885	289.175
-443.02	289.125
-443.04	289.01
-441.89	289.065
-442.175	287.29
-442.26	289.925
-443.155	292.015
-443.755	294.615
-443.96	297
-444.135	297.725
-444.3	298.38
-444.315	295.93
-444.4	291.96
-444.72	286.82
-446.01	281.505
-447.035	279.24
-447.67	277.025
-448.25	276.815
-450.23	278.035
-451.55	280.44
-452.985	283.315
-454.64	285.535
-455.04	286.52
-454.165	286.83
-453.01	286.18
-452.025	286.14
-452.42	285.66
-452.92	285.835
-454.27	285.34
-455.95	286.495
-457.69	286.48
-457.95	286.16
-457.185	287.19
-457.235	286.38
************TIME_SERIES************
ClassID: 3
TimeSeriesLength: 37
TimeSeriesData: 
-457.33	286.46
-457.45	286.585
-457.555	286.61
-457.605	286.615
-457.755	286.58
-457.79	286.48
-456.79	286.58
-457.235	287.055
-457.525	289.46
-459.065	293.125
-459.59	295.895
-459.93	296.99
-460.01	297.125
-460.49	294.85
-460.805	291.625
-461.16	287.12
-461.45	282.615
-462.41	279.37
-462.715	276.88
-463.26	276.02
-463.865	277.13
-465.585	278.79
-467.495	280.915
-468.995	283.625
-469.3	284.33
-469.695	285.22
-468.62	285.835
-467.835	286.18
-467.905	286.295
-468.4	286.09
-468.585	286.435
-470.165	286.37
-471.86	285.435
-473.71	285.26
-474.05	285.15
-473.33	284.755
-473.645	284.5
************TIME_SERIES************
ClassID: 3
TimeSeriesLength: 33
TimeSeriesData: 
-473.745	284.635
-473.865	284.705
-474.055	284.765
-474.145	284.81
-474.185	284.73
-473.445	284.555
-473.71	283.19
-473.87	283.355
-474.12	286.615
-475.45	290.165
-475.92	293.57
-477.31	294.77
-477.84	295.14
-478.355	292.23
-478.89	288.84
-478.965	284.69
-479.51	279.285
-479.84	275.975
-480.175	273.34
-482.005	273.095
-483.7	275
-485.505	276.44
-487.07	279.29
-487.49	280.905
-487.985	282.285
-488.4	283.16
-488.695	285.4
-489.005	284.8
-490.425	284.81
-491.775	285.33
-493.415	283.89
-494.02	284.74
-494.22	283.84
************TIME_SERIES************
ClassID: 3
TimeSeriesLength: 36
TimeSeriesData: 
-494.35	283.865
-494.545	283.98
-494.675	283.93
-494.76	283.905
-494.88	283.88
-494.945	283.855
-493.89	283.72
-493.94	281.005
-494.565	283.875
-496.425	287.825
-498.34	290.785
-499.985	291.185
-500.41	290.87
-500.74	288.955
-500.985	285.93
-501.06	283.07
-501.51	278.165
-501.92	273.325
-502.53	270.5
-503.075	269.085
-504.635	270.41
-504.9	272.475
-506.325	275.295
-507.895	277.51
-509.29	279.71
-509.5	279.72
-510.07	280.59
-510.565	280.41
-511.19	280.265
-511.5	280.03
-513.41	279.72
-514.955	279.83
-516.775	280.21
-517.23	280.48
-517.575	280.49
-516.88	280.36
************TIME_SERIES************
ClassID: 3
TimeSeriesLength: 38
TimeSeriesData: 
-517.115	280.525
-517.26	280.68
-517.475	280.815
-517.56	280.97
-517.715	281.025
-517.85	281.105
-517.96	281.065
-516.955	280.75
-518.385	280.22
-518.83	283.32
-520.36	284.91
-522.075	288.235
-522.51	289.2
-522.81	289.05
-522.96	287.74
-523.41	284.93
-523.575	280.71
-524.175	277.75
-524.58	274.375
-525.095	271.415
-525.73	270.725
-527.07	270.43
-528.65	273.09
-530.515	275.83
-531.84	277.83
-533.155	279.93
-533.295	280.335
-532.295	281.085
-532.445	281.72
-531.51	280.845
-532.065	281.205
-368.595	280.565
-370.14	280.75
-371.515	280.855
-373.23	281.49
-374.645	282.21
-375.06	281.42
-374.025	280.905
************TIME_SERIES************
ClassID: 3
TimeSeriesLength: 37
TimeSeriesData: 
-374.19	280.89
-374.355	280.825
-374.56	280.885
-374.835	280.92
-375.02	281.07
-375.17	280.975
-374.355	281.035
-374.925	281.31
-376.475	283.81
-377.765	286.83
-379.205	289.67
-379.69	291.575
-379.97	291.4
-380.03	290.18
-380.515	287.175
-380.93	283.075
-381.08	278.64
-381.645	275.18
-382.245	272.475
-382.82	270.87
-384.42	270.72
-385.745	271.725
-387.395	274.335
-388.985	276.785
-390.6	278.905
-391.15	280.105
-391.55	279.935
-390.62	280.045
-389.97	280.1
-390.55	280.1
-390.995	280.265
-392.595	280.375
-393.895	280.56
-395.46	280.535
-396.065	281.26
-396.135	281.135
-395.375	280.33
************TIME_SERIES************
ClassID: 3
TimeSeriesLength: 38
TimeSeriesData: 
-395.525	280.465
-395.655	280.485
-395.745	280.71
-395.88	280.775
-395.91	280.91
-395.985	280.835
-394.72	281.435
-395.01	282.995
-395.3	284.955
-395.92	287.715
-397.215	289.925
-398.5	289.79
-398.525	289.495
-398.75	287.315
-398.875	284.57
-399.245	281.16
-399.575	276.465
-399.62	272.57
-399.9	270.7
-400.19	270.34
-401.07	271.565
-401.27	273.85
-402.85	275.875
-404.17	279.08
-404.68	280.935
-405.08	281.945
-405.435	281.945
-404.66	281.485
-403.895	280.595
-403.16	279.51
-403.8	279.99
-403.85	279.815
-405.225	280.025
-405.52	280.28
-407.135	279.31
-408.565	279.475
-409.04	279.175
-409.56	278.805
************TIME_SERIES************
ClassID: 3
TimeSeriesLength: 40
TimeSeriesData: 
-409.68	279.05
-409.715	279.115
-409.795	279.06
-409.84	279
-409.92	279.105
-409.975	279.255
-409.99	279.285
-409.18	279.215
-408.17	278.745
-408.54	279.045
-408.815	282.23
-409.395	284.675
-410.74	287.035
-411.175	288.395
-411.365	289.025
-411.855	286.815
-412.36	285.9
-412.76	283.245
-411.875	280.66
-412.375	276.84
-412.46	273.15
-412.685	270.545
-413.305	269.545
-414.67	270.09
-416.335	270.945
-418.105	273.95
-419.97	276.28
-421.265	278.39
-421.9	279.7
-421.11	279.91
-420.085	280.335
-419.23	280.24
-419.29	280.265
-419.315	280.435
-419.86	281.045
-421.245	280.88
-422.85	280.925
-423.395	281.76
-423.435	283.035
-423.61	281.33
************TIME_SERIES************
ClassID: 3
TimeSeriesLength: 36
TimeSeriesData: 
-422.97	281.45
-423.005	281.42
-423.025	281.395
-423.03	281.405
-423.095	281.55
-423.17	281.5
-422.47	281.545
-422.685	281.325
-422.94	283.835
-423.2	286.87
-423.56	288.99
-424.075	290.96
-424.59	292.275
-425.07	292.075
-425.665	290.29
-426.22	286.92
-426.76	282.525
-428.07	278.13
-428.6	275.61
-429.935	272.995
-430.545	271.745
-432.025	271.96
-433.945	274.23
-435.865	277.03
-437.6	280.56
-438.14	282.585
-437.495	283.69
-436.23	283.83
-435.415	283.76
-435.465	284.245
-435.84	284.79
-437.17	285.5
-439.825	285.29
-441.735	285.295
-443.345	285.465
-443.945	286.12
************TIME_SERIES************
ClassID: 3
TimeSeriesLength: 38
TimeSeriesData: 
-443.96	286.21
-444.035	286.285
-444.28	286.415
-444.36	286.63
-444.505	286.455
-444.51	286.4
-444.805	284.785
-444.975	286.6
-445.535	289.8
-446.09	292.525
-446.575	294.69
-446.78	295.96
-447.985	297.205
-448.08	297.46
-448.14	294.765
-448.2	291.645
-448.735	286.68
-449.045	282.225
-450.61	278.885
-451.99	275.47
-453.54	274.9
-454.83	275.65
-456.54	276.94
-458.32	279.045
-459.995	280.655
-460.575	282.555
-460.82	284.315
-460.005	285.255
-459.29	285.9
-459.625	286.365
-459.765	286.735
-461.25	287.11
-463.15	286.79
-464.605	287.09
-466.14	287.16
-466.395	287
-465.325	287.715
-464.405	285.675
************TIME_SERIES************
ClassID: 4
TimeSeriesLength: 37
TimeSeriesData: 
-464.705	286.005
-465.11	286.96
-465.515	287.315
-465.57	287.73
-465.64	288.415
-465.65	287.955
-465.845	287.765
-466.39	287.83
-466.755	287.97
-467.03	288.13
-467.325	288.32
-467.18	287.89
-466.04	288.94
-465.285	286.815
-464.545	286.91
-463.79	288.33
-463.875	290.24
-465.265	293.045
-466.605	294.67
-468.39	296.33
-470.16	297.65
-471.715	298.375
-473.04	298.3
-474.35	298.5
-474.68	297.685
-475.08	295.51
-475.205	292.86
-475.74	290.56
-475.85	288.175
-476.235	285.51
-476.64	284.46
-477.15	283.84
-477.525	284.595
-477.995	285.7
-478.315	287.24
-478.675	289.09
-479.11	291.24
************TIME_SERIES************
ClassID: 4
TimeSeriesLength: 35
TimeSeriesData: 
-479.38	291.255
-479.505	291.63
-479.62	293.685
-479.9	293.705
-480.455	294.625
-480.465	295.09
-480.765	295.165
-481.38	295.18
-481.895	294.87
-482.375	295.37
-482.55	292.655
-481.625	292.55
-480.655	291.13
-479.85	291.06
-480.38	292.33
-480.69	293.61
-481.27	295.155
-482.78	297.3
-484.12	298.99
-484.59	300.075
-485.07	300.965
-485.525	301.46
-486.46	301.525
-486.715	299.745
-486.73	297.785
-487.31	296.81
-487.82	294.065
-487.92	290.955
-488.35	289.02
-488.9	287.775
-489.35	287.275
-489.78	287.475
-490.305	288.735
-490.905	290.865
-491.35	293.135
************TIME_SERIES************
ClassID: 4
TimeSeriesLength: 34
TimeSeriesData: 
-491.505	294.08
-491.735	294.405
-491.78	295.595
-492.24	296.34
-492.39	296.39
-492.425	297.155
-493.045	297.24
-493.3	296.965
-493.87	297.295
-494.06	296.975
-494.46	296.345
-494.69	295.84
-493.745	294.285
-492.91	293.68
-492.265	293.64
-492.675	295.165
-492.945	296.725
-493.465	298.67
-494.015	300.37
-494.505	301.885
-494.905	302.82
-495.2	303.16
-495.475	302.95
-495.935	301.95
-496.39	300.06
-496.99	298.355
-497.38	296.4
-497.82	294.66
-498.25	292.91
-498.715	292.19
-499.04	291.76
-499.67	292.76
-500.145	294.335
-500.505	295.87
************TIME_SERIES************
ClassID: 4
TimeSeriesLength: 34
TimeSeriesData: 
-500.59	297.005
-500.85	297.34
-500.93	297.845
-501.38	298.005
-501.985	297.91
-502.125	297.81
-502.65	298.095
-502.83	297.655
-503.235	297.3
-503.435	297.6
-503.915	296.975
-504.215	296.255
-504.26	295.025
-504.45	294.68
-504.895	295.24
-504.955	296.555
-505.4	297.66
-505.93	299.095
-506.495	300.575
-506.99	302.425
-507.215	303.215
-507.425	303.21
-508	303.165
-508.59	301.77
-509.105	299.855
-509.34	297.22
-509.675	295.45
-510.075	293.45
-510.62	291.93
-510.99	291.11
-511.505	290.39
-511.825	290.9
-512.365	292.805
-512.465	294.985
************TIME_SERIES************
ClassID: 4
TimeSeriesLength: 37
TimeSeriesData: 
-512.75	295.07
-512.945	296.02
-513	296.365
-513.435	296.415
-513.94	297.015
-514.19	296.99
-514.475	297.055
-514.78	297.755
-515.13	297.76
-515.52	297.915
-516.115	297.545
-516.21	297.055
-516.705	295.87
-516.01	295.9
-516.135	295.26
-516.405	295.985
-517.01	296.805
-517.235	297.9
-517.805	299.25
-519.105	300.72
-519.475	301.99
-519.8	302.725
-519.835	303.235
-519.93	301.84
-520.23	301.11
-520.62	299.07
-521.01	297.06
-521.23	295.28
-521.78	294.04
-522.195	291.965
-522.605	291.275
-522.67	291.365
-523.08	291.52
-523.49	292.735
-524.045	293.87
-524.48	295.5
-524.94	296.455
************TIME_SERIES************
ClassID: 4
TimeSeriesLength: 36
TimeSeriesData: 
-525.165	297.05
-525.31	297.805
-525.525	298.67
-525.54	299.275
-525.585	299.95
-525.76	300.05
-526.04	300.77
-526.355	300.94
-526.535	300.825
-526.795	300.635
-527.37	301.205
-527.775	300.16
-527.79	300.46
-526.9	299.545
-526.105	299.045
-526.465	298.985
-527.005	299.99
-527.135	301.52
-527.765	302.09
-528.095	303.1
-529.44	304.195
-530.78	305.25
-532.075	306.335
-532.335	306.21
-532.82	305.905
-533.335	304.6
-533.78	303.6
-534.23	301.685
-534.25	299.75
-534.885	298.275
-535.455	296.28
-535.565	295.265
-536.185	295.105
-536.225	295.71
-536.815	297.145
-537.42	298.895
************TIME_SERIES************
ClassID: 4
TimeSeriesLength: 39
TimeSeriesData: 
-537.66	298.945
-537.775	299.185
-537.79	299.575
-538.035	299.795
-538.21	300.55
-538.71	300.245
-538.75	300.5
-538.96	300.44
-538.985	300.335
-539.105	300.555
-539.37	300.235
-539.815	300.495
-540.38	299.865
-540.465	299.84
-539.645	299.14
-538.92	297.905
-539.115	298.48
-539.455	298.805
-540.055	300.015
-540.235	301.285
-540.29	302.615
-540.65	303.87
-540.83	304.905
-540.995	305.64
-541.19	306.33
-541.375	306.335
-541.89	305.015
-542.225	303.52
-542.46	301.33
-542.815	299.585
-543.235	297.015
-543.71	295.845
-544.26	294.845
-544.81	294.535
-545.24	294.965
-545.55	296.375
-546.01	297.905
-546.33	135.325
-546.48	135.99
************TIME_SERIES************
ClassID: 4
TimeSeriesLength: 36
TimeSeriesData: 
-546.535	136.25
-546.74	136.27
-546.98	136.555
-547.425	135.935
-547.845	137.03
-548.43	136.74
-548.635	136.88
-549.215	137.74
-549.455	137.225
-549.585	137.665
-549.665	137.785
-550.185	137.545
-550.485	137.435
-549.72	136.42
-548.745	135.44
-548.015	134.89
-548.175	135.555
-548.61	136.385
-548.66	137.36
-548.86	138.475
-549.27	139.56
-549.34	140.685
-549.775	140.36
-549.87	141.775
-549.93	141.205
-550.44	140.765
-550.895	139.385
-551.37	137.725
-551.77	135.945
-552.11	133.84
-552.245	132.15
-552.45	131.11
-552.86	130.78
-553.18	131.105
-553.63	132.425
-554.075	134.005
************TIME_SERIES************
ClassID: 4
TimeSeriesLength: 38
TimeSeriesData: 
-554.11	133.7
-554.3	132.965
-554.445	133.385
-554.895	134.33
-555.195	134.56
-555.63	135.56
-556.52	135.665
-556.715	136.245
-556.825	136.64
-557.4	135.455
-557.925	135.76
-557.96	135.215
-558.455	134.51
-558.575	134.49
-557.93	133.24
-556.935	132.59
-556.18	132.6
-556.24	132.895
-556.375	133.625
-556.41	133.455
-556.955	135.205
-557.315	136.635
-557.825	138.01
-558.125	138.87
-558.495	139.025
-558.525	139.66
-559.14	138.835
-559.565	138.065
-559.84	136.79
-560.39	134.61
-560.595	131.625
-560.725	129.705
-560.89	127.395
-561.105	126.11
-561.44	126.225
-561.915	126.56
-562.35	127.885
-562.74	129.63
************TIME_SERIES************
ClassID: 4
TimeSeriesLength: 39
TimeSeriesData: 
-562.96	129.635
-563.21	129.97
-563.215	130.685
-563.76	130.895
-563.95	130.905
-564.455	130.995
-564.84	131.27
-564.955	131.165
-565.12	130.85
-565.68	130.83
-566.22	130.7
-566.83	130.695
-567.32	130.295
-566.645	130.25
-565.635	129.165
-564.56	128.045
-563.415	128.35
-562.65	128.75
-563.085	129.745
-563.34	130.215
-563.815	131.4
-564.19	132.855
-564.405	133.98
-564.58	134.41
-564.79	135.355
-565.255	134.995
-565.685	134.88
-565.95	133.52
-566.255	132.525
-566.49	131.305
-566.9	129.35
-566.99	127.62
-566.34	125.53
-566.72	124.275
-566.885	124
-567.25	124.31
-567.485	125.455
-567.89	126.845
-568.205	128.665
************TIME_SERIES************
ClassID: 4
TimeSeriesLength: 38
TimeSeriesData: 
-568.23	129.4
-568.45	129.66
-567.81	130.54
-568.015	130.695
-568.385	131.305
-568.74	131.31
-569.285	131.73
-569.315	131.285
-569.92	131.605
-570.505	131.34
-570.795	131.185
-571.08	130.965
-571.465	130.41
-571.505	130.04
-570.86	128.405
-569.675	126.47
-569.75	126.305
-570.24	126.8
-570.35	128.13
-570.385	129.265
-570.86	130.24
-571.235	131.985
-571.54	133.05
-571.72	133.75
-572.34	134.775
-572.655	134.33
-573.155	133.655
-573.445	132.145
-573.49	129.51
-573.635	126.59
-573.87	124.33
-573.23	122.705
-573.455	120.815
-573.825	120.795
-574.24	121.475
-574.675	122.995
-575.12	125.355
-575.415	127.2
************TIME_SERIES************
ClassID: 4
TimeSeriesLength: 40
TimeSeriesData: 
-574.69	127.59
-573.975	127.415
-574.01	127.545
-574.095	127.95
-574.525	128.07
-574.96	128.735
-575.46	128.625
-576.04	129.15
-576.6	129.285
-577.06	129.28
-577.32	129.21
-577.92	128.29
-578.225	128.925
-578.435	128.55
-578.985	128.295
-578.16	128.45
-577.075	127.175
-576.04	126.38
-575.18	126.745
-575.665	126.565
-576.255	127.605
-576.53	129.085
-576.835	130.1
-577.01	131.14
-577.1	132.72
-577.42	133.87
-577.47	134.24
-577.9	133.97
-578.195	132.375
-577.475	130.22
-576.745	127.535
-576.805	125.7
-576.925	123.26
-577.17	121.865
-577.245	120.69
-577.425	120.43
-577.795	120.865
-578.105	122.145
-578.385	123.685
-578.615	125.445
************TIME_SERIES************
ClassID: 4
TimeSeriesLength: 40
TimeSeriesData: 
-577.925	125.695
-577.205	125.9
-576.475	126
-576.575	125.82
-576.925	125.93
-577.235	126.265
-577.735	126.155
-578.23	126.3
-578.65	126.26
-579.145	125.955
-579.635	126.285
-579.84	126.74
-580.08	126.175
-580.26	125.755
-580.295	125.205
-579.605	124.495
-578.565	123.35
-577.315	122.495
-576.51	122.07
-576.69	123.03
-576.71	123.57
-577.21	124.685
-577.805	125.71
-578.435	126.79
-578.555	126.995
-578.615	127.945
-579.005	128.345
-579.455	128.135
-579.58	128.075
-579.87	127.2
-580.085	125.865
-580.27	124.035
-579.58	121.63
-579.695	119.73
-579.83	117.805
-580	116.93
-580.23	116.69
-580.47	116.92
-580.815	117.935
-581.125	119.8
************TIME_SERIES************
ClassID: 4
TimeSeriesLength: 40
TimeSeriesData: 
-580.4	119.85
-579.505	120.08
-578.65	120.515
-577.815	121.055
-577.09	121.365
-577.175	121.35
-577.455	121.795
-577.865	122.205
-578.22	122.02
-578.675	121.52
-578.97	122.04
-579.455	121.785
-579.545	122.22
-579.925	121.68
-579.045	121.375
-578.275	120.365
-577.02	118.955
-575.94	119.01
-576.09	119.24
-576.715	119.935
-576.975	121.315
-577.245	122.82
-577.52	124.17
-578.11	124.83
-578.16	124.885
-578.56	126.005
-578.59	125.87
-578.805	125.24
-578.93	124.835
-579.245	123.835
-579.475	120.99
-578.67	118.75
-578.71	116.425
-577.95	114.305
-577.97	113.64
-578.245	112.8
-578.445	112.75
-578.605	113.495
-577.895	114.55
-578.095	116.38
************TIME_SERIES************
ClassID: 4
TimeSeriesLength: 38
TimeSeriesData: 
-577.185	116.43
-576.43	116.61
-575.635	116.885
-575.865	117.09
-576.135	117.84
-576.43	117.88
-576.64	117.995
-577.05	117.635
-577.59	117.475
-577.925	117.67
-578.18	117.81
-578.195	117.295
-578.465	117.16
-577.595	116.96
-576.655	115.89
-575.58	115.245
-574.85	115.105
-575.15	116.02
-575.625	117.065
-576.24	118.365
-576.36	119.205
-576.515	120.13
-576.775	121.195
-577.315	122.445
-577.85	122.875
-578.16	122.605
-578.42	121.7
-578.545	119.8
-578.68	117.075
-577.87	114.565
-578.005	112.29
-578.15	110.695
-578.38	109.72
-578.475	109.185
-578.515	109.265
-578.615	109.53
-578.72	110.48
-579.005	112.53
************TIME_SERIES************
ClassID: 4
TimeSeriesLength: 37
TimeSeriesData: 
-578.11	113.275
-578.185	113.49
-577.49	113.705
-577.68	113.63
-578.11	113.93
-578.305	113.915
-578.545	114.045
-578.88	114.05
-579.185	113.77
-579.375	113.665
-579.585	113.635
-579.79	113.085
-579.03	113.04
-578.115	112.245
-577.185	111.415
-576.355	110.83
-575.695	111.045
-575.925	111.525
-576.4	112.34
-577.04	114.025
-577.42	115.645
-578.05	117.36
-578.605	118.44
-579.07	118.995
-579.35	119.18
-579.645	118.075
-579.94	116.455
-579.95	114.17
-580.03	111.895
-580.15	109.885
-580.195	107.63
-580.27	106.695
-580.565	105.9
-580.705	105.595
-580.815	106.015
-581.185	107.62
-581.43	109.375
************TIME_SERIES************
ClassID: 4
TimeSeriesLength: 40
TimeSeriesData: 
-580.61	109.24
-579.95	109.305
-580.005	109.78
-580.13	110.065
-580.26	110.385
-580.525	110.58
-580.825	110.895
-581.185	110.385
-581.42	110.66
-581.725	110.105
-582.115	110.355
-582.325	110.345
-582.475	110.075
-582.75	109.82
-581.655	108.61
-580.705	107.35
-580.04	107.335
-580.17	107.185
-580.51	108.145
-580.9	108.63
-581.425	109.47
-582.02	110.695
-582.08	111.56
-582.595	112.97
-583.05	113.41
-583.455	114.115
-583.58	113.95
-583.75	112.805
-583.95	111.53
-583.3	109.3
-582.45	107.12
-581.71	104.97
-581.065	103.1
-581.295	102.4
-581.575	102.525
-581.86	102.96
-582.085	103.91
-582.405	105.025
-582.61	106.51
-582.655	107.135
************TIME_SERIES************
ClassID: 4
TimeSeriesLength: 41
TimeSeriesData: 
-581.875	106.91
-581.22	107.105
-581.3	107.28
-581.455	107.41
-581.62	107.765
-581.915	107.865
-582.375	107.685
-582.725	107.68
-583.065	107.53
-583.405	106.685
-584.005	106.855
-584.315	107.57
-584.8	107.065
-585.3	106.83
-584.595	106.305
-583.66	105.215
-583.315	104.56
-582.6	103.945
-581.92	-59.55
-582.005	-59.075
-582.425	-59.065
-583.025	-58.195
-583.435	-57.02
-583.475	-55.285
-583.635	-53.92
-584.245	-53.385
-584.695	-53.505
-584.75	-54.335
-584.905	-55.22
-584.97	-56.84
-585.005	-58.575
-585.055	-60.585
-585.075	-62.22
-585.465	-63.82
-584.78	-64.605
-585.03	-65.05
-585.13	-64.695
-585.36	-63.43
-585.625	-62.23
-585.73	-60.915
-585.765	-60.195
************TIME_SERIES************
ClassID: 4
TimeSeriesLength: 40
TimeSeriesData: 
-585.1	-59.515
-585.115	-59.55
-585.19	-58.955
-585.445	-58.585
-585.865	-58.6
-586.16	-57.975
-586.61	-58.195
-587.19	-58.25
-587.72	-58.025
-588.215	-58.095
-588.575	-58.195
-588.835	-58.42
-588.92	-58.46
-589.175	-58.645
-588.36	-59.32
-587.37	-60.245
-586.61	-60.49
-586.805	-60.37
-587.175	-60.145
-587.32	-59.335
-587.615	-57.665
-588.19	-56.32
-588.195	-55.405
-588.625	-54.855
-589	-54.76
-589.205	-54.855
-589.485	-55.84
-589.545	-57.935
-589.605	-59.29
-589.75	-60.925
-589.99	-63.06
-589.35	-64.515
-588.7	-66.165
-588.05	-67.69
-588.085	-68.115
-588.165	-68.48
-588.355	-67.73
-588.7	-65.97
-588.915	-64.255
-588.265	-63.635
************TIME_SERIES************
ClassID: 4
TimeSeriesLength: 43
TimeSeriesData: 
-587.375	-63.605
-586.44	-63.91
-585.605	-63.13
-584.8	-63.27
-584.055	-63.025
-584.235	-63.16
-584.505	-62.535
-584.645	-63.315
-584.91	-62.93
-585.155	-62.895
-585.44	-62.92
-585.77	-62.55
-586.04	-63.25
-586.515	-63.01
-586.74	-63.22
-586.97	-63.33
-586.04	-63.84
-585.03	-64.67
-584.14	-65.595
-583.47	-66.1
-583.9	-66.275
-584.16	-65.59
-584.74	-64.19
-585.19	-63.24
-585.3	-61.775
-585.745	-61.215
-586.125	-60.24
-586.36	-59.325
-585.72	-58.87
-585.725	-59.465
-585.05	-60.445
-584.38	-61.65
-584.45	-64.285
-583.77	-65.56
-582.92	-68.04
-582.22	-70.365
-581.58	-71.975
-581.595	-73.355
-581.775	-72.76
-582.125	-71.86
-582.305	-70.01
-582.425	-68.755
-581.705	-68.155
************TIME_SERIES************
ClassID: 5
TimeSeriesLength: 49
TimeSeriesData: 
-581.01	-68.34
-580.235	-68.945
-579.525	-69.745
-578.83	-70.475
-578.12	-71.84
-577.475	-72.805
-576.835	-73.855
-576.86	-74.565
-576.925	-75.815
-577.21	-76.32
-577.395	-76.87
-577.625	-76.74
-577.845	-76.375
-577.995	-76.125
-578.185	-74.955
-578.38	-74.085
-578.43	-71.845
-577.73	-70.81
-576.9	-69.915
-575.83	-70.465
-574.905	-71.005
-575.075	-69.89
-575.505	-68.625
-576.065	-67.32
-576.68	-65.81
-576.915	-64.315
-576.955	-63.41
-577.095	-62.895
-577.125	-61.125
-577.25	-61.205
-577.385	-60.69
-577.425	-60.82
-577.995	-62.12
-578.585	-62.83
-578.88	-64.325
-579.265	-65.73
-579.65	-67.125
-579.74	-68.31
-579.755	-69.975
-579.83	-71.55
-579.015	-74.59
-579.085	-75.22
-579.19	-75.435
-579.47	-75.345
-579.615	-74.63
-579.795	-237.49
-579.965	-236.505
-580.23	-234.955
-580.385	-233.955
************TIME_SERIES************
ClassID: 5
TimeSeriesLength: 48
TimeSeriesData: 
-579.475	-235.065
-579.52	-235.535
-578.705	-236.92
-577.96	-237.89
-578.135	-238.985
-578.26	-239.875
-578.37	-240.48
-578.51	-241.195
-578.68	-241.825
-578.815	-242
-579.125	-241.415
-579.53	-240.345
-579.785	-239.185
-579.125	-238.22
-578.445	-236.915
-578.54	-234.955
-577.565	-234.295
-576.7	-234.445
-576.01	-233.925
-576.115	-233.015
-576.61	-232.045
-576.975	-230.91
-577.53	-230.01
-577.99	-228.29
-578.435	-227.96
-578.595	-226.48
-578.62	-225.63
-579.275	-224.76
-579.73	-223.68
-580.035	-224.735
-580.125	-225.305
-580.745	-226.365
-581.07	-227.75
-581.32	-229.43
-580.58	-231.31
-580.64	-232.78
-579.825	-234.285
-579.88	-236.5
-579.045	-237.62
-578.345	-238.16
-577.52	-239.395
-576.635	-239.63
-575.88	-239.73
-576.11	-239.42
-576.2	-238.13
-576.355	-236.805
-576.62	-234.995
-577.065	-233.505
************TIME_SERIES************
ClassID: 5
TimeSeriesLength: 48
TimeSeriesData: 
-576.245	-233.305
-575.39	-234.15
-574.475	-235.41
-573.75	-236.91
-573.775	-238.02
-573.115	-239.355
-573.26	-239.76
-573.41	-239.47
-573.505	-239.89
-573.665	-239.855
-573.71	-240.09
-574.005	-239.435
-574.135	-238.895
-574.23	-237.69
-574.455	-236.04
-574.635	-233.975
-573.635	-233.97
-572.76	-234.935
-571.715	-234.945
-571.89	-234.3
-572.33	-233.485
-572.905	-231.58
-573.08	-230.87
-573.165	-229.245
-573.255	-228.21
-573.34	-226.685
-573.72	-226.7
-574.055	-225.52
-574.13	-225.49
-574.31	-226.295
-574.645	-227.18
-574.965	-228.01
-575.24	-231.05
-575.65	-233.1
-575.86	-234.09
-575.19	-237.695
-574.48	-239.48
-573.83	-241.915
-573.115	-243.14
-573.485	-244.61
-573.715	-245.675
-572.785	-245.86
-572.13	-245.705
-572.42	-244.53
-572.665	-242.885
-572.97	-242.375
-573.375	-241.52
-573.455	-239.915
************TIME_SERIES************
ClassID: 5
TimeSeriesLength: 49
TimeSeriesData: 
-572.765	-239.855
-572.095	-240.365
-572.13	-241.445
-572.16	-243.065
-572.39	-244.375
-572.785	-245.8
-573.085	-246.57
-573.33	-247.985
-573.86	-248.265
-574.43	-248.395
-574.965	-248.245
-575.285	-247.65
-575.795	-247.12
-575.885	-246.215
-576.24	-244.92
-576.42	-243.06
-576.495	-241.965
-575.26	-242.365
-574.045	-243.52
-573.335	-243.65
-573.665	-242.63
-573.7	-241.28
-573.94	-240.24
-574.175	-238.545
-574.355	-237.475
-574.42	-236.47
-574.455	-235.83
-574.935	-234.96
-575.47	-234.535
-575.505	-234.865
-575.715	-235.55
-575.76	-235.53
-576.12	-237.73
-576.47	-239.24
-576.65	-241.06
-577.03	-243.18
-577.495	-245.04
-577.795	-246.785
-578.19	-248.605
-578.52	-250.665
-578.77	-251.79
-579.14	-253.265
-579.275	-253.63
-579.365	-253.625
-578.56	-252.995
-578.795	-252.255
-578.965	-250.93
-579.305	-249.5
-579.785	-247.88
************TIME_SERIES************
ClassID: 5
TimeSeriesLength: 48
TimeSeriesData: 
-579.1	-248.085
-579.17	-248.56
-578.48	-250.65
-578.705	-252.055
-578.92	-253.755
-579.185	-254.685
-579.555	-255.4
-579.985	-255.655
-580.315	-255.88
-580.525	-255.53
-580.68	-255.015
-580.795	-254.445
-581.09	-253.92
-580.255	-253.53
-579.51	-252.795
-579.675	-250.605
-578.975	-249.74
-578.235	-250.415
-577.16	-251.335
-577.265	-251.68
-577.8	-249.575
-577.865	-247.485
-578.23	-245.835
-578.35	-244.52
-578.45	-243.665
-578.685	-242.695
-579.07	-241.52
-579.325	-241.035
-579.605	-240.51
-579.965	-241.77
-580.6	-241.755
-580.845	-242.79
-581.435	-244.855
-581.72	-246.245
-581.97	-249.7
-581.3	-252.665
-580.47	-254.9
-580.645	-258.365
-579.985	-260.195
-580.42	-261.125
-580.635	-261.56
-580.8	-261.005
-581.345	-259.26
-581.945	-257.865
-582.35	-256.43
-582.925	-255.19
-583.34	-254.305
-583.52	-252.73
************TIME_SERIES************
ClassID: 5
TimeSeriesLength: 50
TimeSeriesData: 
-582.685	-253.725
-582.72	-255
-582.89	-256.485
-582.22	-258.26
-582.485	-259.265
-582.7	-259.76
-582.885	-260.175
-583.43	-260.075
-583.62	-260.37
-583.945	-260.155
-584.135	-259.87
-584.545	-258.625
-584.85	-258.045
-584.21	-257.54
-584.285	-256.465
-583.565	-254.955
-583.57	-253.855
-582.8	-254.34
-581.86	-255.805
-582.1	-255.03
-582.24	-253.835
-582.635	-252.13
-583.02	-250.32
-583.395	-249.155
-583.82	-247.885
-584.805	-247.13
-585.06	-246.555
-585.14	-245.695
-585.335	-246.53
-585.66	-245.965
-585.73	-247.12
-586.14	-249.16
-586.625	-249.695
-587.075	-251.23
-587.335	-253.155
-587.525	-254.98
-587.715	-257.37
-586.81	-259.14
-586.105	-260.58
-586.33	-261.82
-586.4	-263.37
-586.53	-264.05
-585.775	-264.02
-586.145	-263.31
-586.45	-261.57
-586.735	-260.31
-587.05	-258.275
-587.43	-257.08
-587.645	-256.39
-586.985	-255.735
************TIME_SERIES************
ClassID: 5
TimeSeriesLength: 50
TimeSeriesData: 
-586.2	-256.285
-585.425	-257.605
-584.71	-259.165
-584.755	-260.245
-584.98	-261.24
-585.04	-262.47
-585.245	-262.73
-585.525	-263.305
-585.545	-263.475
-585.58	-263.55
-585.82	-263.255
-585.9	-263.17
-585.195	-263.035
-585.26	-262.39
-585.585	-259.97
-585.845	-258.75
-584.745	-258.43
-584.09	-258.94
-583.425	-259.54
-582.96	-259.32
-583.285	-258.505
-583.685	-257.55
-583.86	-256.34
-584.27	-255.41
-584.69	-253.935
-585.325	-252.955
-585.915	-252.195
-585.92	-251.345
-585.97	-251.035
-586.32	-250.055
-587.11	-250.335
-587.68	-251.865
-588.185	-252.415
-588.54	-254.25
-588.855	-256.165
-589.24	-258.04
-588.6	-258.69
-588.67	-261.455
-588.765	-261.91
-587.96	-263.68
-587.19	-265.52
-587.195	-267.015
-587.225	-268.085
-587.27	-267.95
-587.335	-267.375
-587.515	-266.375
-587.83	-264.87
-588.4	-263.285
-588.87	-261.615
-588.23	-260.81
************TIME_SERIES************
ClassID: 5
TimeSeriesLength: 48
TimeSeriesData: 
-587.37	-261.415
-586.605	-262.28
-585.705	-262.945
-585.02	-264.165
-584.32	-265.33
-583.66	-266.11
-583.795	-266.77
-583.145	-267.485
-583.29	-268.25
-583.39	-268.46
-583.545	-268.47
-582.82	-268.44
-582.13	-268.56
-582.41	-267.645
-582.71	-265.76
-582.895	-263.89
-582.205	-263.34
-581.12	-263.64
-580.135	-264.14
-579.22	-263.645
-579.22	-262.725
-579.64	-261.835
-580.2	-260.01
-580.76	-258.905
-581.365	-257.435
-581.875	-256.17
-582.105	-255.675
-582.22	-254.655
-582.81	-254.815
-582.9	-255.425
-583.53	-255.245
-584.115	-256.025
-584.47	-258.92
-583.755	-260.44
-583.86	-263.86
-584.06	-267.025
-583.245	-269.045
-582.515	-271.555
-582.835	-272.93
-582.88	-273.935
-583.02	-274.92
-583.18	-274.73
-583.505	-273.62
-583.735	-272.305
-584.02	-270.7
-584.38	-269.325
-584.7	-268.04
-583.995	-266.895
************TIME_SERIES************
ClassID: 5
TimeSeriesLength: 54
TimeSeriesData: 
-583.23	-267.32
-582.43	-267.63
-581.58	-268.445
-580.94	-269.835
-580.98	-271.43
-581.05	-272.695
-581.325	-273.435
-581.505	-273.98
-581.835	-274.105
-582.12	-274.01
-582.44	-273.68
-582.725	-273.585
-582.975	-273.57
-583.115	-273.135
-583.16	-273
-583.22	-271.82
-583.595	-270.29
-583.88	-268.205
-583.07	-267.235
-582.005	-266.96
-580.805	-267.415
-580.11	-268.785
-579.715	-268.45
-579.765	-267.46
-579.865	-265.63
-580.195	-263.635
-580.46	-261.69
-580.635	-260.435
-580.82	-258.39
-580.845	-257.66
-581.1	-257.135
-581.51	-256.07
-581.84	-256.145
-582.19	-257.56
-582.385	-258.165
-582.915	-260.02
-583.305	-263.37
-582.575	-265.48
-582.715	-268.425
-583.27	-269.595
-582.585	-271.57
-582.84	-272.815
-582.14	-274.06
-581.385	-274.56
-581.535	-275.275
-581.795	-275.04
-582.2	-273.465
-582.73	-271.52
-583.21	-269.84
-583.56	-268.22
-583.805	-267.78
-583.875	-266.815
-583.22	-266.74
-583.295	-266.025
************TIME_SERIES************
ClassID: 5
TimeSeriesLength: 52
TimeSeriesData: 
-582.5	-266.92
-581.705	-267.785
-580.81	-269.53
-580.82	-270.86
-581.03	-271.85
-581.14	-272.615
-581.42	-273.13
-581.7	-273.32
-581.895	-273.665
-582.085	-273.605
-582.305	-273.64
-582.565	-273.8
-582.73	-273.36
-583.15	-272.67
-583.55	-270.965
-583.78	-268.91
-583.845	-267.825
-583.075	-266.985
-582.25	-267.9
-581.57	-268.385
-580.65	-267.56
-580.875	-267.55
-581.15	-265.955
-581.195	-264.22
-581.3	-263.605
-581.485	-262.03
-581.915	-260.965
-582.395	-259.685
-582.845	-258.775
-582.955	-258.785
-583.115	-258.99
-583.22	-259.22
-583.505	-260.335
-585.325	-260.025
-585.85	-260.735
-585.085	-262.73
-585.29	-266.05
-584.6	-267.77
-584.975	-270.205
-585.355	-271.96
-585.39	-273.44
-585.44	-273.95
-584.735	-275.61
-583.725	-276.69
-582.825	-276.075
-583.12	-275.82
-583.205	-274.705
-583.63	-273.26
-583.89	-271.6
-584.335	-270.37
-584.955	-268.98
-585.35	-268.725
************TIME_SERIES************
ClassID: 5
TimeSeriesLength: 49
TimeSeriesData: 
-584.565	-269.85
-583.83	-270.79
-583.955	-272.26
-584.135	-273.29
-584.445	-274.25
-584.64	-274.845
-584.97	-275.295
-585.27	-275.85
-585.6	-276.145
-585.925	-276.215
-586.255	-276.3
-586.41	-276.02
-586.585	-275.155
-586.985	-272.515
-586.345	-270.605
-585.445	-269.97
-584.435	-269.61
-583.48	-269.515
-583.325	-268.385
-583.635	-267.425
-583.87	-266.1
-584.33	-264.855
-584.93	-263.59
-585.5	-262.505
-585.73	-261.935
-585.88	-261.465
-585.925	-261.015
-586.005	-261.105
-586.18	-261.215
-586.275	-262.265
-586.865	-261.77
-587.07	-263.925
-587.655	-264.81
-587.795	-265.85
-588.355	-267.905
-588.895	-268.94
-589.075	-270.445
-589.18	-272.515
-589.33	-274.35
-589.365	-275.91
-589.655	-276.365
-589.95	-275.85
-590.4	-275.61
-590.56	-274.375
-591.035	-273.275
-591.48	-271.58
-592.04	-270.585
-592.66	-269.15
-592.75	-268.705
************TIME_SERIES************
ClassID: 5
TimeSeriesLength: 55
TimeSeriesData: 
-592.895	-269.025
-592.195	-269.5
-591.505	-271.06
-590.865	-272.43
-591.185	-273.71
-591.475	-274.685
-591.89	-275.775
-592.375	-276.71
-593.01	-276.545
-429.58	-276.935
-430.105	-276.56
-430.55	-276.445
-430.885	-275.7
-431.21	-274.795
-431.435	-273.195
-431.605	-271.42
-431.8	-269.25
-431.075	-268.205
-430.135	-267.77
-429.04	-268.09
-429.21	-267.44
-429.53	-265.995
-429.98	-264.975
-430.145	-263.69
-430.2	-262.585
-430.67	-261.725
-431.2	-261.545
-431.72	-259.815
-432.075	-260.095
-432.17	-259
-432.45	-258.92
-433.47	-258.785
-433.635	-259.5
-433.77	-260.435
-434.375	-261.81
-434.63	-263.125
-434.825	-264.74
-435.02	-265.89
-435.48	-267.01
-435.545	-269.415
-435.895	-271.76
-436.19	-274.28
-436.775	-275.785
-436.955	-277.34
-436.965	-278.255
-437.22	-278.725
-437.52	-278.53
-437.865	-277.96
-437.875	-276.28
-438.48	-274.875
-438.49	-273.36
-438.965	-271.795
-439.21	-271.35
-439.49	-270.475
-439.58	-269.965
************TIME_SERIES************
ClassID: 5
TimeSeriesLength: 51
TimeSeriesData: 
-439.59	-269.59
-439.715	-270.56
-439.04	-271.925
-439.215	-272.74
-439.41	-274.14
-439.595	-275.1
-439.975	-276.03
-440.275	-276.735
-440.375	-277.89
-440.795	-278.33
-440.81	-278.365
-441.4	-277.835
-441.98	-277.145
-442.41	-276.595
-442.84	-275.405
-443.05	-273.625
-443.22	-272.38
-442.58	-271.36
-441.595	-271.04
-440.41	-271.385
-440.415	-271.02
-440.755	-269.415
-441.025	-268.31
-441.415	-267.405
-441.93	-265.935
-442.475	-265.135
-442.535	-264.065
-442.57	-263.32
-443.015	-262.885
-444.315	-261.615
-444.7	-261.765
-445.01	-262.045
-445.195	-262.26
-445.35	-263.835
-445.46	-265.045
-446.045	-266.5
-446.54	-268.475
-446.88	-270.76
-447.21	-273.765
-447.375	-275.105
-447.57	-276.315
-447.72	-277.71
-447.935	-278.435
-448.15	-278.585
-448.345	-277.935
-448.67	-276.955
-449.005	-275.395
-449.58	-274.525
-450.165	-273.25
-450.775	-272.355
-450.895	-271.345
************TIME_SERIES************
ClassID: 5
TimeSeriesLength: 46
TimeSeriesData: 
-450.975	-271.895
-451.005	-272.68
-450.32	-273.58
-450.515	-275.545
-450.55	-276.655
-450.8	-277.695
-451.085	-278.245
-451.4	-279.13
-451.56	-279.32
-451.9	-279.155
-452.02	-278.795
-452.08	-278.05
-451.305	-277.05
-451.605	-276.175
-451.665	-273.035
-450.905	-271.955
-449.835	-270.25
-448.875	-270.175
-448.085	-268.965
-448.455	-268.12
-448.5	-266.775
-448.525	-265.55
-448.735	-264.625
-448.78	-263.625
-448.955	-263.29
-449.295	-263.095
-449.54	-263.68
-449.895	-265.275
-450.095	-266.565
-450.72	-267.37
-451.19	-270.2
-451.705	-272.62
-451.945	-274.585
-452.325	-276.555
-452.37	-278.015
-452.415	-279.245
-451.74	-280.565
-451.055	-281.12
-450.23	-281.43
-449.39	-280.795
-448.68	-279.13
-448.93	-278.22
-449.295	-276.885
-449.835	-275.395
-449.9	-274.1
-450.005	-273.725
************TIME_SERIES************
ClassID: 5
TimeSeriesLength: 50
TimeSeriesData: 
-449.26	-274.54
-448.505	-276.035
-447.865	-277.75
-448.015	-279.28
-448.16	-280.355
-448.465	-281.11
-448.9	-281.13
-449.325	-281.24
-449.725	-281.03
-450.085	-281.05
-450.465	-280.77
-450.825	-279.6
-451.115	-277.895
-451.275	-276.565
-451.44	-275.07
-450.78	-273.61
-450.04	-273.185
-449.08	-273.1
-448.31	-272.65
-447.55	-272.11
-447.75	-270.47
-447.765	-268.945
-448.095	-267.34
-448.19	-265.995
-448.23	-265.17
-448.24	-264.54
-448.67	-264.73
-448.865	-264.115
-448.955	-263.73
-449.27	-265.39
-449.275	-265.485
-449.875	-265.44
-450.625	-267.095
-451.055	-267.255
-451.445	-268.86
-451.815	-271.635
-451.03	-273.72
-450.19	-276.185
-449.52	-278.13
-449.58	-278.75
-448.86	-279.605
-448.9	-280.24
-448.97	-279.625
-449.21	-278.6
-449.395	-277.35
-449.785	-276.025
-450.01	-274.335
-450.235	-273.505
-450.485	-272.695
-450.595	-271.94
************TIME_SERIES************
ClassID: 5
TimeSeriesLength: 47
TimeSeriesData: 
-449.775	-272.785
-449.01	-273.595
-448.275	-275.195
-448.41	-276.615
-448.51	-277.61
-448.635	-278.595
-448.735	-279.21
-449.1	-279.425
-449.385	-279.435
-449.675	-279.225
-449.865	-278.64
-449.225	-277.975
-449.23	-277.09
-449.37	-275.41
-448.545	-273.32
-447.69	-272.54
-446.775	-272.44
-445.945	-271.95
-446.485	-270.885
-447.02	-269.035
-447.49	-267.245
-447.68	-266.7
-448.285	-265.45
-448.315	-265.4
-448.65	-265.405
-448.915	-265.47
-448.98	-265.48
-448.99	-266.14
-449.585	-267.265
-450.195	-268.905
-450.75	-270.075
-451.145	-271.83
-451.505	-274.615
-451.65	-276.685
-451.76	-278.675
-451.12	-280.43
-451.41	-281.905
-450.77	-282.51
-449.875	-282.88
-449.015	-282.73
-449.115	-281.81
-449.32	-280.83
-449.665	-280.01
-450.055	-279.085
-450.495	-278.23
-451.1	-277.125
-451.26	-275.655
************TIME_SERIES************
ClassID: 5
TimeSeriesLength: 49
TimeSeriesData: 
-450.395	-276.085
-449.48	-276.485
-448.7	-277.51
-448.005	-279.3
-447.355	-280.68
-447.46	-281.665
-447.665	-282.435
-447.8	-283.295
-447.875	-283.935
-448	-284.47
-448.03	-284.56
-448.27	-284.505
-448.335	-283.81
-448.52	-282.25
-448.875	-279.68
-449.04	-278.045
-448.1	-277.345
-446.97	-277.27
-446.315	-278.26
-445.205	-278.04
-445.23	-276.815
-445.76	-275.565
-445.89	-273.655
-446.095	-272.33
-446.125	-270.83
-446.385	-269.705
-447.01	-269.355
-447.165	-269.165
-447.45	-269.12
-448.085	-270.16
-448.53	-270.55
-448.78	-272.49
-449.255	-273
-449.43	-274.435
-449.915	-276.79
-450.155	-278.52
-450.545	-279.92
-450.77	-281.85
-450.13	-283.205
-449.43	-285.385
-448.335	-285.925
-448.555	-287.105
-447.765	-287.195
-447.78	-286.725
-447.795	-286.005
-448.01	-284.245
-448.565	-282.68
-449.115	-281.105
-449.555	-280.465
************TIME_SERIES************
ClassID: 5
TimeSeriesLength: 48
TimeSeriesData: 
-448.73	-281.395
-447.935	-282.67
-447.27	-284.26
-447.44	-285.465
-447.55	-286.38
-447.8	-286.86
-448.125	-287.125
-448.495	-287.615
-448.615	-287.535
-448.925	-287.725
-449.195	-286.925
-449.355	-285.71
-449.66	-283.92
-449.8	-281.87
-449.115	-280.275
-448.3	-280.01
-447.05	-280.015
-446.405	-280.095
-445.585	-279.485
-446.085	-278.14
-446.605	-276.755
-446.97	-275.365
-447.095	-274.685
-447.265	-273.16
-448.21	-273.135
-448.785	-271.91
-450.12	-271.11
-450.505	-271.38
-450.665	-272.375
-450.855	-273.635
-451.165	-275.955
-451.655	-277.225
-452.14	-279.78
-452.15	-282.625
-452.645	-283.605
-453.05	-285.39
-453.52	-288.135
-452.825	-289.37
-453.02	-290.845
-453.21	-291.17
-452.485	-290.95
-451.765	-290.31
-452.02	-289.165
-452.115	-288.055
-452.345	-286.665
-452.69	-285.145
-453.14	-283.86
-453.19	-282.95
************TIME_SERIES************
ClassID: 5
TimeSeriesLength: 45
TimeSeriesData: 
-452.24	-282.935
-451.325	-284.14
-450.295	-285.21
-449.555	-286.52
-449.615	-287.595
-448.625	-288.885
-447.86	-289.38
-447.145	-289.91
-446.475	-289.86
-446.535	-289.51
-446.66	-287.765
-446.71	-286.85
-446.05	-284.74
-445.3	-283.625
-444.18	-283.34
-443.17	-282.325
-442.06	-283.005
-441.24	-281.655
-440.505	-280.6
-440.78	-279.735
-440.88	-278.41
-441.33	-276.715
-441.565	-276.235
-441.91	-275.87
-442.41	-275.515
-442.93	-274.01
-443.565	-274.62
-443.96	-274.25
-444.305	-276.115
-444.645	-277.48
-445.11	-278.81
-444.47	-281.19
-444.74	-283.32
-444	-285.585
-443.205	-287.64
-443.535	-289.515
-442.83	-289.8
-441.805	-289.825
-440.775	-290.875
-439.98	-290.41
-439.175	-289.245
-439.41	-287.89
-439.805	-285.995
-440.41	-284.4
-440.51	-282.47
************TIME_SERIES************
ClassID: 5
TimeSeriesLength: 50
TimeSeriesData: 
-439.625	-283.56
-438.64	-284.855
-437.815	-285.92
-437.65	-286.815
-436.835	-287.635
-436.075	-288.33
-435.275	-288.785
-434.505	-288.99
-433.685	-289.265
-432.98	-289.3
-432.305	-288.975
-431.44	-288.84
-430.565	-288.48
-429.71	-287.985
-428.82	-287.53
-427.865	-286.95
-427.13	-286.155
-426.125	-285.285
-425.135	-284.06
-423.895	-283.3
-422.91	-282.425
-422.19	-281.095
-422.53	-279.865
-422.96	-277.86
-423.25	-277.1
-423.475	-276.98
-423.805	-276.585
-424.235	-276.395
-424.845	-275.81
-425.11	-276.585
-425.42	-278.185
-425.46	-278.65
-425.72	-279.575
-425.82	-280.915
-425.93	-281.545
-425.29	-283.48
-424.42	-283.23
-423.33	-285.465
-422.435	-288.105
-421.765	-289.805
-420.715	-290.53
-419.6	-291.565
-418.53	-291.755
-417.71	-291.345
-417.73	-290.695
-417.91	-289.81
-418.425	-288.205
-418.99	-285.96
-419.135	-284.885
-419.16	-283.765
