GRT_PIPELINE_FILE_V3.0
PipelineMode: CLASSIFICATION_MODE
NumPreprocessingModules: 1
NumFeatureExtractionModules: 0
NumPostprocessingModules: 0
Trained: 1
Info: 
PreProcessingModuleDatatypes:	MovingAverageFilter
FeatureExtractionModuleDatatypes:
ClassificationModuleDatatype:	DTW
PostProcessingModuleDatatypes:
PreProcessingModule_1
GRT_MOVING_AVERAGE_FILTER_FILE_V1.0
NumInputDimensions: 3
NumOutputDimensions: 3
FilterSize: 4
GRT_DTW_Model_File_V2.0
Trained: 1
UseScaling: 0
NumInputDimensions: 3
NumOutputDimensions: 0
NumTrainingIterationsToConverge: 3
MinNumEpochs: 0
MaxNumEpochs: 100
ValidationSetSize: 20
LearningRate: 0.1
MinChange: 1e-05
UseValidationSet: 0
RandomiseTrainingOrder: 1
UseNullRejection: 0
ClassifierMode: 1
NullRejectionCoeff: 3
NumClasses: 5
NullRejectionThresholds:  0 0 0 0 0
ClassLabels:  1 5 3 2 4
DistanceMethod: 1
UseSmoothing: 0
SmoothingFactor: 5
UseZNormalisation: 0
OffsetUsingFirstSample: 0
ConstrainWarpingPath: 1
Radius: 0.2
RejectionMode: 0
NumberOfTemplates: 5
OverallAverageTemplateLength: 36
***************TEMPLATE***************
Template: 1
ClassLabel: 1
TimeSeriesLength: 30
TemplateThreshold: 289.503
TrainingMu: 53.5195
TrainingSigma: 78.661
AverageTemplateLength: 26
TimeSeries: 
-0.225	0.065	-0.115	
-0.25	0.0233333	0.00333333	
-0.23	0.0625	-0.105	
-0.23	0.105	-0.1475	
-0.205	0.06	-0.2125	
-0.14	0.0725	-0.2875	
-0.145	0.07	-0.235	
0.3175	0.21	0.0825	
0.1775	0.505	1.79	
0.08	1.98	2.2375	
-0.105	3.3425	1.3675	
-1.16	3.975	-0.005	
-1.21	4.25	-3.3425	
-1.13	2.3625	-6.2	
-1.1775	-0.7025	-6.955	
-0.5775	-3.3925	-6.39	
-0.5225	-6.14	-4.75	
-0.51	-7.235	-1.0575	
-0.2575	-6.775	3.1025	
-0.31	-5.875	5.2325	
-0.37	-4.005	7.245	
-0.67	-2.33	7.485	
-0.86	-0.2225	6.1775	
-1.6	2.4325	5.68	
-2.26	4.385	3.5125	
-2.62	5.3675	1.135	
-2.495	4.9975	-1.3	
-1.87	3.4025	-3.89	
-0.5875	1.3975	-5.095	
0.085	-0.2375	-4.6175	
***************TEMPLATE***************
Template: 2
ClassLabel: 5
TimeSeriesLength: 48
TemplateThreshold: 49.4442
TrainingMu: 25.7116
TrainingSigma: 7.91085
AverageTemplateLength: 48
TimeSeries: 
1.56	-1.87	-1.585	
1.51667	-2.28667	-1.30333	
1.115	-2.255	-1.4	
0.61	-2.4775	-1.025	
0.1925	-2.4325	-0.9825	
-0.2675	-1.7825	-0.9675	
-0.385	-1.53	-0.4175	
-0.2825	-1.1175	-0.4425	
-0.27	-0.54	-0.3075	
-0.2875	-0.2625	-0.32	
-0.1875	0.0675	-0.695	
0.175	0.22	-0.62	
0.16	0.58	-0.4275	
0.1175	1.6425	-0.05	
0.0275	2.21	0.88	
0.225	2.3025	0.97	
0.585	1.725	1.215	
1.08	0.215	1.9975	
1.4425	-0.285	2.535	
0.73	-0.0375	3.825	
0.2025	0.695	4.0275	
-0.2175	1.6	2.705	
-0.655	1.955	1.19	
-0.7025	2.285	-0.7825	
-0.82	2.2975	-1.7475	
-1.0275	2.0725	-2.35	
-0.825	2.0325	-2.9625	
-0.64	1.45	-3.33	
-0.4975	1.45	-4.0075	
-0.5975	0.93	-3.79	
-0.88	-0.26	-3.7225	
-1.1075	-0.69	-3.7525	
-1.11	-2.0975	-3.145	
-0.8725	-2.915	-2.535	
-0.78	-3.0875	-1.7125	
-0.2075	-3.1375	-0.8675	
-0.065	-3.6025	-0.1125	
0.045	-2.8725	0.0075	
0.64	-2.82	0.5675	
0.705	-3.415	1.9025	
0.7375	-2.78	2.175	
0.77	-3.0875	2.665	
0.345	-2.135	2.4225	
-0.0725	-0.9275	1.815	
-0.16	0.32	1.7825	
-0.3025	1.6075	1.8375	
-0.565	2.3325	1.75	
-0.7675	2.88	0.8125	
***************TEMPLATE***************
Template: 3
ClassLabel: 3
TimeSeriesLength: 30
TemplateThreshold: 23.6776
TrainingMu: 20.577
TrainingSigma: 1.03351
AverageTemplateLength: 34
TimeSeries: 
-0.505	-0.055	0.065	
-0.473333	0.0166667	-0.00333333	
-0.44	-0.04	-0.015	
-0.435	-0.0275	0.07	
-0.425	-0.02	0.125	
0.175	-0.325	1.04	
0.0325	-0.135	3.42	
-0.765	1.595	4.245	
-1.4275	2.7275	3.95	
-2.2325	3.9625	1.725	
-2.24	4.61	-2.535	
-1.3475	2.7075	-5.6	
-0.8625	0.7325	-7.4075	
-0.625	-2.145	-7.7025	
-0.655	-4.8975	-6.0575	
-0.9175	-6.88	-3.5675	
-0.7525	-7.535	-0.49	
-0.925	-7.0275	2.6925	
-1.58	-5.4425	5.895	
-2.0325	-2.585	8.4425	
-2.615	-0.0325	9.38	
-3.2425	2.5525	8.5675	
-3.08	3.8375	4.9275	
-2.6525	3.745	-0.4225	
-1.9425	2.96	-5.4175	
-0.7075	2.1725	-9.405	
-0.1025	1.1375	-11.5125	
-0.4825	0.67	-10.5675	
-0.745	0.28	-8.9975	
-1.805	-0.29	-5.0525	
***************TEMPLATE***************
Template: 4
ClassLabel: 2
TimeSeriesLength: 44
TemplateThreshold: 354.618
TrainingMu: 66.6311
TrainingSigma: 95.9958
AverageTemplateLength: 39
TimeSeries: 
-0.125	-0.13	-0.135	
-0.126667	0	-0.26	
-0.1325	0.0375	-0.2275	
-0.135	0.07	-0.1925	
-0.155	0.1125	-0.21	
-0.1775	-0.0025	-0.08	
-0.25	0.415	-0.22	
-0.2175	1.62	0.015	
-0.2775	3.0275	-0.06	
-0.3675	3.8025	0.465	
-0.435	4.04	2.025	
-0.4725	2.355	2.9625	
-0.4125	-0.375	4.0725	
-0.46	-2.895	4.0675	
0.0775	-5.2975	2.3375	
0.7525	-6.8125	-0.1225	
1.16	-8.0375	-2.3225	
1.2775	-8.42	-3.3325	
0.075	-7.2275	-2.64	
-1.3825	-4.75	-0.1275	
-3.1275	-0.685	2.7725	
-4.37	3.1625	4.5775	
-4.365	6.35	4.01	
-4.285	8.3925	1.33	
-3.5725	9.12	-1.765	
-2.92	8.27	-4.45	
-2.3475	5.43	-5.0025	
-1.9075	2.535	-5.19	
-0.92	-0.7875	-5.21	
0.1725	-2.86	-4.725	
0.985	-4.3775	-4.3025	
1.745	-6.5175	-2.405	
1.305	-8.06	-0.805	
0.2225	-8.435	1.42	
-1.035	-7.125	2.155	
-2.375	-4.1375	1.955	
-2.9325	-0.225	1.295	
-3.1975	3.52	-0.105	
-2.65	5.58	-0.9475	
-1.915	6.6475	-0.7875	
-1.3025	6.4325	-0.265	
-0.415	5.0425	0.31	
-0.4625	3.56	1.1375	
-0.4425	1.52	1.585	
***************TEMPLATE***************
Template: 5
ClassLabel: 4
TimeSeriesLength: 36
TemplateThreshold: 41.2441
TrainingMu: 18.7183
TrainingSigma: 7.50859
AverageTemplateLength: 36
TimeSeries: 
1.665	0.23	-2.06	
1.64	0.336667	-2.83	
1.115	0.355	-2.8925	
0.525	0.705	-3.3525	
2.77556e-17	0.635	-3.3425	
-0.5025	0.555	-2.865	
-0.5925	0.2725	-1.78	
-0.7275	-0.1825	-0.5275	
-0.7475	-0.105	0.1125	
-0.77	-0.0925	1.33	
-0.5725	-0.17	2.195	
-0.4375	-0.1575	2.645	
0.165	-0.355	3.3275	
0.7625	-0.96	4.61	
1.3075	-1.025	5.2275	
1.8075	-1.0275	6.1675	
1.2225	-0.47	6.71	
0.515	0.5875	5.625	
-0.33	1.56	4.0325	
-0.755	2.05	2.395	
-0.6825	2.055	0.8925	
-0.575	2.065	-0.5125	
-0.5375	2.04	-2.1675	
-0.745	1.835	-3.3975	
-0.8225	1.2375	-4.6925	
-0.8225	0.2525	-5.025	
-0.615	-1.3225	-4.68	
-0.415	-2.9	-4.0575	
0.145	-4.02	-3.1775	
0.2075	-4.705	-1.9525	
0.1975	-4.5525	-0.6425	
0.15	-3.6775	1.0625	
-0.3025	-2.69	2.41	
-0.255	-1.5125	2.295	
-0.2325	-0.5825	2.7325	
-0.17	0.38	1.9375	
