GRT_PIPELINE_FILE_V3.0
PipelineMode: CLASSIFICATION_MODE
NumPreprocessingModules: 1
NumFeatureExtractionModules: 0
NumPostprocessingModules: 0
Trained: 1
Info: 
PreProcessingModuleDatatypes:	MovingAverageFilter
FeatureExtractionModuleDatatypes:
ClassificationModuleDatatype:	DTW
PostProcessingModuleDatatypes:
PreProcessingModule_1
GRT_MOVING_AVERAGE_FILTER_FILE_V1.0
NumInputDimensions: 3
NumOutputDimensions: 3
FilterSize: 4
GRT_DTW_Model_File_V2.0
Trained: 1
UseScaling: 0
NumInputDimensions: 3
NumOutputDimensions: 0
NumTrainingIterationsToConverge: 3
MinNumEpochs: 0
MaxNumEpochs: 100
ValidationSetSize: 20
LearningRate: 0.1
MinChange: 1e-05
UseValidationSet: 0
RandomiseTrainingOrder: 1
UseNullRejection: 0
ClassifierMode: 1
NullRejectionCoeff: 3
NumClasses: 5
NullRejectionThresholds:  0 0 0 0 0
ClassLabels:  2 1 3 4 5
DistanceMethod: 1
UseSmoothing: 0
SmoothingFactor: 5
UseZNormalisation: 0
OffsetUsingFirstSample: 0
ConstrainWarpingPath: 1
Radius: 0.2
RejectionMode: 0
NumberOfTemplates: 5
OverallAverageTemplateLength: 35
***************TEMPLATE***************
Template: 1
ClassLabel: 2
TimeSeriesLength: 39
TemplateThreshold: 354.85
TrainingMu: 71.0967
TrainingSigma: 94.5846
AverageTemplateLength: 39
TimeSeries: 
-0.225	0.06	-0.24	
-0.25	0.03	-0.19	
-0.2275	0.08	-0.2675	
-0.1925	0.08	-0.2625	
-0.2025	0.095	-0.225	
-0.18	0.2	-0.3875	
-0.2225	0.47	-0.2875	
-0.4325	1.985	-0.62	
-0.59	3.7075	0.51	
-0.745	4.0075	2.57	
-0.8325	3.4025	3.965	
-0.765	0.565	4.89	
-0.57	-3.4425	3.2925	
0.2325	-6.72	0.1475	
0.7225	-8.9225	-2.5925	
0.8125	-10.115	-4.23	
-0.07	-9.1325	-3.06	
-2.0825	-4.97	0.2425	
-3.7075	-0.05	3.215	
-4.9225	5.73	5.43	
-4.885	10.1425	5.1775	
-4.3675	10.795	2.805	
-3.76	8.92	0.2975	
-3.155	6.12	-2.47	
-2.2975	2.7025	-4.9525	
-1.5125	-0.2075	-6.85	
-0.33	-3.305	-7.375	
0.755	-6.3	-6.3625	
0.745	-8.98	-4.4725	
0.715	-10.305	-1.9525	
-0.7	-8.42	0.125	
-1.8625	-5.5275	1.1975	
-2.525	-0.1875	1.19	
-3.265	4.265	1.4625	
-2.4875	6.615	1.0275	
-1.825	8.0725	0.84	
-1.265	6.4275	1.7075	
-0.455	4.6875	1.91	
-0.62	2.5175	2.665	
***************TEMPLATE***************
Template: 2
ClassLabel: 1
TimeSeriesLength: 24
TemplateThreshold: 265.293
TrainingMu: 58.8592
TrainingSigma: 68.8113
AverageTemplateLength: 24
TimeSeries: 
-0.245	0.075	-0.31	
-0.216667	0.116667	-0.46	
-0.2575	0.0375	-0.325	
-0.2525	-0.005	-0.23	
0.21	-0.02	-0.04	
0.1575	0.0325	1.17	
-0.0675	1.4625	1.49	
-0.1225	2.9375	1.2125	
-0.74	3.97	-0.1	
-0.8875	5.235	-3.0175	
-0.8875	2.1	-4.915	
-0.8025	-1.3625	-6.515	
-0.7175	-4.2775	-6.35	
-0.7175	-7.42	-4.2675	
-0.54	-7.0625	-1.1625	
-0.615	-6.12	3.025	
-0.685	-4.565	6.4875	
-1.1075	-2.25	8.495	
-1.7	0.6275	8.235	
-2.345	3.1175	6.5225	
-2.32	4.715	3.5975	
-1.685	5.0075	0.5325	
-1.01	4.38	-1.865	
-0.4875	3.1475	-3.9475	
***************TEMPLATE***************
Template: 3
ClassLabel: 3
TimeSeriesLength: 32
TemplateThreshold: 359.21
TrainingMu: 49.9037
TrainingSigma: 103.102
AverageTemplateLength: 34
TimeSeries: 
-0.385	-0.065	-0.21	
-0.363333	-0.116667	-0.103333	
-0.35	-0.0325	-0.1525	
-0.31	0.15	-0.2525	
0.1775	0.1675	0.28	
0.1275	0.1625	2.39	
-0.08	1.345	3.7725	
-0.1675	2.1025	3.8625	
-0.7325	2.895	2.9075	
-0.84	4.1225	-0.8025	
-0.5675	3.4225	-4.4075	
-0.7025	2.355	-6.42	
-0.555	0.505	-8.24	
-0.5975	-2.655	-7.3475	
-0.805	-5.715	-5.31	
-0.5275	-7.9525	-2.46	
-1.2625	-8.53	2.04	
-1.8925	-7.3225	5.44	
-2.3475	-3.9975	8.26	
-2.9975	-0.58	9.655	
-2.8925	2.3375	8.6725	
-2.3025	4.19	6.0475	
-2.2925	4.4525	2.175	
-1.2575	4.4425	-3.08	
-0.225	4	-6.955	
0.0825	3.28	-9.4975	
0.7325	2.4275	-10.36	
0.1175	1.2525	-8.9725	
-0.925	0.4675	-6.24	
-1.845	-0.215	-3.45	
-1.865	0.0525	-0.35	
-1.7575	-0.0425	4.08	
***************TEMPLATE***************
Template: 4
ClassLabel: 4
TimeSeriesLength: 38
TemplateThreshold: 272.426
TrainingMu: 45.7504
TrainingSigma: 75.5584
AverageTemplateLength: 36
TimeSeries: 
0.65	0.645	-3.21	
0.383333	0.826667	-3.55	
0.16	0.805	-3.3575	
-0.3825	0.4575	-2.7575	
-0.5225	0.7875	-2.655	
-0.71	0.38	-1.6925	
-0.8725	0.1675	-0.8725	
-0.9275	0.2875	-0.5775	
-1.0275	-0.06	0.3325	
-0.9825	0	0.6625	
-0.8225	-0.085	1.0425	
-0.6	-0.2175	1.62	
-0.48	-0.275	2.1825	
0.1075	-0.5625	3.5625	
0.7325	-0.9125	4.8575	
1.155	-1.015	6.135	
1.185	-0.8625	6.705	
0.5925	-0.4125	5.9675	
0.025	0.455	4.59	
-0.5025	1.4125	2.7575	
-0.6925	2.025	0.4925	
-0.51	2.37	-1.09	
-0.6525	2.24	-2.4525	
-0.6925	1.4525	-3.4525	
-0.5075	0.7325	-4.37	
-0.645	-0.2175	-4.8575	
-0.46	-1.54	-4.725	
-0.3025	-2.265	-4.52	
-0.2725	-3.035	-3.375	
-0.2525	-3.61	-1.58	
0.0975	-3.29	-0.215	
0.4525	-3.4375	1.05	
0.85	-3.3825	2.2525	
0.9525	-2.5275	2.03	
0.5925	-1.9825	1.865	
0.1725	-0.7825	1.8	
-0.325	0.86	2.0475	
-0.415	1.93	2.3325	
***************TEMPLATE***************
Template: 5
ClassLabel: 5
TimeSeriesLength: 47
TemplateThreshold: 293.449
TrainingMu: 56.4067
TrainingSigma: 79.0141
AverageTemplateLength: 46
TimeSeries: 
1.52	-2.065	-0.875	
0.93	-2.35667	-0.793333	
0.6075	-2.2825	-0.7625	
0.06	-2.2	-0.7575	
-0.405	-2.0275	-0.5225	
-0.5075	-1.5175	-0.3825	
-0.5675	-1.28	-0.4275	
-0.5775	-0.9475	-0.73	
-0.6425	-0.685	-0.5475	
-0.6425	-0.5025	-0.5775	
-0.57	-0.085	-0.23	
-0.4925	0.495	-0.05	
-0.53	1.85	0.495	
-0.045	2.8475	1.0375	
0.4825	3.025	1.48	
1.075	2.7725	1.9825	
1.7525	1.5	2.365	
1.51	1.11	2.4375	
0.905	1.2725	2.67	
0.2825	1.755	2.2875	
-0.425	2.33	1.33	
-0.8025	2.3975	0.28	
-0.9325	2.46	-0.875	
-0.93	2.0825	-1.6775	
-0.775	1.695	-2.3925	
-0.4975	1.2875	-3.085	
-0.2525	0.7	-3.555	
-0.225	0.36	-3.67	
-0.1975	-0.4	-3.7875	
-0.47	-0.3775	-4.045	
-0.5325	-1.41	-3.4375	
-0.7375	-1.7975	-3.115	
-0.76	-1.7925	-3.09	
-0.745	-3.0675	-1.6525	
-0.9125	-2.5075	-1.365	
-0.71	-2.8175	-0.6975	
-0.6925	-3.3325	0.49	
-0.4875	-3.2225	1.385	
-0.235	-3.485	2.095	
-0.29	-2.96	3.0225	
-0.385	-1.6675	3.7625	
-0.535	-0.63	4.0575	
-0.5975	0.7675	3.7225	
-0.69	1.545	3.5125	
-0.765	2.135	2.6525	
-0.82	2.5125	1.405	
-1.05	2.6125	0.01	
