GRT_LABELLED_TIME_SERIES_CLASSIFICATION_DATA_FILE_V1.0
DatasetName: Pi_dleLR
InfoText: This data contains the initial training samples collected, in the format x_orientation, y_orientation, z_orientation, x_accel, y_accel, z_accel.
NumDimensions: 3
TotalNumTrainingExamples: 100
NumberOfClasses: 5
ClassIDsAndCounters: 
1	20
2	20
3	20
4	20
5	20
UseExternalRanges: 0
LabelledTimeSeriesTrainingData:
************TIME_SERIES************
ClassID: 1
TimeSeriesLength: 37
TimeSeriesData: 
-0.6	0.66	-1.37
-0.81	1.91	-4.87
-0.81	0.71	-4.77
-0.11	0.83	-2.48
-0.14	1.37	-1.06
-0.02	-0.92	0.2
-0.39	-0.38	-0.22
-1.09	0.13	0.61
-0.73	0.28	1.4
-0.55	0.32	2.19
-0.59	0.38	3.89
0.29	-0.86	3.06
2.28	2.1	2.02
1.51	-4.25	8.59
1.48	0.19	8.63
1.51	2.84	8.67
-0.17	3.82	7.29
-2.78	5.61	1.88
-2.68	3.25	1.11
-3.57	3.32	-3.57
-3.54	2.64	-4.43
-3.11	1.45	-5.42
-2.65	-0.15	-6.66
-2.62	0.4	-5.64
-0.66	-1.63	-6.48
-0.8	-4.35	-3.67
-0.25	-5.3	-2.37
-1.07	-4.6	-1.14
-0.22	-4.77	1.27
-0.77	-5.33	2.23
-0.81	-2.1	3.42
-1.02	-1.24	5
-0.75	1.51	3.86
-0.94	2.21	4.15
-0.64	3.08	2.74
-0.72	3.7	0.45
-0.87	4.3	0.43
************TIME_SERIES************
ClassID: 1
TimeSeriesLength: 35
TimeSeriesData: 
-0.54	0.03	-0.26
-0.25	0.75	-2.32
-0.23	4.11	-8.64
-0.56	0.04	-4.31
-1.11	1.84	-1.99
-0.02	0.93	-1.2
-0.6	0.15	1.6
-1.23	0.03	1.51
-1.03	-0.62	1.99
-0.96	1	0.25
-0.35	-5.43	4.64
1.85	-0.21	4.3
1.94	-2.84	10.8
1.61	-0.14	9.82
-1.06	2.54	7.39
-0.62	2.56	4.06
-1.16	3.09	-0.25
-3.02	4.29	-1.63
-2.68	3.38	-3.54
-0.94	2.17	-3.64
-0.96	1.78	-4.44
-0.91	0.99	-4.03
-1.87	0.13	-4.96
-0.51	-3.56	-5.13
-0.03	-3.92	-4.11
-1.16	-1.95	-3.21
-1.02	-5.49	-0.52
-0.2	-6.22	2.98
-0.86	-3.87	3.03
-1.1	-2.49	4.39
-0.9	-1	4.48
-0.86	0.4	4.24
-1.05	2.52	2.69
-1.2	4.26	1.48
-0.89	4.54	0.29
************TIME_SERIES************
ClassID: 1
TimeSeriesLength: 34
TimeSeriesData: 
-0.31	1.89	-2.51
-0.46	0.65	-4.56
-0.09	2.38	-4.7
-0.92	1.49	-3.15
-0.3	0.1	-0.9
-0.07	1.53	-0.74
-1.24	0.17	0.31
-0.51	-0.55	1.6
-1.14	0.66	1.52
-0.38	-0.64	3.08
-0.8	-1.26	2.59
-0.46	-1.01	3.6
1.89	-3.11	5.67
1.67	-1.21	7.85
1.29	-0.08	8.96
-0.82	3.05	6.08
-0.54	3.12	4.17
-1.04	3.89	1.21
-1.1	3.4	-1.44
-0.98	3.03	-2.61
-0.8	1.87	-4.03
-0.59	0.68	-5.49
-0.55	-0.42	-6.01
-0.92	-2	-6.73
-0.91	-3.78	-5.26
-1.2	-3.41	-2.79
-0.78	-3.91	-1.09
-0.88	-3.48	2.59
-0.86	-3.5	3.91
-0.93	-1.44	2.31
-0.65	-0.86	2.46
-1.26	2	3.68
-0.95	3.15	3.41
-0.72	3.07	0.56
************TIME_SERIES************
ClassID: 1
TimeSeriesLength: 34
TimeSeriesData: 
-0.17	2.27	-3.69
-0.52	0.67	-4.15
-0.16	1.01	-5.71
-0.9	0.32	-1.01
-1.21	-0.19	-1.09
-0.28	-0.2	-0.45
-1.05	0.57	-2.65
-0.36	-0.88	0.1
-0.81	-0.71	2.02
-0.4	0.6	0.75
-0.96	-1.25	4.03
-0.6	-1.44	7.01
-0.09	-2.46	8.41
-0.38	-0.69	7.81
-0.89	1.12	4.86
-0.12	2.63	3.44
-0.89	2.21	3.02
-1.06	2.87	0.26
-1.13	2.96	-1.66
-0.99	3.7	-3.5
-0.45	1.58	-4.97
-0.42	-0.01	-3.91
-1.15	-0.09	-6.41
-1.18	-2.79	-4.51
-1.03	-3.83	-2.27
-0.47	-5.27	-2.36
-0.67	-3.54	0.94
-0.8	-4	2.32
-1.09	-3.04	1.4
-0.74	-1.64	0.49
-1.03	-1.44	2.37
-0.64	1.02	1.03
-1.08	3.81	2.25
-0.2	4.36	3.2
************TIME_SERIES************
ClassID: 1
TimeSeriesLength: 37
TimeSeriesData: 
-0.57	0.17	-0.35
-0.39	1.9	-3.39
-0.11	0.69	-3.18
-0.87	0.1	-2.91
-1.01	1.2	-4.04
-0.5	-0.05	-0.61
-0.57	0.13	-1.68
-0.61	1.4	-0.33
-0.7	0.01	0.96
-0.78	0.31	2.06
-1.19	-0.74	2.08
-0.19	-0.98	5.56
-0.99	-2.37	6.99
1.39	0.06	2.99
-0.25	-1.28	7.42
-0.54	1.45	5.53
-1.21	1.64	5.27
-0.45	2.19	3.59
-1.14	2.7	0.87
-2.6	2.94	-2.12
-0.74	2.54	-3.74
-0.65	1.47	-3.57
-0.07	1.02	-5.69
-0.19	-2.79	-3.55
-0.6	-1.46	-5.83
-0.78	-4.08	-2.47
-0.78	-4.02	-0.98
-0.44	-3.56	0
-1.1	-2.48	1.31
-0.83	-4.15	3.15
-0.82	-1.38	2.37
-0.13	0.18	3.83
-0.82	0.31	2.24
-0.82	2.43	0.83
-1.11	2.27	2.43
-0.87	3.26	0.32
-0.92	1.91	0.29
************TIME_SERIES************
ClassID: 1
TimeSeriesLength: 36
TimeSeriesData: 
-0.45	1.19	-2.73
-0.29	1.51	-4.54
-0.43	1.73	-5.67
-0.03	1.21	-1.63
-0.09	1.35	-1.17
-0.35	0.2	0.33
-0.56	1.44	-1.13
-0.63	0.34	0.02
-0.36	-0.23	0.65
-0.52	-0.38	2.56
-1.15	1.14	2.25
-0.81	-2.09	5.08
-0.03	0.6	3.51
1.78	-1.83	6.44
1.59	-1	6.84
-0.72	-0.12	7.52
-1.08	2.01	2.95
-0.26	3.06	1.15
-1.26	1.14	1.62
-0.66	2.02	1.06
-2.69	2.19	0.32
-2.68	2.11	-2.38
-2.59	2.17	-4.96
-0.52	-0.25	-5.92
-0.97	-0.61	-7.31
-1.03	-2.61	-4.49
-0.89	-2	-4.86
-0.9	-3.83	-2.76
-0.04	-3.87	-0.29
-1.27	-2.95	2.28
-1.14	-3.99	2.78
-0.22	-2.03	4.71
-1.24	-0.32	3.91
-0.08	1.21	3.83
-1.18	2.87	2.53
-1.21	3.5	2.17
************TIME_SERIES************
ClassID: 1
TimeSeriesLength: 39
TimeSeriesData: 
-0.48	0.1	0.03
-0.23	0.48	-1.33
-0.03	0.78	-4.77
-0.49	0.44	-3.1
-0.35	1.51	-3.55
-1	-0.61	-2.45
-0.08	0.51	-1.6
-0.42	-0.12	1.69
-0.05	-0.21	-0.31
-0.24	0.44	0.74
-0.53	-0.64	2.85
-0.89	0.52	1
-1.13	-1.26	3.24
-0.17	-0.05	2.98
1.64	-1.4	6.3
1.45	-2.47	7.72
-0.39	1.15	5.1
-0.68	0.65	4
-1.2	2.42	2.22
-0.36	2.54	1.07
-0.11	2.66	-0.38
-0.72	2.51	0.27
-0.36	2.07	-2.4
-0.33	1.47	-1.73
-0.39	1.38	-3.11
-0.37	0.01	-5.32
-1.03	-2.64	-5.83
-0.67	-2.99	-4.83
-0.47	-4.38	-2.88
-0.71	-3.49	-0.44
-0.84	-5.14	1.73
-0.95	-2.34	2.16
-1.1	-2	3.62
-1.1	-0.62	2.86
-0.86	0.86	1.85
-0.62	2.82	1.04
-0.92	3.06	2.19
-0.64	-325.16	1.29
-0.3	1.33	-0.12
************TIME_SERIES************
ClassID: 1
TimeSeriesLength: 36
TimeSeriesData: 
-0.11	0.52	-2.02
-0.41	0.04	-5.07
-0.48	0.57	-4.25
-0.89	-1.24	-1.82
-0.84	2.19	-3.54
-1.17	-0.58	0.42
-0.41	0.28	2.29
-1.16	1.72	-1.5
-0.48	-1.03	-325.67
-0.26	0.88	-0.19
-0.16	0.24	0.96
-1.04	-0.48	3.26
-0.6	-0.22	2.62
1.53	-2.03	5.23
1.95	-1.96	6.56
1.46	-1.1	7.48
-0.32	1.33	5.61
-0.87	1.66	3.72
-0.1	1.95	2.16
-0.4	2.23	-0.4
-0.82	2.17	0.05
-0.14	2.25	-2.25
-0.87	-0.65	-0.42
-0.19	2.83	-8.98
-0.12	-1.14	-4.02
-1.02	-0.88	-5.28
-0.91	-2.76	-3.89
-0.95	-3.32	-2.07
-0.8	-3.56	-0.9
-0.68	-4.21	2.05
-0.27	-3.38	2.3
-0.41	-2.08	2.22
-0.82	-0.66	3.78
-0.64	0.65	3.23
-0.9	2.64	2.43
-0.89	3.16	2.02
************TIME_SERIES************
ClassID: 1
TimeSeriesLength: 38
TimeSeriesData: 
-0.07	-0.61	-0.51
-0.38	-1.47	0.68
-0.29	0.84	-2.11
-0.9	1.89	-2.5
-0.6	0.46	-4.52
-0.87	2	-3.98
-1.78	0.21	-0.83
-0.39	1.16	-1.51
-0.22	0.79	-0.9
-1.15	-2.37	0.05
-1.05	0.61	0.03
-0.07	-1.09	2.98
-0.99	-1.41	3.36
-0.24	-0.04	1.98
1.29	-2.5	5.56
1.99	-1.3	5.55
1.51	0.02	5.19
-0.12	0.59	6.11
-0.27	1.46	4.09
-0.07	-0.34	5.06
-1.09	3.5	0.3
-0.72	2.86	-1.63
-1.02	2.75	-1.54
-0.6	1.72	-2.99
-0.74	0.31	-2.39
-0.06	1.27	-6.18
-1.23	-1.65	-4.33
-0.85	-1.54	-4.46
-0.55	-2.55	-5.03
-1.1	-4.36	-1.57
-0.41	-5.97	0.42
-0.26	-3.84	1.95
-0.33	-4.62	3.37
-0.43	-2.57	1.9
-0.67	0.23	2.14
-0.95	0.67	2.64
-0.87	2.65	2.22
-0.78	3.49	1.53
************TIME_SERIES************
ClassID: 1
TimeSeriesLength: 39
TimeSeriesData: 
-0.44	0.01	-0.18
-0.5	0.67	-2.2
-0.01	1.43	-7
-1.09	0.42	-4.34
-0.38	0.02	-2.46
-1.01	0.18	-2.95
-0.77	0.55	3.28
-0.23	-0.21	-0.74
-0.33	-0.63	1.02
-1.12	-0.04	1.82
-1.08	-0.26	3.22
-1.22	-0.01	2.26
-0.98	-0.8	2.74
1.35	-0.09	0.76
2.02	-2.17	5.74
2.15	-2.24	9.38
2.29	0.61	4.81
1.53	0.8	5.8
-0.87	1.99	4.98
-0.51	0.94	3.01
-0.95	2.37	-1.05
-0.75	2.91	-1.58
-0.43	2.25	-1.61
-0.35	0.86	-1.64
-0.42	1.89	-4.26
-0.93	-0.72	-6.39
-0.86	-0.23	-4.36
-0.53	-2.72	-4.67
-0.61	-1.99	-3.65
-0.47	-2.44	-2.93
-0.82	-3.91	1.09
-0.18	-3.46	1.48
1.3	-4.18	2.41
-0.76	-2.51	3.92
-0.33	-0.55	1.19
-0.73	0.62	2.37
-0.47	2.29	1.3
-0.81	2.78	3.15
-0.63	3.64	1.3
************TIME_SERIES************
ClassID: 1
TimeSeriesLength: 38
TimeSeriesData: 
-0.05	1.47	-2.19
-0.44	0.52	-1.48
1.28	1.76	-4.4
-0.41	0.31	-2.12
-0.74	1.22	-2.25
-0.71	0.01	-0.82
-1.09	0.84	-2.15
-0.06	-0.89	0.76
-1.21	0.64	-0.6
-1.17	-0.53	1.04
-0.58	-0.31	-0.16
-0.57	-0.44	2.28
-0.77	-1.11	3.27
-0.08	-0.74	3.04
1.29	-3.27	6.69
2.37	-3.87	9.35
-0.15	-0.33	7.2
-0.98	0.99	4.22
-0.22	2.66	2.55
-0.07	2.27	1.65
-0.95	1.95	0.38
-0.75	3.49	-3.96
-0.61	2.13	-2.25
-0.36	1.4	-3.88
-1.24	2.05	-5.05
-0.63	-0.89	-5.34
-1	-1.35	-4.54
-0.58	-3.02	-3.81
-0.09	-5.27	-1.99
-0.29	-5.84	0.86
-0.47	-4.52	0.49
1.28	-3.25	0.25
-0.45	-3.78	2.92
-0.74	-0.04	2.75
-0.83	1.36	3.75
-0.87	3.04	2.93
-0.89	4.72	2.44
-0.59	3.69	2.11
************TIME_SERIES************
ClassID: 1
TimeSeriesLength: 40
TimeSeriesData: 
1.45	0.78	-3.17
1.43	-0.35	-2.5
-0.07	0.26	-3.32
-0.17	0.81	-4.62
-0.86	0.24	-1.46
-0.87	1.33	-1.84
-1	-0.22	0.94
-1.16	1.05	-0.26
-1.12	0.27	0
-0.92	-0.01	0.59
-0.52	-0.14	-0.16
-1.2	-1.84	1.89
-0.61	1.27	-0.59
-0.42	-0.75	2.55
-1.1	-0.51	4.71
1.65	0.31	2.63
2.17	-2.55	7.42
2.07	-1.59	10.02
1.72	0.73	5.91
-0.97	-0.36	6.48
-1.18	2.08	2.22
-0.55	2.96	0.46
-0.61	2.03	-1.2
-0.35	2.08	-2.39
-0.18	3.16	-3.42
-0.64	2.3	-3.09
-0.1	0.74	-4.96
-0.86	-0.54	-5.63
-0.59	-3.19	-3.66
1.44	-4.31	-5.4
1.46	-5.37	-2.39
-0.12	-3.67	-0.07
-0.24	-4.88	1.72
-0.49	-2.79	2.89
-0.15	-2.35	3.19
-0.36	-0.52	1.61
-0.74	0.87	3.89
-0.62	2.56	1.71
-0.56	3.08	1.22
-0.46	3.52	1.1
************TIME_SERIES************
ClassID: 1
TimeSeriesLength: 40
TimeSeriesData: 
1.38	0.5	-2.18
1.44	0.41	-3.03
1.46	0.2	-2.72
-0.2	-0.36	-2.42
-0.7	0.22	-1.82
-0.62	0.67	-2
-1	-0.22	-0.47
-0.99	0.29	-0.77
-0.84	-0.08	-0.72
-0.99	-0.61	1.73
-0.98	0.66	2.27
-0.41	0.91	0.01
-0.48	-1.13	1.02
-0.36	-0.84	0.33
-0.07	-1.1	2.4
1.38	-1.42	5.21
2.08	-2.29	8.03
2.5	-1.71	6.85
1.61	-0.85	7.51
-0.36	1.92	4.21
-0.04	1.08	4.37
-1	2.23	-1.72
-1.19	2.05	-1.91
-1.26	2.16	0.39
-0.24	0.41	-1.52
-0.12	1.9	-3.9
-0.78	0.8	-5.56
-0.9	-0.42	-4.57
-0.25	-0.12	-5.11
-0.58	-1.75	-2.84
-0.43	-2.67	-3.17
-0.37	-3.66	-1.85
1.38	-4.81	-0.89
-0.23	-3.8	2.25
-0.27	-3.85	2.08
-0.34	-1.75	2.41
-0.46	-0.48	2.79
-0.48	0.46	2.07
-0.69	2.03	2.09
-0.62	3.73	2.9
************TIME_SERIES************
ClassID: 1
TimeSeriesLength: 40
TimeSeriesData: 
1.45	0.1	-0.2
1.79	0.46	-3.11
1.71	0.87	-3.34
1.67	1.08	-4.79
1.45	0.62	-3.98
-0.17	-0.03	-1.47
-0.56	0.89	-1.52
-0.82	0.82	-2.44
-0.71	-0.37	-0.87
-0.91	-1	0.28
-0.59	1.04	-0.08
-0.97	-0.51	3.3
-0.18	0.87	1.66
-0.76	-1.08	3.43
1.76	-0.61	1.94
1.54	-2.02	4.65
2.51	-2.82	9.67
2.16	0.11	8.66
-0.3	0.46	6.85
-1.25	1.39	3.95
-0.52	2.76	0.66
-0.54	3.01	-1.59
-0.55	2.7	-1.41
-1.18	1.32	-3.49
-0.1	0.11	-3.07
-0.8	2.24	-6.53
-0.06	-0.27	-7.3
-0.43	-1.26	-3.66
-0.25	-0.81	-5.14
-0.63	-2	-2.73
-0.46	-5.69	0.46
1.61	-4.48	-1.46
-0.08	-4.65	2.3
1.52	-4.24	1.61
-0.04	-1.33	1.81
-0.55	-1.68	4.58
-0.4	-0.1	1.16
-0.32	1.49	1.94
1.42	2.11	1.34
-0.4	3.66	3.12
************TIME_SERIES************
ClassID: 1
TimeSeriesLength: 38
TimeSeriesData: 
1.82	0.1	-1.62
1.51	0.36	-2.5
1.59	0.55	-4.37
-0.46	0.41	-3.08
-0.54	1.5	-3.46
-0.59	0.08	-2.46
-0.42	0.23	-2.46
-0.82	-0.72	1.26
-1.08	-0.32	1.55
-0.67	0.39	0.1
-0.51	0.28	2.41
-0.03	-1.03	4.72
-0.54	-0.27	3.35
1.74	-0.4	2.83
1.88	-2.14	7.54
2.15	-1.29	7.19
1.46	-0.28	7.11
-0.6	1.83	5
-0.95	2.09	3.2
-1.23	2.6	0.82
-0.24	1.68	0.56
-0.31	1.85	-1.01
-0.52	2.13	-2.42
-1.08	2.5	-5.8
-1.07	0.86	-4.36
-0.62	-0.54	-6.19
-0.52	-1.81	-3.75
-0.25	-3.8	-4.42
-0.27	-5.45	-1.87
1.62	-5.02	-2.67
-0.27	-4.55	1.15
-0.29	-3.19	0.82
-0.46	-1.95	4.95
-0.19	-1.07	2.72
-0.08	0.16	0.69
-0.2	0.53	2.57
-0.21	1.9	1.77
-0.57	4.1	3.48
************TIME_SERIES************
ClassID: 1
TimeSeriesLength: 37
TimeSeriesData: 
1.79	1.49	-3.75
-0.15	0.43	-2.48
1.39	0.43	-3.15
-0.38	-0.15	-0.9
-0.86	0.6	0.3
-0.39	-0.03	-1.16
-0.48	0.26	-0.04
-0.67	0.01	-1.05
-0.61	-0.56	0.17
-0.38	-0.21	1.53
-0.42	-0.06	1.29
-0.41	-1.1	3.46
1.52	-0.09	3.16
1.83	-1.59	6.86
1.86	-1.66	7.03
1.66	-1.17	5.84
1.32	0.43	4.69
-0.46	0.96	3.76
-0.95	1.63	2.69
-1.28	3.37	0.7
-0.76	3.24	-1.77
-1.26	3.43	-4.84
-1.11	2.16	-3.18
-0.93	1.11	-3.47
-0.56	0.37	-4.57
-0.59	-2.21	-3.84
-0.59	-3.24	-3.29
-0.02	-4.57	-3.49
-0.16	-4.55	-0.45
-0.24	-4.02	0.74
-0.09	-4.51	1.4
-0.15	-1.87	1.47
-0.59	-1.59	3.36
-0.28	-0.61	2.28
-0.22	0.84	3.13
-0.74	3.21	3.16
-0.49	3.51	2.03
************TIME_SERIES************
ClassID: 1
TimeSeriesLength: 40
TimeSeriesData: 
1.64	-0.27	-1.39
1.32	0.13	-0.98
-0.11	0.95	-2.37
-0.25	0.57	-2.77
-0.26	0.64	-2.97
-0.53	0.39	-1.34
-0.6	0.63	0.43
-0.72	-1.02	0.73
-0.47	0.55	-1.2
-0.61	-1.11	0.57
-0.78	0.5	0.75
-0.42	-0.02	0.79
-0.3	-0.54	1.41
-0.55	-0.51	1.57
2.19	-2.42	3.35
1.9	-2.52	10.07
1.33	-0.03	7.41
-0.26	-0.3	4.98
-0.68	1.92	1.94
-0.78	0.97	1.21
-1.05	1.68	0.9
-1.19	2.45	-1.38
-0.12	1.73	-2.17
-1.03	2.82	-3.9
-0.91	0.88	-2.78
-0.81	1.41	-5.3
-0.25	-0.33	-5.81
-0.34	-2.29	-3.29
-0.4	-2.55	-2.36
1.3	-4.46	-0.67
1.7	-4.36	0.36
1.48	-4.3	1.41
1.29	-3.74	0.85
-0.46	-1.4	1.65
-0.56	0.25	1.69
-0.57	0.87	2.75
-0.45	1.9	1.4
-0.64	2.23	2.16
-0.41	2.97	2.54
-0.09	1.25	1.22
************TIME_SERIES************
ClassID: 1
TimeSeriesLength: 41
TimeSeriesData: 
1.56	-0.45	-0.85
1.31	0.39	0.11
-0.16	0.35	-1.96
-0.31	0.26	-2.98
-0.33	0.71	-3.18
-0.59	0.2	-1.85
-0.92	-0.36	-0.87
-0.7	-0.01	-1.13
-0.68	-0.3	-0.35
-0.68	-1.69	-0.88
-1.2	0.34	0.05
-0.62	1.43	-0.36
-0.97	-1.01	2.09
-1	-0.47	2.99
1.41	-1.05	3.14
1.87	-2.18	6.61
0.69	-1.31	6.23
1.43	-1.23	7.44
1.36	-326.99	4.43
-0.17	0.95	3.9
-0.84	0.02	4.33
-1.2	1.74	-0.35
-0.82	2.35	0.34
-0.08	3.47	-4.83
-0.32	2.73	-4.14
-1.22	1.07	-5.96
-0.9	-0.24	-4.09
-0.11	-1.66	-4.95
-0.31	-1.77	-3.82
-0.13	-3.24	-1.04
-0.07	-3.47	-0.39
-0.1	-4.02	0.03
-0.04	-3.27	1.15
-0.78	-3.2	3.21
1.37	-1.57	0.6
-0.5	-0.89	2.69
-0.2	0.71	0.78
-0.46	2.53	1.7
-0.53	2.4	2.09
-0.21	2.63	1.51
-0.07	1.44	1.37
************TIME_SERIES************
ClassID: 1
TimeSeriesLength: 40
TimeSeriesData: 
1.33	1.36	-3.72
-0.03	-0.07	-2.7
-0.15	1.19	-4.23
-0.51	0.74	-2.78
-0.84	-0.03	-1.32
-0.59	1.25	-2.29
-0.9	-0.44	-0.38
-1.16	-0.11	0.5
-1.06	0.45	-0.14
-0.99	-0.14	1.35
-0.72	-0.2	0.94
-0.52	-0.45	2.02
-0.17	-0.08	2.17
-0.51	-0.37	3.6
1.63	-1.35	6.46
1.98	-1.85	7.2
1.52	-0.49	7.28
-0.39	0.24	5.88
-0.74	0.45	3.51
-0.29	1.62	1.69
-0.59	3.34	-0.05
-1.15	2.69	-3.18
-0.01	1.83	-2.82
-0.86	1.1	-3.76
-0.75	0.19	-4.05
-0.41	-0.19	-6.85
-0.56	-1.97	-4.77
-0.12	-4.19	-3.23
-0.12	-2.71	-3.23
-0.29	-3.27	-2.27
-0.48	-4.27	2.41
1.28	-2.91	2.23
1.3	-3.3	1.83
1.3	-3.05	2.54
-0.07	-0.85	1.52
-0.16	-0.73	1.57
-0.38	1.5	1.57
-0.69	3.52	3.53
-0.43	3.43	2.66
1.3	1.24	1.19
************TIME_SERIES************
ClassID: 1
TimeSeriesLength: 43
TimeSeriesData: 
1.78	0.06	-1.13
1.87	-0.61	-2.48
1.67	1.56	-3.58
1.61	-0.28	-2.87
1.49	0.49	-3.17
-0.36	-0.27	-2.26
-0.54	1.25	-2.54
-0.28	-1.56	0.69
-0.53	0.77	-1.45
-0.49	0.07	0.09
-0.57	-0.05	0.96
-0.66	0.74	0.5
-0.54	-1.4	1.9
-0.95	0.48	3.05
-0.45	-0.42	2.91
-0.46	-0.22	1.87
1.86	-1.02	2.05
2.02	-1.66	4.94
1.78	-1.85	6.83
1.34	-1.01	7.36
-0.86	-0.35	5.02
-0.52	1.37	0.42
-1.16	2.8	2.24
-0.9	1.9	-0.38
-0.22	2.93	-1.66
-0.89	1.12	0.22
-0.76	1.95	-3
-0.47	1.83	-5.09
1.28	0.91	-6.05
-0.01	-1.19	-4.34
1.35	-1.96	-4.74
1.34	-2.41	-2.98
-0.14	-5.27	1.63
1.36	-2.55	-1.72
1.7	-4.96	0.62
1.4	-4.65	1.76
1.28	-3.22	1.05
-0.03	-2.76	1.51
-0.36	1.19	1.41
-0.7	1.8	2.56
-0.36	3.7	1.5
-0.24	2.51	2.11
1.44	1.2	1.89
************TIME_SERIES************
ClassID: 2
TimeSeriesLength: 16
TimeSeriesData: 
1.41	0.55	-1.49
1.46	-0.19	-0.18
1.28	0.61	-1.31
1.28	2.01	-3.77
1.54	1.81	-6.97
-0.51	1.46	-3.7
-0.79	0.26	-2.65
-0.97	-0.4	-0.22
-0.1	1.43	-1.51
-0.27	-0.03	0.58
-0.54	0.07	0.92
-1.16	1.56	-2.09
-0.11	-2.39	3.85
-0.45	2.12	-0.01
1.95	-3.04	6.98
1.79	-0.35	7.79
************TIME_SERIES************
ClassID: 2
TimeSeriesLength: 16
TimeSeriesData: 
-0.14	0.3	1.02
1.57	0.88	-1.75
1.66	2.01	-6.5
-0.06	1.09	-4.72
-0.32	0.93	-3.01
-0.39	-326.59	-2.81
-1.23	0.57	0.79
-0.11	0.98	0.97
-0.96	-0.29	-0.21
-0.88	1.51	-0.55
-0.85	-0.6	1.49
-0.48	0.1	-0.09
-0.43	-1.37	3.44
1.58	1.68	0.82
2.25	-2.5	5.99
2.07	-2.14	6.07
************TIME_SERIES************
ClassID: 2
TimeSeriesLength: 16
TimeSeriesData: 
1.52	0.07	-0.58
1.63	0.4	-1.89
1.6	1.23	-2.77
-0.05	1.58	-2.51
-0.5	1.86	-2.45
-0.77	0.94	-1.48
-0.16	1.65	-2.95
-0.49	0.06	-0.94
-0.66	-0.26	-1.71
-0.97	1.31	-2.95
-0.96	-0.15	0.41
1.35	-1.37	-0.35
-0.43	-0.34	2.56
-0.15	-0.72	4.09
1.53	-1.16	4.45
1.46	-1.4	6.33
************TIME_SERIES************
ClassID: 2
TimeSeriesLength: 18
TimeSeriesData: 
1.59	-0.19	1.24
1.92	1.35	-2.36
1.7	-0.23	0.03
1.64	2	-4.4
1.68	0.08	-3.49
1.35	1.05	-1.84
-0.21	1.25	-2.88
-1.02	0.06	0.97
-0.62	0.71	-0.59
-0.38	1.2	-1.68
-0.57	-0.55	1.13
-0.59	-0.23	0.55
-0.17	1.28	-0.18
-0.1	-0.58	2.09
-0.21	-1.34	2.23
-0.32	-0.53	1.67
1.37	0.35	0.88
1.91	-0.68	2.6
************TIME_SERIES************
ClassID: 2
TimeSeriesLength: 16
TimeSeriesData: 
1.86	0.38	-0.93
2.04	1.21	-2.65
1.73	1.09	-2.86
1.39	2.12	-4.55
-0.23	1.95	-2.9
-0.4	0.59	-2.45
-0.52	1.18	-1.67
-0.95	0.74	-0.5
-0.5	1.03	-3.73
-0.65	-0.09	-2.15
-1.26	0.44	-0.85
-0.87	-0.07	0.57
-0.84	-0.53	3.31
-0.96	-0.62	3.68
1.44	0.79	2.02
-0.13	-3.92	8.57
************TIME_SERIES************
ClassID: 2
TimeSeriesLength: 15
TimeSeriesData: 
1.65	0.06	-0.04
1.79	1.32	-2.57
-0.08	1.13	-3
-0.49	1.7	-5.34
-0.65	2.03	-4.76
-0.82	1.03	-3.28
-0.25	0.98	-1.99
-0.12	0.86	-2.52
-0.06	-0.12	0.13
-0.18	1.68	0.82
-1.12	1.03	0.94
-0.64	-1.74	3.54
-0.52	0.45	1.45
-0.35	0.44	3.04
1.5	-0.91	4.41
************TIME_SERIES************
ClassID: 2
TimeSeriesLength: 16
TimeSeriesData: 
1.89	1.11	-1.62
1.81	0.26	-2.99
-0.51	1.92	-5.09
-0.84	1.5	-3.45
-0.74	1.25	-3.79
-0.06	2.06	-0.47
-0.81	0	-1.17
-1.24	0.92	0.95
-1.09	0.37	-1.25
-0.92	0.87	-2.04
-0.78	0	-0.54
-0.84	0.67	1.15
-0.95	-1.09	3.85
-0.55	0.19	3.04
1.65	-1.03	3.85
1.7	-2.08	6.82
************TIME_SERIES************
ClassID: 2
TimeSeriesLength: 16
TimeSeriesData: 
1.79	1.76	-3.61
1.29	2.42	-4.96
-0.1	1.62	-3.3
-0.4	-0.09	-2.32
-0.53	1	-1.57
-0.42	0.13	-0.53
-0.63	0.03	-0.33
-0.31	0.48	-1.39
-0.76	0.99	0.16
-0.72	0.78	-1.52
-0.39	1.57	-1.6
-1.24	-1.68	3.99
-0.5	0.7	1.3
1.62	-1.51	3.81
1.68	-1.64	5.11
1.96	-1.37	4.64
************TIME_SERIES************
ClassID: 2
TimeSeriesLength: 16
TimeSeriesData: 
1.62	1.95	-3.41
-0.07	0.07	-4.03
1.48	1.68	-4.04
-0.04	0.28	-1.86
-0.41	-0.16	-1.27
-0.35	-0.11	-1.08
1.42	-1.06	-1.79
-0.5	0.59	-0.77
-0.47	0.8	-1.12
-0.84	1.06	0.57
-0.57	-0.26	1.15
-0.35	0.64	0.67
-0.17	-0.88	1.37
-0.13	0.47	0.68
1.5	-0.16	2.93
1.46	-1.6	4.99
************TIME_SERIES************
ClassID: 2
TimeSeriesLength: 15
TimeSeriesData: 
2.18	-0.28	-1.47
1.79	1.09	-4.22
-0.23	1.36	-5.55
-0.49	1.5	-4.6
-0.83	1.64	-3.1
-0.83	0.22	-2.14
-1.11	0.45	-0.62
-0.67	-0.11	-1.13
-1.24	-0.69	1.3
-0.86	0.01	-0.62
-0.77	0.47	0.43
-0.37	-1.32	2.03
-0.03	-0.73	2.3
1.39	-0.94	3.03
-0.07	-1.21	5.55
************TIME_SERIES************
ClassID: 2
TimeSeriesLength: 17
TimeSeriesData: 
1.92	1.02	-1.52
-0.19	2.39	-1.88
1.3	1.11	-3.2
-0.26	0.55	-1.73
-0.35	1.59	-1.65
-0.32	1.1	-1.72
-0.34	0.59	-2.05
-0.17	1.01	-1.03
-0.1	1.73	-1.04
-0.83	-1.2	1.65
-0.52	1.4	-1.02
-0.22	-0.16	0.19
-0.28	-0.88	0.9
-0.02	0.35	0.6
-0.02	-0.09	2.2
1.57	-0.87	3.23
1.79	-0.46	4.35
************TIME_SERIES************
ClassID: 2
TimeSeriesLength: 16
TimeSeriesData: 
2.01	3.45	-6.2
1.34	-0.18	-1.45
1.58	0.46	-3.78
-0.12	2.32	-5.31
-0.34	0.15	-3.13
-0.78	0.68	-1.72
-0.88	-0.33	-0.32
-0.35	0.07	-1.48
-0.54	0.48	-0.91
-0.65	0.85	0.09
-0.47	-0.18	1.4
-0.54	0.23	1.83
-0.37	-0.29	1.73
1.37	0.18	1.89
1.45	0.05	1.98
1.3	0.33	2.27
************TIME_SERIES************
ClassID: 2
TimeSeriesLength: 16
TimeSeriesData: 
1.79	1.62	-1.6
1.86	0.29	-0.64
0.35	0.17	-1.05
1.57	0.96	-3.62
1.4	0.77	-4.54
-0.25	0.96	-3.17
-0.34	0.9	-2.13
-0.48	1.2	-1.36
-0.56	0.59	-0.08
-0.52	-0.2	-0.25
-0.49	0.24	-1.06
-0.42	-1.09	0.22
-0.7	0.46	0.4
-0.58	-0.28	1.3
-0.25	-0.94	1.87
1.32	-0.72	4.81
************TIME_SERIES************
ClassID: 2
TimeSeriesLength: 18
TimeSeriesData: 
1.67	0.92	-3.11
1.37	-0.07	-2.92
-0.14	0.68	-2.52
-0.43	2.22	-2.96
-0.44	0.85	-2.36
-0.46	-0.45	-1.74
-0.71	1.64	-1.42
-0.85	-0.89	-0.88
-0.92	1.79	-0.67
-0.5	-1.04	1.11
-0.69	0.91	-0.39
-0.82	0.57	1.11
-0.5	-0.06	1.54
-0.41	-0.45	1.05
1.57	0.13	0.56
1.88	-0.44	2.54
1.93	-1.59	5.06
2.03	-1.18	5.25
************TIME_SERIES************
ClassID: 2
TimeSeriesLength: 18
TimeSeriesData: 
1.93	1.9	-2.26
1.42	0.68	-2.12
1.38	1.6	-3.74
1.3	-0.05	-2.66
1.28	0.55	-2.82
-0.28	-0.69	-1.14
-0.37	0.58	-1.39
-0.24	-0.29	-0.45
-0.66	0.77	0.12
-0.32	-0.21	-1.51
-0.39	1.72	-1.45
-0.34	-0.34	0.5
-0.36	0.88	1.4
1.31	0.1	2.47
-0.31	-0.67	3.52
1.67	0.79	0.68
-0.02	-0.01	-0.01
1.17	0.01	0.93
************TIME_SERIES************
ClassID: 2
TimeSeriesLength: 19
TimeSeriesData: 
2.12	0.81	-1.54
1.89	-0.5	-0.53
1.6	0.81	-2.57
1.51	1.65	-3.75
0.28	1.19	-4.07
-0.1	0.35	-1.54
1.62	0.13	-1.66
-0.22	0.33	-0.62
-0.22	0.44	-0.88
-0.08	1.15	-2.18
-0.3	-1.4	0.86
1.31	1.65	-2.35
-0.19	-0.63	0.64
-0.44	0.56	0.62
-0.67	0.06	2.58
-0.15	-0.78	2.02
1.86	-0.67	3.47
2.05	-1.91	4.4
2.03	-1.43	4.87
************TIME_SERIES************
ClassID: 2
TimeSeriesLength: 22
TimeSeriesData: 
2.24	1.04	-2.75
1.72	-1.18	1.64
2.01	1.79	-4.08
1.85	0.2	-2.21
1.75	1.01	-2.75
1.45	0.41	-0.44
1.5	0.34	-1.56
1.38	0.43	-1.05
1.58	0.38	-0.8
1.32	-0.11	1.28
1.6	0.21	-0.2
1.37	-0.51	1.57
1.45	1.22	0.23
1.55	0	1.27
1.38	-0.46	0.84
1.48	0.53	-0.05
1.37	0.44	0.09
1.48	0.01	-0.08
1.61	-0.26	1.13
2.28	0.54	1.49
2.14	-1.82	5.27
2.27	-0.55	2.76
************TIME_SERIES************
ClassID: 2
TimeSeriesLength: 21
TimeSeriesData: 
2.28	-0.05	-0.82
2.23	0.97	-1.62
2.02	0.71	-2.58
2	1.21	-3.49
1.86	1.24	-3.66
1.65	1.35	-3.32
1.48	1.16	-2.29
1.46	-0.6	-0.48
-0.18	0.74	-2.44
-0.5	-0.06	-0.13
-0.65	1.01	-0.84
-0.46	0.45	-0.18
-0.22	0.28	0.3
-0.38	0.51	0.76
-0.37	0.25	0.51
-0.12	-0.2	1.74
1.58	0.24	1.91
2.44	-1.39	3.64
2.37	-1.43	5.55
1.87	-0.59	5.39
2.12	-0.6	1.07
************TIME_SERIES************
ClassID: 2
TimeSeriesLength: 22
TimeSeriesData: 
2.08	-0.91	0.26
2.27	0.86	-1.98
2.18	0.94	-2.74
1.8	0.99	-3.4
1.62	1.19	-2.84
1.75	0.81	-2.41
1.4	0.19	-1.82
1.44	0.61	-1.93
-0.07	-0.14	0.45
-0.24	1.01	-0.58
1.29	-0.03	0.66
-0.25	-0.19	1.8
1.41	1.04	-0.71
0.18	0.93	0.67
1.34	-0.16	0.31
1.56	-0.08	1.59
1.59	-0.49	2.54
1.83	-0.1	0.19
2	-0.95	2.08
1.83	-0.57	3.15
2.05	-1.06	3.56
1.97	-0.45	1.95
************TIME_SERIES************
ClassID: 2
TimeSeriesLength: 19
TimeSeriesData: 
2.3	1.51	-0.87
2.15	1.16	-1.89
0.76	0.6	-1.82
2.03	1.16	-3.69
2.08	0.53	-2.66
1.98	1.56	-3.24
1.58	0.18	-1.24
1.68	1.36	-1.53
1.78	-0.62	-1.06
1.61	0.32	-1.84
-0.37	0.48	0.59
0.32	0.52	-1.55
-0.49	-0.36	2.09
-0.62	0.16	3.17
2.03	1.07	-0.97
1.47	-1.12	2.75
1.68	2.28	0.39
1.87	-1.91	1.45
2.37	-0.33	1.3
************TIME_SERIES************
ClassID: 3
TimeSeriesLength: 49
TimeSeriesData: 
1.39	-0.37	0.43
1.55	-1.21	-0.64
1.42	-1.6	0.36
1.39	-1.46	0
1.42	-2.73	-0.46
1.29	-1.93	-0.94
1.28	-2.1	-0.52
-0.05	-1.42	-1.49
-0.13	-2.5	-0.61
-0.57	-1.01	-0.23
-0.37	-1.1	-0.39
-0.46	0.26	-0.48
-0.44	0.73	-1.07
-0.3	0.5	-0.4
-0.38	2.34	-0.22
-0.39	1.74	0.86
-0.1	4.48	-0.09
1.4	2.07	1.7
1.66	1.79	1.43
2.14	-1.1	3.56
1.85	-1.08	4.97
-0.34	2.23	4.35
-0.86	2.53	3.72
-1.12	2.61	1.28
-1.23	3.02	-1.01
-0.47	2.99	-1.88
-0.08	1.81	-4.31
-0.28	1.03	-3.28
-0.06	3.54	-5.87
-0.25	-0.16	-2.62
-0.27	1.03	-4.32
-0.08	-0.26	-4.77
-1.14	-2.6	-3.83
-1.18	-1.42	-3.87
-0.59	-2.99	-2.44
-0.77	-2.81	-1.47
-0.77	-2.79	-1.22
-0.18	-2.37	0.99
-0.03	-3.33	1.22
-0.15	-3.15	2.64
1.63	-6.08	2.39
-0.14	-1.26	1.59
-0.21	-0.43	1.53
-0.56	0.18	2.18
-0.29	1.43	1.16
-0.36	-325.72	1.56
-0.34	1.97	1.19
-0.53	3.1	0.22
-0.31	2	-0.1
************TIME_SERIES************
ClassID: 3
TimeSeriesLength: 48
TimeSeriesData: 
1.82	-2.22	-0.99
-0.09	-0.94	-0.04
1.63	-2.77	-1.29
1.49	-1.94	-1.89
-0.35	-2.19	-0.33
-0.25	-1.78	-1
-0.22	-1.21	-0.82
-0.28	-1.43	-1.5
-0.34	-1.26	-1.4
-0.27	-0.35	-0.76
-0.62	1.17	1.31
-0.81	2.14	0.84
-0.51	2.32	0.84
1.32	1.93	0.92
1.36	2.61	0.88
-0.19	3.92	2.54
1.95	1.32	2.49
1.73	-0.3	5.06
1.38	1.04	4.09
-0.21	1.82	2.25
-0.99	1.94	1.29
-0.73	2.27	-0.94
-1.11	1.8	-1.03
-0.92	3.44	-1.78
-0.89	0.66	-0.77
-0.32	2.96	-2.9
-0.05	1.7	-3.83
-1.31	1.74	-4.85
-0.91	2.16	-4.32
-0.61	-2.11	-5.17
-0.18	-1.14	-2.09
-1.24	-2.12	-1.6
-0.65	-2.77	-2.97
-0.5	-3.36	-1.92
1.48	-3.76	-1.69
-0.12	-2.94	1.55
1.63	-3.01	0.4
-0.11	-4.43	2.28
1.67	-2.24	0.86
1.4	-1.08	3.05
1.65	-2.47	2.41
1.77	-0.47	0.91
1.51	-0.2	0.91
-0.46	0.62	2.46
-0.18	2.58	0.37
-0.31	2.65	1.53
-0.53	3.62	1.44
-0.89	2.98	-0.12
************TIME_SERIES************
ClassID: 3
TimeSeriesLength: 48
TimeSeriesData: 
1.64	0.4	-1.11
1.71	-1.69	-1.01
1.83	-2.52	-0.43
1.45	-3	-1.37
-0.05	-2.22	-2.45
1.32	-2.67	0.23
-0.29	-0.81	-0.55
-0.3	0.58	-0.41
-0.19	-0.84	0.17
-0.32	0.07	-0.16
-0.09	-0.47	-0.16
-0.59	1.31	0.86
-0.26	1.08	0.28
-0.19	2.41	-0.12
-0.45	3.3	1.13
-0.36	4.13	0.82
2	0.01	1.57
1.75	-1.93	4.64
2.09	-0.02	6.24
-0.35	1.29	5.27
-0.88	1.63	2.83
-1.15	3.81	-0.89
-0.35	1.42	-1.01
-0.17	3.25	-3.49
-0.18	2.07	-1.94
-0.17	3.05	-4.52
-0.76	-0.03	-2.57
-0.67	2.36	-5.48
-0.15	0.06	-5.95
-0.36	-1.61	-3.71
-0.67	-1.77	-3.73
-0.64	-1.66	-4.83
-0.55	-6.08	-0.34
-0.82	-4.1	-1.63
-0.42	-1.98	-0.65
1.34	-7.21	2.67
1.42	-3.57	-0.58
1.3	-4.87	2.74
1.43	-2.45	0.08
-0.74	-2.94	3.57
-0.46	-2.13	2.15
1.86	-0.37	1.07
1.31	0.31	4.37
-0.58	2.35	4.54
-0.49	3.29	3.06
-0.61	1.02	2.67
-0.81	1.71	-0.72
-0.16	3.21	-2.64
************TIME_SERIES************
ClassID: 3
TimeSeriesLength: 49
TimeSeriesData: 
1.38	0.12	-0.74
1.34	-1.02	-0.45
-0.07	-2.16	-0.52
-0.06	-3.24	-1.44
-0.46	-2.62	-1.63
-0.79	-2.85	-0.91
-0.6	-1.54	-2.13
-0.49	-2.83	0.37
-1.06	-0.56	-0.29
-1.14	-0.26	-0.21
-1.07	0.3	0
-0.64	1.19	-1.04
-1.02	1.06	1.59
-0.18	1.81	-0.8
-0.71	2.59	2.51
-0.36	3.72	1.21
-0.15	2.19	1.99
2.47	-0.8	1.97
2.43	-2.31	4.86
1.42	-0.26	5.94
-0.66	2.04	4.22
-0.07	2.7	1.93
-0.48	2.08	0.14
-0.47	3.39	-2.8
-0.36	2.14	-2.95
-0.13	2.01	-3.54
-0.07	1.28	-3.32
-0.96	1.74	-3.34
-1.07	0.85	-3.98
-0.07	-0.66	-5.05
-0.42	-1.37	-3.85
-0.09	0.04	-4.58
-0.72	-4.4	-0.31
-0.7	-3.02	-2.65
-0.36	-3.64	-1.48
-0.76	-4.24	1.91
-0.93	-3.72	-0.6
-0.6	-3.49	-0.29
-0.79	-3.64	0.24
-0.66	-4.12	1.85
-0.5	-2.25	2
-0.74	-2.95	5.05
-0.27	-0.73	3.15
-0.18	0.01	3.93
1.61	1.26	1.88
-0.47	1.48	4.76
-0.34	2.65	1.42
-0.68	2.86	-0.59
-0.96	3.24	-3.04
************TIME_SERIES************
ClassID: 3
TimeSeriesLength: 48
TimeSeriesData: 
1.37	-0.41	-0.3
-0.14	-0.95	-0.74
1.38	-4.18	-1.03
-0.45	-2.81	-2.57
-0.43	-3.4	-2.79
-0.53	-1.86	-1.68
-0.74	-1.43	0
-0.86	-0.51	0.87
-0.66	-0.45	-0.11
-0.42	0.7	0.38
-0.31	1.03	-0.95
-0.23	1.14	-0.36
-0.59	1.05	0.38
1.67	0.78	-1.82
1.49	1.47	1.04
-0.33	4.38	2.7
1.4	1.73	3.82
1.48	-1.35	4.3
2.15	-1.84	7.01
-0.21	-0.69	5.75
-1.07	4.21	1.45
-0.13	4.18	0.08
-0.73	3.3	-1
-0.24	2.63	-3.17
-0.2	1.71	-3.24
-0.47	1.94	-4.4
-0.77	2.35	-4.01
-0.51	0.97	-4.42
-0.56	1.05	-5.13
-0.72	-2.52	-3.41
-1.27	0.03	-3.79
-0.49	-2.07	-4.55
-1.18	-4.13	-2.15
-0.57	-2.78	-3.02
-0.5	-6.91	0.87
1.34	-5.93	0.11
1.66	-4.47	-1.21
-0.35	-6.93	4.86
1.32	-3.66	1.94
-0.87	-1.86	3.33
-0.43	-0.87	2.63
-0.33	1.11	2.9
-1.09	3.49	4.36
-1.2	2.79	3.3
-0.81	2.87	2.33
-1.15	2.48	1.02
-0.83	1.77	-3.91
-0.36	3.15	-5
************TIME_SERIES************
ClassID: 3
TimeSeriesLength: 50
TimeSeriesData: 
1.67	-1.99	-1.21
-0.07	-2.55	-0.78
-0.34	-2.97	-1.07
1.34	-3.55	-2.5
-0.53	-2.01	-0.45
-0.43	-0.99	-0.99
-0.37	-0.83	-0.65
-1.09	0.2	0.66
-0.38	-0.59	-0.3
-0.65	0.43	-0.38
-0.38	0.57	-1.41
-0.82	2.49	0.49
-0.61	1.16	1.6
1.28	1.01	0.09
-0.15	2.15	0.6
1.44	3.02	0.56
-0.01	2.2	1.81
1.54	-0.97	2.64
1.88	-2.93	5.67
-0.48	1.55	6.39
-0.28	2.39	2.6
-0.79	3.41	2.19
-0.77	3.62	-1.47
-0.75	2.33	-3.21
-0.85	2.54	-3.45
-1.97	1.51	-4
-0.51	1.15	-4.29
-0.16	1.72	-5.51
-0.39	-1.67	-4.03
-0.65	1.13	-4.37
-0.14	-2.31	-2.08
-0.82	-4.08	-1.42
-0.97	-1.07	-3.09
-0.9	-3.07	-1.17
-0.52	-3.85	-0.2
-0.38	-3.65	0.26
-0.38	-4.78	0.78
1.81	-3.54	1.17
1.41	-2.88	3
-0.45	-2.48	3.48
-0.14	-3.1	3.11
-0.26	-1.36	3.76
1.51	0.06	1.61
-0.74	1.42	3.34
-0.61	3.48	1.79
-0.57	2.52	1.97
-0.63	4.07	0.25
-0.76	2.39	-0.84
-0.43	1.38	-4.34
1.32	1.31	-5.07
************TIME_SERIES************
ClassID: 3
TimeSeriesLength: 50
TimeSeriesData: 
1.57	-1.1	-2.13
1.55	-2.64	-1.04
1.43	-3.12	-0.74
-0.09	-2.16	-1.69
-0.45	-1.99	-0.63
-0.12	-2.46	-0.87
-0.41	-0.52	-0.68
-0.56	-1.15	0.51
-0.04	-0.34	-0.73
-0.07	-0.15	-0.33
-0.48	0.59	-0.73
-0.16	0.17	-0.99
1.41	0.27	-0.43
-0.13	1.29	0.44
-0.65	4.84	0.78
-0.52	2.44	2.73
2.2	0.64	-0.07
1.31	-1.02	1.42
1.33	-1.2	3.91
0.93	0.44	4.88
-0.65	1.63	5.09
-0.8	1.91	2.23
-0.35	2.42	-1.38
-0.82	1.86	-1.18
-0.84	2.95	-2.8
-1.27	1.96	-1.63
-1.18	1.52	-3.79
-0.01	1.7	-3.63
-0.1	0.62	-4.27
-0.7	1.96	-4.34
-1.58	-0.56	-2.92
-1.14	-3.06	-3.36
-1.01	-1.1	-4.39
-0.71	-3.67	-1.91
-0.63	-3.83	-0.48
-0.77	-3.75	-0.07
1.28	-1.3	-1.01
-0.14	-5.53	1.11
-0.19	-0.91	0
1.61	-3.54	2.17
1.54	-3.68	4.33
-0.01	-2.99	2.2
-0.06	-2.14	1.96
-0.09	0.27	1.2
-0.13	1.15	1.9
-0.36	2	2.07
-0.63	3.01	2.18
-1.14	3.17	0.85
-0.94	3.34	-1.85
1.28	1.61	-3.74
************TIME_SERIES************
ClassID: 3
TimeSeriesLength: 48
TimeSeriesData: 
1.72	-1.21	-1.28
1.53	-1.73	0.09
1.8	-1.33	-2.15
1.37	-2.44	0.46
1.4	-2.33	-0.17
1.32	-1.56	-0.54
-0.27	-1.32	-0.04
1.3	-1.43	-1.03
-0.29	-1.53	-0.26
-0.2	-0.42	-1.49
-0.31	-0.02	0.49
1.45	0.06	-1.01
1.38	-0.24	-0.18
-0.56	1.83	-0.03
-0.6	3.77	1.18
-0.37	3.74	2.2
1.38	1.1	2.19
2.17	-0.6	3.49
1.97	-1	4.99
1.83	0.99	3.17
0	1.84	1.6
-0.84	1.78	2.18
-1.12	3.65	-1.55
-1.12	2.21	-1.97
-1.21	2.94	-3.46
-1.02	2.53	-3.68
-0.46	0.99	-2.4
-0.23	2.04	-5.39
-1.18	-0.32	-4.51
-0.18	-1.22	-4.61
-1.26	0.36	-3.63
-1.17	-1.56	-2.94
-0.71	-5.79	-0.85
1.43	-3.04	-2.51
-0.21	-6.84	0.91
-0.4	-6.33	2.09
1.63	-4.04	-0.78
1.46	-5.02	0.65
-0.64	-2.75	2.46
-0.09	-2.01	2.21
-0.28	-1.97	5.4
-0.32	0.38	3.35
-0.65	2.22	4.38
-0.46	2.63	3.2
-0.57	3.21	1.19
-0.72	2.75	-2
-0.64	2.57	-3.51
1.41	2.29	-3.28
************TIME_SERIES************
ClassID: 3
TimeSeriesLength: 54
TimeSeriesData: 
1.53	-0.85	-0.84
1.6	-0.62	-0.66
1.7	-1.63	-1.36
1.28	-2.78	-0.33
-0.08	-3.19	-1.71
-0.14	-2.53	-1.61
-0.55	-1.48	-0.6
-0.36	-1.09	-1.7
-0.66	-0.25	-0.25
-0.57	0.19	-0.19
-0.64	0.66	-0.28
-0.57	0.19	-0.2
-0.5	0.03	0.7
-0.28	0.87	0.26
-0.09	0.27	0.43
-0.12	2.36	-1.68
-0.75	3.06	1.51
-0.57	4.17	0.89
1.62	1.94	0.84
2.13	0.55	0.93
2.4	-0.91	1.83
1.39	-2.74	5.72
0.79	0.67	4.81
-0.1	1.98	4.49
-0.2	3.66	2.51
-0.66	3.99	0.38
-0.53	3.89	-1.89
-0.35	2.51	-3.24
-0.37	4.09	-3.1
-0.05	1.46	-3.82
-0.51	1.05	-3.76
-0.82	2.13	-2.83
-0.66	-0.15	-4.88
-0.7	-2.83	-2.24
-0.39	-1.21	-3.61
-1.06	-3.71	-3.67
-0.78	-6.7	-1.18
1.46	-4.22	-1.77
-0.28	-5.89	-0.41
-1.11	-2.34	1.48
1.37	-3.95	-0.07
-0.51	-2.49	3.31
1.4	-2.49	2.61
1.51	-1	3.35
-0.3	-1.43	5.83
-0.52	0.47	4.81
-0.81	3.15	3.54
-1.06	3.89	1.18
-0.96	3.36	-0.44
-0.7	3.24	-1.63
-0.49	0.88	-2.36
-0.14	1.93	-4.44
1.31	0.15	-2.16
-0.15	1.43	-0.92
************TIME_SERIES************
ClassID: 3
TimeSeriesLength: 52
TimeSeriesData: 
1.59	-1.79	-0.27
1.59	-1.73	-1.24
1.79	-3.49	-1.34
-0.02	-2.66	-1.35
-0.42	-1.98	-1.21
-0.22	-1.53	-1.83
-0.56	-1.03	0.13
-0.56	-0.38	-0.04
-0.39	-0.69	0.42
-0.38	0.12	-0.03
-0.44	-0.07	-0.84
-0.52	-0.32	0.26
-0.33	0.88	-2.05
-0.84	1.38	1.18
-0.8	3.41	1.32
-0.46	4.11	0.9
-0.13	2.17	2.81
1.54	1.68	2.35
1.65	-1.83	2.29
1.36	-0.97	4.03
1.84	1.65	4.53
-0.45	0.02	5.06
-0.55	3.19	1.73
-0.09	3.47	326.52
-0.21	1.23	-1.39
-0.37	3.15	-3.34
-0.86	2.13	-1.09
-0.96	2.56	-3.32
-0.9	1.82	-4.46
-0.22	-0.02	-4.46
-0.32	-0.41	-4.96
-0.21	-0.46	-4.18
-0.57	-2.23	-2.49
-3.64	0.62	-1.91
-1.05	-1.42	-4.78
1.53	-3.99	-2.42
-0.41	-6.64	0.74
1.38	-3.44	-2.04
-0.75	-4.87	2.35
-0.76	-3.51	1.28
-0.07	-2.96	2
-0.1	-1.02	2.87
1.41	-3.32	2.77
2.02	-2.16	3.59
1.8	1.23	2.47
-0.59	0.51	5.68
-0.17	2.23	1.62
-0.85	2.89	2.65
-0.52	3.32	-0.65
-0.89	2.46	0.65
-1.24	2.78	-3.46
-0.79	0.51	-3.93
************TIME_SERIES************
ClassID: 3
TimeSeriesLength: 49
TimeSeriesData: 
1.57	-2.25	-0.04
1.47	-1.88	-1.71
-0.25	-2.94	-0.63
-0.36	-2.06	-0.67
-0.62	-1.92	-0.02
-0.39	-1.19	-0.77
-0.66	-0.9	-0.07
-0.6	-1.11	-0.85
-0.66	-0.59	-1.23
-0.65	-0.14	-0.04
-0.66	-0.17	-0.19
-0.31	0.56	0.54
-0.35	1.73	-0.51
-0.8	5.28	2.14
1.28	3.82	1.98
1.8	1.27	2.31
2.02	0.72	1.5
1.91	0.19	3.67
0.31	2.26	2.27
-0.62	1.92	3.24
-0.47	2.65	-0.03
-0.92	2.49	-0.16
-1.2	2.53	-1.93
-1.14	2.17	-1.38
-0.46	1.14	-3.24
-0.3	0.94	-3.02
-0.09	0.9	-4.7
-0.16	-0.18	-3.26
-0.35	-0.22	-3.7
-0.19	-2.1	-3.49
-1.18	0.99	-5.73
-0.41	-4.31	-0.83
-1.17	-1.77	-2.41
-0.28	-2.08	-3.39
-1.12	-4.11	0.02
-1.08	-2.07	0.32
-0.36	-3.01	0.26
-0.21	-4.14	1.36
-0.3	-3.67	3.6
-0.07	-3.12	3.16
-0.58	-0.91	3.97
-0.59	1.03	4.32
-0.9	0.48	4.78
-0.32	2.47	1.82
-0.95	2.2	3.13
-0.89	3.39	0.88
-1.12	1.99	-0.21
-1.24	2.87	-3.76
-0.18	0.89	-4.22
************TIME_SERIES************
ClassID: 3
TimeSeriesLength: 55
TimeSeriesData: 
-0.29	-0.64	0.87
1.4	-0.95	-0.51
1.38	-3.12	0.68
1.28	-2.74	-1.33
-0.64	-2.56	-0.83
-0.58	-1.95	-1.56
-0.83	-2.18	-0.96
-0.97	-1.87	0.14
-1.27	0.33	-0.41
326.86	-0.78	-1.06
-1.05	0.75	-1.11
-0.89	0.23	0.68
-0.67	1.49	-1.19
-0.65	1.81	0.77
-0.45	3.2	1.61
-0.34	3.55	0.72
-0.39	4.34	1.77
1.45	2.09	1.45
1.88	0.87	2.65
2.19	-0.64	4.53
-0.34	1.3	2.89
-0.64	2.89	0.31
-0.9	2.04	0.84
-0.33	2.57	0.8
-0.11	2.21	-0.88
-0.94	1.72	-2.15
-1.06	0.36	-2.33
-1.04	3.46	-4.02
-0.71	-0.56	1.13
-0.19	2.19	-6.07
-0.56	0.16	-3.16
-2.04	0.27	-4.03
-0.33	-1.43	-1.51
-0.27	-1.87	-0.99
-1.21	-2.75	-3.44
-0.51	-2.63	-3.3
-0.39	-3.23	-2.04
-0.39	-2.3	-3.14
-0.92	-2.24	-0.73
-0.13	-4.81	1.68
-0.7	-4.69	-0.17
-0.59	-5.04	0.79
-1.17	-3.01	2.97
-0.36	-3.11	3.36
-0.02	-1.83	3.01
-0.51	-0.94	5.83
-0.6	0.39	5.09
-0.69	1.14	3.95
-0.02	3.36	1.64
-1.21	2.81	1
-0.02	3.03	-0.53
-0.95	3.13	-3.3
-0.49	0.89	-3.23
-0.56	1.75	-3.06
-0.18	1.02	-2.25
************TIME_SERIES************
ClassID: 3
TimeSeriesLength: 51
TimeSeriesData: 
-0.02	0.75	-0.73
-0.25	-1.94	0.13
1.35	-2.73	-0.45
-0.35	-1.63	-0.65
-0.39	-2.8	-0.1
-0.37	-1.92	-1.1
-0.76	-1.86	0.15
-0.6	-1.41	-1.93
-0.2	-2.31	-1.33
-0.84	-0.88	0.07
-0.03	-0.07	-0.18
-1.18	1.06	-0.13
-1.16	1.38	0.66
-0.86	1.1	0.09
-0.86	2.38	1.39
-0.42	3.56	-0.06
-0.34	2.49	1.02
1.28	2.04	1.8
1.97	0.64	2.31
2.37	-0.69	3.02
-0.01	0.73	5.55
-0.68	3.21	2.93
-0.54	2.21	1.5
-0.78	1.81	0.39
-1.03	2.94	-0.8
-1.09	1.6	-1.15
-0.12	2.14	-1.7
-0.07	1.49	-2.81
-0.89	0.87	-1.78
-2.6	2.54	-3.81
-0.77	-0.3	-3.26
-0.62	-0.56	-4.75
-0.37	-0.43	-4.18
-0.31	-3.15	-2.4
-0.22	-2.42	-2.64
-1.17	-2.91	-1.59
-0.99	-3.95	-1.13
-0.68	-4.57	-0.45
-0.66	-6.01	1.78
-0.33	-2.68	-0.81
-0.39	-2.42	1.67
-0.3	-2.79	3.41
-0.43	-1.45	4.38
-0.43	-0.3	5.3
-0.39	1.3	3.62
-0.65	1.96	3.96
-0.67	3.12	2.63
-1.15	1.74	2.91
-1.17	2.55	-0.29
-1.22	1.79	-3.55
-0.24	2.02	-6.08
************TIME_SERIES************
ClassID: 3
TimeSeriesLength: 46
TimeSeriesData: 
-0.16	-1.1	0.5
-0.06	-1.57	0.31
1.37	-1.8	-1.71
-0.39	-3.93	0.49
-0.07	-2.22	-2.01
-0.5	-2.08	1.13
-0.57	-1.1	-0.11
-0.63	-1.77	0.46
-0.32	-0.38	-2.29
-0.68	0.33	0.69
-0.24	0.72	-0.97
-0.12	1.49	-0.94
1.55	2	-1.26
-0.6	1.75	2.75
-0.12	6.28	0.25
1.52	2.16	2.59
2.14	3.41	3.13
1.92	0.15	4.64
1.58	2.42	2.25
-0.74	1.69	2.32
-0.09	2.69	0.13
-0.05	2.45	-3.06
-0.42	1.85	-2.65
-0.09	2	-4.29
-0.35	0.67	-4.49
-0.68	0.39	-3.38
-0.49	-1.17	-3.74
-0.71	-3.19	-2.87
-0.4	-2.58	322.78
-1.25	-1.61	-2.08
-0.94	-5.66	-1.08
-1.03	-4.84	-0.22
-0.48	-3.93	0
-0.76	-3.94	1.02
-0.09	-2.92	0.2
-0.09	-2.46	1.16
1.35	-2.64	3.82
1.37	-1.11	4.4
1.65	-0.62	5.33
1.68	1.27	4.97
1.42	3.33	2.53
-0.5	1.82	3.97
-0.73	2.67	0.87
-1.08	2.98	-0.88
-0.13	2.59	-2.95
-0.21	0.75	-6.66
************TIME_SERIES************
ClassID: 3
TimeSeriesLength: 50
TimeSeriesData: 
1.49	-1.63	-1.31
1.51	-2.99	-0.63
1.28	-3.43	-0.37
-0.3	-3.06	-0.47
-0.29	-2.15	-0.66
-0.61	-1.51	0.75
-0.87	-0.04	1.32
-0.85	-0.22	-0.17
-0.8	0.42	0.15
-0.72	-0.04	-0.98
-0.76	0.56	-0.4
-0.72	2.34	0.61
-0.58	3.41	-0.15
-0.32	2.66	0.36
-0.33	2.99	1.67
1.32	2.92	0.49
1.48	0.85	1.22
1.92	0.17	1.2
1.54	0.9	3.14
1.52	1.08	5.74
-0.4	3.28	4.45
-0.03	3.05	2.12
-0.66	3.21	-1.18
-0.19	2.69	-3.16
-0.08	1.65	-3.69
-0.02	1.26	-4.37
-0.86	-0.38	-4.3
-0.39	1.23	-2.75
-0.18	0.77	-3.56
-0.63	-3.32	-4.16
-0.01	-0.19	-2.83
-1.2	0.09	-3.58
-1.5	-3.31	-1.66
-0.86	-0.32	-3.3
-0.78	-3.21	0.5
-0.74	-5.55	1.52
1.57	-4.17	-1.45
1.68	-4.93	2.78
1.34	-3.89	3.41
-0.12	-1.24	2.65
1.44	-1.71	3.29
-0.08	-1.27	4.38
-0.14	1.23	2.37
-0.48	2.05	3.73
-0.37	2.5	1.16
-0.78	2.65	1.28
-0.45	3.38	-0.59
-0.45	1.66	-2.4
-0.5	1.62	-2.55
-0.22	1.51	-2.9
************TIME_SERIES************
ClassID: 3
TimeSeriesLength: 47
TimeSeriesData: 
1.64	-1.69	-1.46
1.53	-1.62	-0.55
1.47	-3.2	-0.45
-0.27	-2.84	-0.16
-0.2	-1.99	-1.47
-0.25	-1.97	-1.09
-0.2	-1.23	-0.65
-0.73	-0.43	0.93
-0.57	-0.02	-0.65
-0.58	0.42	-0.71
-0.38	1.17	0.38
1.28	1.33	-0.91
-0.01	1.77	1.19
-0.28	3.36	3.28
1.65	4.18	2.61
1.71	1.56	4.27
1.83	0.2	5.03
1.66	0.98	1.48
-1.08	2.13	1.39
-1.07	3.7	-2.27
-0.94	3.58	-1.8
-0.38	1.09	-0.23
-1.21	2.5	-3.82
-0.06	0.1	-2.04
-0.67	-0.01	-0.01
-0.53	-0.13	-2.87
-0.13	-0.02	-4.29
-0.02	-1.32	-3.87
-1.19	-2.25	-3.27
-1.22	-3.28	-2.8
-1.11	-2.34	-2.21
-0.79	-3.51	-1.28
-0.72	-5.57	0.84
-0.29	-4.14	-0.38
-0.22	-3.98	1.47
1.28	-3.51	1.32
-0.58	-2.95	3.33
1.28	-1.21	2.13
1.79	-0.74	2.45
1.72	0.3	3.49
-0.2	1.84	5.21
-0.41	1.96	4.78
-0.69	1.64	3.73
-0.78	1.85	0.47
-0.88	1.71	-2.06
-1.21	2.21	-4.47
-0.32	2.94	-6.62
************TIME_SERIES************
ClassID: 3
TimeSeriesLength: 49
TimeSeriesData: 
1.73	-0.86	-0.68
1.83	-0.8	-1.51
1.56	-2.05	-0.23
1.39	-3.58	0.05
1.3	-2.76	-0.91
-0.21	-1.97	-0.9
-0.41	-1.54	0.6
-0.27	-1.72	-0.66
-0.15	-1.28	-0.74
-0.25	-1.07	-0.41
-0.06	-0.18	-1.42
-0.48	0.11	0.52
-0.13	1.39	-0.64
-0.37	3.12	0.53
-0.71	5.14	1.92
-0.33	3.27	1.67
1.88	1.4	-0.14
2.26	0.15	1.37
1.31	-1.98	5.04
2.22	0.44	5.66
-0.05	2.45	4.78
-1.06	2.5	2.38
-0.26	3.82	-0.12
-0.41	2.65	-1.93
-0.06	3	-3.66
-0.52	2.25	-2.98
-1.25	0.7	-4.09
-0.31	0.38	-4.51
-0.57	0.09	-4.86
-1.27	-2.08	-3.22
-0.89	-0.78	-5.31
-0.5	-3.88	-3
-0.95	-1.02	-5.94
-0.35	-2.87	-1.42
-0.97	-4.71	-1.03
-0.48	-3.46	-1.37
-0.78	-2.8	0.41
-0.45	-3.86	1.98
1.28	-2.71	-0.11
1.4	-4.36	3.19
2.19	-1.08	0.28
-0.44	-2.36	7.04
1.58	-0.18	3.22
-0.03	0.94	4.33
-0.03	1.44	3.57
-0.43	3.52	1.51
-1.11	3.13	1.09
-1.1	3.15	-0.99
-0.88	1.28	-3.56
************TIME_SERIES************
ClassID: 3
TimeSeriesLength: 48
TimeSeriesData: 
1.65	-1.86	-1.54
1.59	-2.55	-2.08
1.33	-3.18	-1.02
-0.34	-2.41	-0.79
-0.22	-1.83	-1.52
-0.5	-0.96	-1
-0.65	-0.53	0.07
-0.74	-0.98	0.19
-0.24	0.16	-1.58
-0.62	-0.38	0.83
-0.54	1.6	-0.23
-0.32	2.43	-0.78
-0.61	3.58	0.9
-0.28	4.1	1.02
1.37	3.19	0.57
1.63	0.53	2.06
2.5	-0.01	2.82
1.29	-0.16	4.96
1.64	1.22	4.66
-1	2.69	3.81
-1.04	2.77	0.51
-0.73	2.78	-2.44
-0.25	1.36	-0.85
-0.34	3.05	-3.64
-1.89	0.05	-1.75
-1.15	2.45	-6.16
-2.67	1.6	-1.99
-0.77	-0.54	-4.93
-0.32	-1.99	-4.59
-0.38	-2.52	-4.82
-0.62	-4.64	-0.67
-0.98	-2.54	-5.84
-0.97	-5.11	-1.62
-0.02	-5.69	0.85
-0.99	-1.96	-0.43
-0.81	-3.57	2.5
-0.94	-5.49	5.97
1.39	-2.47	1.82
-0.39	-2.95	5.68
-0.38	-0.65	4.54
1.45	0.44	2.81
1.44	1.28	2.63
-0.51	2.29	3.33
-0.19	2.22	1.42
-0.46	2.78	0.64
-0.69	3.04	-1.05
-0.9	2.57	-2.6
-0.1	1.82	-4.83
************TIME_SERIES************
ClassID: 3
TimeSeriesLength: 45
TimeSeriesData: 
1.9	0.03	-0.31
1.83	-2.41	0.31
2.06	-2.14	-1.21
1.48	-2.62	-0.16
-0.12	-2.15	-0.01
1.98	-2.58	-2.12
1.53	-0.99	0.14
1.43	-1.06	-0.64
1.34	0.1	-0.37
-0.12	0.7	0.7
-0.25	3.49	1.06
-0.1	1.83	1.19
1.32	4.22	-0.27
1.5	2.23	0.74
2.24	0.57	0.35
2.02	2.03	1.15
2.22	-1.36	6.3
1.64	2.7	2.36
1.47	2.11	1.23
-0.55	1.73	2.36
-0.2	2.65	0.13
-0.9	3.39	-3.17
-0.47	0.96	-3.74
-0.69	0.73	-3.91
-1	0.71	-3.74
-1.04	3.01	-5.3
-1.27	-1.22	-3.75
-0.79	0.74	-5.84
-0.69	-3.73	-2.73
-0.68	-2.73	-3.34
-0.93	-2.66	-2.08
1.28	-4.76	-1.17
-0.54	-4.26	1.58
1.48	-4.53	0.66
1.59	-4.11	1.95
-0.66	-3.75	2.68
1.41	-0.57	1.02
2.05	-0.05	2.54
2.06	-2.1	5.43
1.59	0.93	4.88
1.61	2.33	4.62
-0.47	2.71	3.58
-0.79	3.79	-0.1
-1.21	3.19	-2.62
-0.2	3.86	-7.62
************TIME_SERIES************
ClassID: 3
TimeSeriesLength: 50
TimeSeriesData: 
1.77	-2.18	-0.33
1.97	-2.59	-1.47
1.65	-2.13	-0.85
0.33	-1.79	-1.03
1.63	-1.64	-0.66
1.52	-1.39	-0.04
1.6	-0.91	-0.43
1.54	-0.41	-0.55
1.64	-0.55	-0.48
1.41	-0.07	0.12
1.35	0.65	-0.38
1.73	0.27	-1.2
1.75	0.72	-0.19
1.71	0.99	0.25
1.78	0.91	0.91
1.91	1.16	-0.01
1.47	1.59	1.21
2.01	1.74	0.79
1.98	2.45	3.52
2.48	1.52	3.3
1.97	1.75	4.27
1.44	2.66	1.3
-0.68	2.46	1.14
-0.86	4.01	-2.77
-0.58	1.52	-2.5
-0.45	0.24	-4
-0.66	0.79	-4.13
-0.86	0.38	-3.65
-1.22	1.17	-3.09
-0.53	-1.55	-3.5
-0.62	-3.2	-1.77
-0.08	-0.93	-4.88
-0.52	-1.85	-1.36
-0.2	-2.68	-2.02
-0.22	-1.26	-1.66
1.28	-3.87	1.76
1.74	0.5	-1.3
2.18	-4.47	1.57
1.79	-5.28	4.02
1.34	-3.4	-0.35
2.1	-1.45	1.76
2.23	-2.07	2.05
2.14	-0.38	2.57
1.64	0.82	4.07
-0.04	1.3	4.12
-0.36	1.77	1.34
-1.03	3.21	0.31
-1.13	4.49	-3
-0.29	2.15	-4.38
-0.05	2.24	-3.6
************TIME_SERIES************
ClassID: 4
TimeSeriesLength: 10
TimeSeriesData: 
1.49	0.77	0.18
-0.47	5.97	2.01
-1.03	6.67	0.84
-1.21	9.07	1.44
-3.47	6.12	-0.19
-2.98	2.42	-0.72
-5.23	0.77	2.55
-2.88	-2.97	-1.77
-3.75	-4.68	-1
-2.63	-11.55	1.17
************TIME_SERIES************
ClassID: 4
TimeSeriesLength: 11
TimeSeriesData: 
-0.11	1.81	2.2
-1.14	7.31	3.07
-0.41	8.2	0
-3.06	7.54	1.52
-3.71	2.26	-0.52
-2.87	-0.72	1.23
-3.78	-0.39	-1.95
-3.52	-1.98	-1.29
-3.44	0.05	-2.2
-2.79	-7.78	0.01
-0.75	-10.28	-2.19
************TIME_SERIES************
ClassID: 4
TimeSeriesLength: 13
TimeSeriesData: 
1.66	-0.46	0.75
1.32	4.45	0.18
-3.29	11.82	6.95
-2.91	8.46	0.01
-3.76	2.29	-0.22
-3.25	0.02	-2.18
-0.72	-1.51	-1.7
-3.25	0	-0.58
-3.81	0.26	-0.2
-3.05	-1.65	0.34
-3.61	-3.95	3.51
-0.99	-9.28	-1.22
2.21	-8.93	-2.83
************TIME_SERIES************
ClassID: 4
TimeSeriesLength: 13
TimeSeriesData: 
1.4	0.18	0.36
-0.32	2.49	2.17
-0.54	11.49	2.54
-2.92	6.65	1.75
-3.1	2.99	-0.03
-3.49	2.26	-0.46
-3.82	-1.14	2.85
-3.2	-0.26	-0.05
-2.76	-3.73	-1.34
-3.07	-3.58	-1.88
-1.28	-10.24	-1.19
1.31	-9.22	-1.63
-0.33	-5.26	0.83
************TIME_SERIES************
ClassID: 4
TimeSeriesLength: 10
TimeSeriesData: 
-0.57	4.47	0.55
-0.51	8.49	1.85
-1.24	8.16	1.24
-3.51	5.06	-0.43
-3.46	1.07	0.5
-3.31	0.6	-2.54
-3.76	-3.5	1.45
-3.82	0.61	-1.07
-3.09	-4.84	-0.48
-0.44	-10.62	1.49
************TIME_SERIES************
ClassID: 4
TimeSeriesLength: 12
TimeSeriesData: 
-0.27	0.25	1.84
1.85	1.92	-2
-0.23	9	1.56
-2.82	8.26	2.2
-1.18	3.16	0.58
-1.23	2.53	-1.4
-3	0.24	0.63
-3.04	-0.58	0.53
-3.11	-2.31	-1.06
-3.2	-5.06	0.74
-0.12	-8.39	-2.4
-0.33	-7.55	-1.62
************TIME_SERIES************
ClassID: 4
TimeSeriesLength: 11
TimeSeriesData: 
1.76	1.36	0.07
-0.31	9.21	1.54
-3.47	9.96	3.17
-3.55	7.61	0.35
-2.98	2.31	-0.8
-2.93	-1.63	-0.49
-3.31	-3.85	-0.66
-2.58	-3.88	-1.99
-1.21	-2.77	-1.14
-2.15	-3.42	0.92
1.4	-11.2	-1.27
************TIME_SERIES************
ClassID: 4
TimeSeriesLength: 12
TimeSeriesData: 
-0.13	0.85	1.23
-0.95	6.58	1.51
-0.97	9.73	0.59
-3.61	7.42	2.1
-3.78	2.81	0.77
-3.61	-1.07	0.59
-3.16	-1.87	-0.35
-0.95	-3.8	-1.6
-0.48	-2.86	-2.44
-0.68	-3.68	-0.09
-0.11	-4.03	-0.92
-0.83	-6.09	-0.91
************TIME_SERIES************
ClassID: 4
TimeSeriesLength: 12
TimeSeriesData: 
1.31	0.08	-0.12
1.39	1.62	0.15
-0.2	4.07	0.76
-1.21	6.04	2.89
-0.64	6.37	1.93
-1.18	4.39	-0.7
-1.08	1.7	-0.36
-1.07	0.48	-0.62
-2.89	1.04	0
-1.01	-4.9	-0.23
-0.53	-4.22	-1.12
-0.76	-5.62	-1.21
************TIME_SERIES************
ClassID: 4
TimeSeriesLength: 13
TimeSeriesData: 
-0.73	7.25	2.14
-1.03	8.13	2.65
-3.33	7.35	1.5
-2.68	4.07	0.45
-2.62	2.07	-1.04
-2.74	-1.31	1.36
-3.62	-0.28	-1.43
-3.31	-1.23	1.4
-0.98	-2.34	-1.96
-2.8	-5.91	1.8
-0.01	-3.03	-1.92
-0.84	-6.85	1.2
1.41	-4.83	-0.78
************TIME_SERIES************
ClassID: 4
TimeSeriesLength: 13
TimeSeriesData: 
-0.4	1.66	1.75
-1.27	5.52	2.02
-2.73	9.3	3.59
-3.38	6.88	2.41
-2.79	5.69	0.99
-3	1.09	-0.48
-3.78	4.66	-0.31
-3.46	-1.66	-0.19
-3.79	-2.11	-2.66
-3.65	-4.27	0.6
-3.07	-5.81	-0.58
-0.35	-5.88	-1.27
-0.12	-8.43	-1.47
************TIME_SERIES************
ClassID: 4
TimeSeriesLength: 12
TimeSeriesData: 
-0.76	5	-0.71
-0.73	8.14	1.17
-2.97	6.01	4.58
-3.56	4.22	0.77
-2.63	0.92	1.37
-3.64	1.57	0.21
-3.13	-2.42	-0.5
-2.83	-1.71	-0.22
-1.24	-1.86	-0.49
-0.58	-3.17	-0.45
-0.6	-2.96	0.37
-0.06	-3.13	-0.9
************TIME_SERIES************
ClassID: 4
TimeSeriesLength: 13
TimeSeriesData: 
-0.57	4.19	0.75
-0.71	6.07	2.26
-1.11	6.93	0.7
-3.58	6.46	3
-3.01	3.18	-0.27
-3.1	1.87	0.63
-3.62	-2.03	-0.23
-3.55	0.95	-0.94
-3.21	-0.95	-1.6
-2.77	-3.58	0.51
-0.7	-1.66	-1.15
-0.51	-2.68	-0.84
-1.14	-5.24	-1.54
************TIME_SERIES************
ClassID: 4
TimeSeriesLength: 14
TimeSeriesData: 
-0.62	4.29	-0.15
-0.26	6.48	2.44
-2.54	6.55	1.14
-3.37	5.44	1.89
-2.94	0.96	-1.09
-2.63	-0.09	-0.42
-2.93	1.69	-1.03
-2.6	-0.65	-1.08
-2.61	-1.23	-1.84
-2.83	0.25	2.26
-3.1	-1.37	0.64
-0.99	-3.06	-1.4
-0.19	-3.84	-1.37
-0.9	-5.01	-1.5
************TIME_SERIES************
ClassID: 4
TimeSeriesLength: 14
TimeSeriesData: 
-0.58	0.67	0.11
-0.04	4.69	0.85
-0.77	7.15	2.29
-2.88	6.05	1.9
-3.49	4.42	0.07
-3.08	2.14	1.05
-2.63	-0.06	-0.41
-3.7	-0.94	-1.36
-3.45	-1.99	-0.94
-2.92	-1.93	-0.18
-1.08	-2.9	0.21
-2.76	-1.76	0.22
-0.96	-1.87	-1.98
-0.76	-5.97	1.42
************TIME_SERIES************
ClassID: 4
TimeSeriesLength: 13
TimeSeriesData: 
-0.14	7.07	2.46
-2.69	6.34	3.24
-2.75	4.09	-0.05
-2.83	2.17	-0.48
-2.66	2.2	-1.18
-3.17	-2.2	-0.81
-3.18	-1.57	-0.96
-2.89	-0.11	-1.33
-2.97	-2.02	0.08
-2.92	-0.46	-1.28
-1.18	-3.25	-0.56
-0.48	-6.02	-0.38
-0.25	-6.11	-2.86
************TIME_SERIES************
ClassID: 4
TimeSeriesLength: 15
TimeSeriesData: 
1.57	2.02	-1.65
-0.55	2.86	-0.39
-0.77	8.09	2.02
-2.77	6.61	2.13
-2.69	3.89	0.65
-3.38	1.76	1.13
-3.13	-0.18	-0.77
-3.15	-0.76	-0.11
-3.13	-1.1	0.04
-2.76	-2.54	0.21
-1.24	-1.39	-0.59
-0.83	-2.45	-0.92
-0.92	-3.82	0.63
-0.69	-4.09	-0.3
-0.28	-6.27	-3.25
************TIME_SERIES************
ClassID: 4
TimeSeriesLength: 14
TimeSeriesData: 
-0.93	3.17	2.15
-1.18	5.55	-0.88
-2.81	5.77	2.5
-3.15	4.93	-0.55
-3.43	1.71	0.09
-3.31	0.49	-0.95
-2.65	-1.01	-1.35
-2.8	-1.64	-0.21
-1.14	-2.17	-0.67
-0.78	-1.56	-1.65
-0.86	-2.45	-0.26
-0.43	-3.6	0.12
-0.77	-4.17	-1.33
-0.29	-4.93	-0.42
************TIME_SERIES************
ClassID: 4
TimeSeriesLength: 14
TimeSeriesData: 
1.44	0.41	-0.78
-0.2	2.17	0.19
-1.04	9.84	2.12
-2.96	6.19	2.59
-1.27	2.21	-0.08
-3.12	1.53	-0.53
-3.19	0.72	0.78
-2.82	-0.41	-0.2
-3.25	-0.01	1.72
-1.19	0.15	-1.21
-3.48	-1.18	1.3
-2.73	-3.14	-0.93
-2.6	-3.49	-0.47
-0.16	-5.87	-0.31
************TIME_SERIES************
ClassID: 4
TimeSeriesLength: 14
TimeSeriesData: 
-0.26	2.46	2.29
-0.58	7.76	2.36
-1.25	5.54	1.94
-2.65	3.89	0.27
-2.77	2.19	-0.18
-0.98	-0.06	-0.45
-3.29	0.89	-0.64
-3.75	0.6	-0.04
-3.29	-1.4	-0.17
-3.22	-1	-0.43
-3.46	-2.05	1.48
-2.69	-2.12	-1.65
-2.05	-5.09	-0.89
-0.96	-4.26	-2.09
************TIME_SERIES************
ClassID: 5
TimeSeriesLength: 13
TimeSeriesData: 
-0.03	-2.49	0.26
-0.88	-5.46	1.04
-0.13	-6.29	-1.43
-1.12	-5.14	-0.71
-3.14	-2.51	-0.43
-2.83	-2.97	-1.64
-3.48	-0.68	0.56
-3.4	-1.66	-0.43
-3.7	-0.1	-0.29
-3.31	0.34	-1.08
-3.52	2.35	1.16
-1	1.47	-1.5
-0.84	3.84	0.55
************TIME_SERIES************
ClassID: 5
TimeSeriesLength: 14
TimeSeriesData: 
-0.5	-3.46	2.2
-0.15	-5.64	-1.16
-1.23	-5.79	-1.22
-0.68	-5.42	-0.3
-1.2	-3.48	-1.4
-3.24	-2.53	0.24
-3.17	-1.4	-0.54
-3.14	-0.39	0.17
-3.1	0.12	-0.44
-2.9	0.39	-0.12
-2.78	1.08	-0.4
-0.92	1.11	0.74
-1.21	2.3	-1.79
-0.32	4.91	0.77
************TIME_SERIES************
ClassID: 5
TimeSeriesLength: 13
TimeSeriesData: 
-0.76	-3.25	-1.53
-0.61	-5.21	-1.29
-0.38	-4.17	-0.8
-1.26	-2.16	-0.66
-2.74	-2.52	-1.27
-2.88	-1.98	-0.32
-2.82	-0.04	-0.36
-3.02	-0.4	0.44
-2.69	0.5	-0.44
-2.79	1.87	-0.06
-0.5	2.45	0.49
-0.21	2.73	-0.03
-1.23	2.44	1.27
************TIME_SERIES************
ClassID: 5
TimeSeriesLength: 16
TimeSeriesData: 
1.58	-1.04	-0.32
-0.05	-3.59	0.16
-0.66	-4.04	-0.74
-1.12	-4.45	-0.33
-0.13	-3.29	-0.75
-0.84	-2.52	-0.35
-0.86	-2.2	0.16
-0.94	-1.93	-0.59
-1.25	-1.52	-0.74
-2.62	-0.15	0.34
-2.58	0.01	0.24
-1.14	-0.21	-0.24
-0.96	0.19	1.29
-1.78	1.11	-0.77
-0.34	3.41	0.72
-1.19	3.33	-0.04
************TIME_SERIES************
ClassID: 5
TimeSeriesLength: 13
TimeSeriesData: 
1.94	-5.26	0.07
-0.15	-5.89	-2.54
-0.85	-6.08	-0.21
-2.82	-6.8	-0.43
-3.12	-2.7	0.45
-2.67	-1.53	-1.2
-3.55	-3.52	1.21
-3.09	-1.53	-2.21
-5.27	-2.31	-0.19
-3.81	-1.72	0.2
-3.77	2.34	-0.16
-3.18	5.06	0.88
-2.96	7.93	1.34
************TIME_SERIES************
ClassID: 5
TimeSeriesLength: 13
TimeSeriesData: 
1.52	-2.44	2.76
-0.47	-5.67	-3.08
-0.98	-6.19	-1.11
-2.68	-5.04	-0.87
-2.89	-3.96	-0.26
-3.74	-3.26	-1.08
-3.23	-1.86	0.94
-3.04	-0.99	-1.37
-3.4	-0.4	-0.13
-3.08	0.53	0.18
-3.7	2.62	1.02
-3.38	4.48	1.88
-1.22	5.5	2.68
************TIME_SERIES************
ClassID: 5
TimeSeriesLength: 14
TimeSeriesData: 
1.75	-3.17	-0.41
-0.36	-5.44	-1.62
-0.4	-5.11	-1.18
-0.77	-4.91	-1.12
-3.19	-2.98	0.83
-3.33	-2.33	-0.29
-3.51	-2.43	-0.75
-3.53	-0.86	0.34
-3.53	-0.63	-1.51
-3.76	1.42	-0.23
-2.67	2.88	0.24
-0.85	2.52	-0.24
-0.79	3.78	1.42
-0.29	5.51	2.24
************TIME_SERIES************
ClassID: 5
TimeSeriesLength: 13
TimeSeriesData: 
-0.76	-5.13	-0.14
-0.23	-5.01	-0.64
-0.64	-6.08	-2.56
-2.72	-2.66	0.97
-3.29	-1.77	-0.38
-3.33	-2.59	0.43
-3.49	-2.92	-0.82
-2.86	-1.97	1.03
-2.61	0.89	-0.1
-3.54	2.18	-0.17
-3.46	3.67	0.27
-1.22	3.37	0.46
-0.51	4.57	0.38
************TIME_SERIES************
ClassID: 5
TimeSeriesLength: 13
TimeSeriesData: 
-0.02	-6.48	-2.71
-0.53	-6.9	0.54
-1.07	-6.09	-0.17
-2.87	-4.37	0.38
-3.84	-2.09	-0.12
-5.34	0.04	0.8
-2.79	-1.52	-1.07
-2.57	0.12	0.8
-3.71	2.01	0.91
-2.92	1.58	0.64
-0.36	1.59	-0.96
-0.73	3.16	-1.07
-0.37	5.76	1.83
************TIME_SERIES************
ClassID: 5
TimeSeriesLength: 13
TimeSeriesData: 
-0.35	-6.3	-3.63
-0.95	-5.68	-0.63
-2.77	-5.14	-0.23
-3.45	-3.56	-0.66
-2.79	-2.33	-0.15
-2.63	-0.69	-0.04
-3.76	0.23	0.04
-3.46	0.63	-0.06
-3.01	1.19	-0.55
-2.58	1.72	-0.43
-0.88	1.82	0.13
-0.04	3.2	-0.38
-0.14	3.75	1.47
************TIME_SERIES************
ClassID: 5
TimeSeriesLength: 13
TimeSeriesData: 
-0.18	-3.82	-1.07
-0.49	-4.74	-1.9
-0.38	-5.71	-0.33
-1.03	-3.57	-1.28
-2.88	-3.26	-0.16
-2.86	-2.42	-1.22
-3.19	-1.24	-0.95
-3.48	0.09	0.72
-2.72	0.73	-0.78
-2.57	1.51	0.01
-0.59	2.1	-0.35
-0.44	1.11	0.2
-0.21	3.59	0.89
************TIME_SERIES************
ClassID: 5
TimeSeriesLength: 15
TimeSeriesData: 
1.43	-1.69	0.11
-0.27	-2.32	-0.95
-1.2	-4.85	0.65
-0.14	-3.31	-1.52
-0.77	-2.72	-0.64
-1.02	-1.93	0.1
-0.98	-2.48	0.16
-1.12	-1.37	-0.51
-2.64	-1.41	0.71
-1.25	-0.27	-0.89
-0.99	0.12	-0.19
-0.72	0.62	-1.3
-1.03	2.99	0.87
-0.82	4.38	1
-0.59	6.34	2.4
************TIME_SERIES************
ClassID: 5
TimeSeriesLength: 14
TimeSeriesData: 
1.58	-3.59	-0.26
-0.4	-5.04	0.01
-0.86	-5.94	-1.18
-2.66	-4.39	-1.64
-3.24	-4.42	-0.33
-3.04	-2.69	-0.4
-2.71	-1.04	0.57
-3.84	-0.23	2.03
-3.3	-1.12	-1.62
-3.51	0.58	0.27
-3.09	0.5	-0.97
-2.86	2.24	0
-0.95	4.77	0.41
-0.7	4.95	0.25
************TIME_SERIES************
ClassID: 5
TimeSeriesLength: 13
TimeSeriesData: 
-0.62	-4.71	-0.36
-1.07	-5.05	-1.57
-0.71	-4.58	-1.07
-2.63	-2.72	-0.97
-2.79	-2.44	-0.58
-3.31	-1.32	0.65
-3.16	-0.84	-0.76
-2.79	0.4	-1.22
-2.85	2.12	-0.29
-1.14	1.18	-0.85
-0.76	2.26	0.05
-0.54	3.91	1.04
-0.5	3.73	1.44
************TIME_SERIES************
ClassID: 5
TimeSeriesLength: 12
TimeSeriesData: 
-1.06	-4.94	-1.42
-1.28	-4.31	-1.11
-0.96	-2.11	-0.5
-1.06	-1.63	-1.12
-1.26	-1.44	0.01
-1.22	-0.97	-0.59
-1.14	-0.53	0.19
-0.83	-0.41	-2.03
-2.66	1.55	0.13
-0.91	3.62	1.02
-0.48	3.48	0.22
-0.12	3.35	-0.17
************TIME_SERIES************
ClassID: 5
TimeSeriesLength: 14
TimeSeriesData: 
1.32	-3	0.31
1.43	-2.05	-0.86
-1.19	-5.67	0.97
-0.6	-6.14	-2.22
-1.15	-4.07	-1.46
-2.72	-1.75	-1.18
-2.94	-1.13	0.33
-2.76	-0.19	0.07
-0.83	-0.69	-1.78
-0.92	0.85	0.01
-1.03	0.92	0.09
-0.87	2.25	0.43
-0.42	1.96	0.69
-0.14	2.59	-0.15
************TIME_SERIES************
ClassID: 5
TimeSeriesLength: 14
TimeSeriesData: 
-0.45	-1.09	1.29
-0.36	-3.04	-0.58
-1.06	-3.79	-0.71
-0.98	-5.04	-0.84
-0.17	-3.59	-1.9
-1.07	-2.07	0.24
-0.79	-1.84	-1.11
-1.26	-1.88	-0.45
-2.7	0.22	-0.01
-1.24	0.49	0.26
-0.88	1.42	0.64
-0.5	1.2	-0.17
-0.16	0.67	0.21
-1.08	1.16	-0.99
************TIME_SERIES************
ClassID: 5
TimeSeriesLength: 16
TimeSeriesData: 
-0.37	-2.8	0.11
-1.1	-4.5	-0.99
-0.11	-4.09	-2.19
-0.23	-3.65	-1
-0.76	-2.23	-0.11
-0.84	-2.17	0.19
-1.28	-0.29	-0.11
-2.45	-0.77	-0.84
-1.23	0.25	0.5
-1.22	0.14	0.28
-0.98	0.62	0.11
-0.49	0.92	-0.56
-0.22	0.55	-0.67
-1.19	1.85	-1.46
-0.65	1.22	-0.8
-0.88	5.86	3.42
************TIME_SERIES************
ClassID: 5
TimeSeriesLength: 13
TimeSeriesData: 
-1.04	-4.24	-0.26
-0.76	-6.41	-1.47
-0.61	-4.69	-0.33
-1.28	-2.42	0.18
-1.23	-1.54	-0.31
-0.99	-0.36	-0.41
-1	0.36	-0.6
-1.25	-0.34	-0.95
-0.86	1.18	-0.42
-2.34	0.12	0.11
-0.49	0.94	-1.25
-1.26	0.53	0.3
-0.24	2.27	0.38
************TIME_SERIES************
ClassID: 5
TimeSeriesLength: 13
TimeSeriesData: 
1.52	-6.1	-1.32
-0.63	-6.07	0.66
-0.59	-7.9	-1.88
-3.31	-4.69	-1.75
-2.64	-2.95	-1.19
-2.9	-1.56	0.41
-2.96	0.72	0.51
-3.75	0.55	0.49
-2.81	1	-0.89
-1.14	1.16	-1.12
-0.96	2.5	-1.58
-0.96	1.71	-0.6
-1.24	5.71	0.89
