GRT_LABELLED_TIME_SERIES_CLASSIFICATION_DATA_FILE_V1.0
DatasetName: NoY
InfoText: This data contains the initial training samples collected, in the format x_orientation, y_orientation, z_orientation, x_accel, y_accel, z_accel.
NumDimensions: 2
TotalNumTrainingExamples: 100
NumberOfClasses: 5
ClassIDsAndCounters: 
1	20
2	20
3	20
4	20
5	20
UseExternalRanges: 0
LabelledTimeSeriesTrainingData:
************TIME_SERIES************
ClassID: 1
TimeSeriesLength: 34
TimeSeriesData: 
-0.29	0.18
-0.08	0.23
-0.15	-0.07
-0.15	-0.18
-0.15	0.26
-0.11	0.16
-0.25	-0.07
-0.09	0.11
-0.13	0
1.49	-1.18
0.41	1.26
-2.77	6.95
-1.1	8.8
-0.14	1.08
-0.73	1.35
326.65	-1.47
-0.02	-2.04
-1.07	-5.98
-0.66	-10.42
-0.79	-10.52
-3	-6.41
-2.71	-3.34
-3.42	2.92
-3.07	6.48
-0.97	4.1
-0.58	4.93
-0.85	5.66
-1.26	4.94
-0.46	3.14
-0.09	-1.66
1.43	-3.69
-0.17	-3.74
-0.14	-1.69
-0.37	-0.08
************TIME_SERIES************
ClassID: 1
TimeSeriesLength: 30
TimeSeriesData: 
-0.1	-0.2
-0.25	-0.18
-0.19	-0.08
-0.41	0.09
-0.38	-0.16
-0.27	-0.15
1.47	0.7
-0.2	-1.1
-0.96	7.13
-2.87	7.07
-0.41	2.76
-1.15	0.07
-0.37	-0.88
-0.68	-2.54
-0.93	-6.42
-0.91	-6.92
-0.43	-9.27
-1.06	-8.6
-0.29	-3.66
-2.78	-0.28
-3.1	4.57
-2.68	4.49
-2.77	7.97
-2.97	7.44
-2.72	4.79
-0.5	4.09
-1.15	-0.02
-0.24	-3.19
1.28	-4.76
-0.13	-2.42
************TIME_SERIES************
ClassID: 1
TimeSeriesLength: 29
TimeSeriesData: 
-0.38	-0.09
-0.21	0.03
-0.27	-0.03
-0.28	0.28
-0.23	0.08
-0.01	0.47
-0.61	2.18
-0.45	7.41
-0.43	4.56
-0.6	3.47
-0.46	3.14
-0.23	-5.18
1.47	-8.81
-0.68	-7.26
-2.75	-6.87
-0.97	-5.55
-2.84	323.03
-2.71	0.66
-3.24	2.33
-3.14	6.2
-2.59	6.54
-3.59	7.4
-1.19	4.43
-0.91	4
-0.61	0.39
-0.17	-1.78
1.54	-4.35
-0.43	-3
-0.22	-1.7
************TIME_SERIES************
ClassID: 1
TimeSeriesLength: 29
TimeSeriesData: 
-0.2	0.33
-0.22	-0.1
-0.22	-0.17
-0.32	0.16
-0.22	-0.05
-0.15	0.11
1.53	0.4
-1.16	3.87
-0.86	5.62
-0.82	1.66
-0.78	2.14
-0.48	-2.34
-0.65	-5.58
-0.89	-7.92
-0.56	-5.71
-0.79	-5.55
-0.71	-4.09
-1.27	0
-0.84	1.55
-2.69	5.85
-0.99	7.2
-2.57	6.46
-0.61	5.61
-0.1	2.84
-0.49	2.62
-1.16	-1.35
-0.17	-1.9
1.47	-4.93
1.45	-3.31
************TIME_SERIES************
ClassID: 1
TimeSeriesLength: 30
TimeSeriesData: 
-0.18	0.1
-0.2	-0.5
-0.21	0.18
-0.32	0.2
-0.2	0
1.55	-0.05
-0.36	1.24
-0.94	4.55
-1.07	5.14
-1.08	3.78
-0.55	1.35
-0.27	0.44
-0.01	-5.59
-0.7	-8.06
-0.32	-6.86
-0.5	-8.12
-0.9	-5.77
-2.61	-1.66
-1.26	3.24
-1.13	4.58
-2.58	6.08
-2.6	5.9
-0.99	4.85
-0.52	4.96
-0.18	1.2
-0.94	-0.17
-1.1	-1.67
2.12	-4.38
1.28	-4.43
-0.47	-1.78
************TIME_SERIES************
ClassID: 1
TimeSeriesLength: 28
TimeSeriesData: 
-0.35	0.08
-0.24	0.32
-0.54	-0.04
-0.18	0.26
-0.26	-0.48
-0.2	0.05
2.35	-0.15
-0.66	3.2
-1.11	7.33
-0.32	5.69
-0.43	2.73
-0.8	1.07
-2.57	-1.63
-0.81	-7.71
-0.91	-12.93
-0.67	-8.35
-0.74	-7.49
-1.28	-3.8
-2.66	1.56
-1.28	5.04
-2.85	5.84
-2.7	-320.04
-1.18	5.93
-0.66	3.08
-0.96	2.74
-0.32	-1.67
1.47	-3.43
1.67	-3.94
************TIME_SERIES************
ClassID: 1
TimeSeriesLength: 29
TimeSeriesData: 
-0.25	-0.04
-0.19	-0.2
-0.22	-0.16
-0.2	-0.02
-0.16	0.16
-0.1	-0.16
1.81	-0.43
-0.86	1.76
-1.01	5.53
-1.01	5.83
-1.18	3.81
-0.15	2.53
-0.24	0.13
-0.13	-4.8
-0.18	-8.3
-0.67	-10.58
-1.15	-8.27
-2.78	-7.12
-0.94	-2.96
-2.81	4.67
-3.09	7.88
-1.07	7.46
-0.79	7.23
-1.27	4.33
-0.89	3.02
-0.6	0.46
-0.11	-2.19
-0.05	-2.78
-0.32	-5.01
************TIME_SERIES************
ClassID: 1
TimeSeriesLength: 30
TimeSeriesData: 
-0.16	0.25
-0.26	0.16
-0.14	-0.04
-0.09	-0.07
-0.19	0.16
-0.21	0
1.48	-0.26
1.4	-0.34
-0.04	4.95
-0.12	6.02
-0.76	4.44
-0.52	1.05
-0.64	-2.46
-0.79	-4.16
-0.39	-3.88
-0.99	-6.15
-1.06	-7.25
-1.25	-6.94
-0.89	-4.04
-0.52	-1.54
-1.21	0.77
-1.21	4.33
-0.68	5.37
-0.88	6.96
-0.09	4.78
-0.02	3.8
-0.79	2.38
-0.22	-0.03
1.52	-2.68
-0.15	-3.1
************TIME_SERIES************
ClassID: 1
TimeSeriesLength: 28
TimeSeriesData: 
1.28	0.23
-0.18	0.17
-0.1	-0.35
1.3	0.14
-0.16	-0.12
1.51	0.09
2.19	1.11
-0.15	6
-0.65	5.45
-0.47	2.19
-0.73	1.96
-2.72	1.28
-2.62	-0.63
-0.67	-4.17
-0.92	-6.41
-1.02	-7.87
-1.18	-10.9
-0.67	-8.19
-0.39	-3.63
-0.54	0.8
-0.61	4.08
-0.75	7.09
-2.7	6.18
-0.98	4.91
-0.79	4.17
-1.2	1.82
-0.45	-1.87
1.51	-3.32
************TIME_SERIES************
ClassID: 1
TimeSeriesLength: 27
TimeSeriesData: 
-0.17	-0.08
-0.06	0.08
-0.08	0.11
-0.25	-0.02
1.28	0.05
1.28	-0.15
1.55	0.06
-0.36	2.44
-0.02	5.94
-1.22	3.7
-0.31	3.6
-0.6	2.81
-0.56	-4.23
326.77	-6.25
-0.21	-8.93
-0.76	-6.13
-0.53	-7.59
-0.47	-7.78
-0.95	-0.89
-2.68	1.31
-2.86	6.21
-3.24	6.18
-2.71	7.72
-2.71	3.2
-0.15	2.13
-0.53	-1.02
1.5	-4
************TIME_SERIES************
ClassID: 1
TimeSeriesLength: 28
TimeSeriesData: 
-0.45	-0.15
-0.19	0.01
-0.24	0.07
-0.3	-0.01
-0.19	0.06
-0.22	-0.52
1.62	-0.99
-0.73	0.6
-0.58	6.75
-0.32	5.33
-1.2	0.77
-0.16	1.3
-0.44	-2.16
-0.1	-2.38
-0.84	-6.78
-0.34	-5.11
-0.33	-8.31
-0.82	-8.34
-1.56	-3.84
-1	0.3
-1.21	5.56
-2.72	7.98
-2.66	7.8
-0.74	4.68
-1.15	2.18
-0.97	1.43
-0.09	-0.42
-0.15	-3.54
************TIME_SERIES************
ClassID: 1
TimeSeriesLength: 28
TimeSeriesData: 
-0.27	-0.06
-0.23	0.05
-0.21	0.06
-0.3	0.44
-0.38	0
-0.17	-0.17
1.95	-0.95
-0.94	2.1
-3.25	8.84
-2.94	4.76
-0.06	-0.92
-0.81	-1.16
-0.17	-2.94
-0.25	-3.77
-0.44	-4.71
-0.64	-9
-1.22	-4.82
-0.84	-5.67
-1.09	-3.49
-0.3	-1.29
-3.03	4.32
-3.4	5.98
-2.99	5.66
-0.97	5.14
-0.29	2.83
-0.92	3.12
-0.03	-0.59
1.28	-1.62
************TIME_SERIES************
ClassID: 1
TimeSeriesLength: 26
TimeSeriesData: 
-0.25	1.38
-0.17	0.25
-0.08	-0.07
-0.28	-0.05
-0.17	0.13
-0.09	-0.04
-0.23	0.85
-1.11	5.82
-1.2	3.67
-1.04	2.59
-0.78	-1.23
-0.41	-2.17
-0.76	-3.98
-0.37	-5.8
-0.16	-5.53
-1.37	-5.38
-1	-6.27
-0.16	-2.14
-1.03	1.96
-2.74	7.13
-3.2	8.42
326.58	7.32
-0.76	2.99
-1	2.12
-0.44	-0.08
1.41	-2.08
************TIME_SERIES************
ClassID: 1
TimeSeriesLength: 26
TimeSeriesData: 
-0.19	0.11
-0.22	0.3
-0.38	0.19
-0.27	-0.06
1.28	-0.29
1.48	0.39
-0.91	1.51
-1.27	4.62
-0.63	6.41
-1.12	1.5
-0.84	-0.18
-1.03	-4.45
-0.63	-4.97
-0.51	-8.25
-0.13	-6.58
-0.32	-5.28
-1.17	-3.68
-0.93	0.46
-2.88	5.8
-3.07	6.23
-1.22	7
-0.94	4.75
-0.46	2.76
-0.06	1.38
-0.77	-0.68
-0.41	-3.48
************TIME_SERIES************
ClassID: 1
TimeSeriesLength: 26
TimeSeriesData: 
-0.21	0.1
-0.28	0.05
-0.16	0.2
-0.38	-0.2
-0.19	-0.07
1.57	-0.01
-0.37	0.41
-1.28	5.52
-0.41	5.83
-0.9	4.12
-0.96	5.47
-1.28	-7.02
-0.07	-8.02
-0.56	-7.54
-0.96	-7.1
-0.57	-5.59
-0.37	-4.25
-0.84	-1.32
-2.65	2.16
-2.94	5.92
-2.95	5.71
-0.74	5.07
-0.11	3.33
-0.24	3.41
-0.86	0.78
1.63	-2.16
************TIME_SERIES************
ClassID: 1
TimeSeriesLength: 28
TimeSeriesData: 
-0.11	-0.35
-0.18	-0.33
-0.34	-0.26
-0.14	0.21
-0.34	0.38
1.31	0.11
1.58	0.43
-1.11	2.55
-0.55	6.34
-0.59	3.72
-1.01	1.44
-0.69	-3.05
-0.76	-3.48
-0.05	-4.25
-1.22	-6.22
1.28	-7.52
-0.56	-6.62
-0.98	-4.37
-1.07	-1.13
-0.81	2.31
-3.75	5.08
-3.62	8.03
-3.19	6.08
-2.58	3.64
-1.91	1.03
-0.73	-0.85
-0.7	-0.95
1.43	-4.39
************TIME_SERIES************
ClassID: 1
TimeSeriesLength: 32
TimeSeriesData: 
-0.23	-0.06
-0.22	0.19
-0.3	-0.06
-0.17	0.18
-0.23	0.11
-0.12	0.01
-0.04	-0.01
-0.19	0.17
1.62	0.67
-0.68	1.19
-0.43	5.89
-0.93	5.62
-2.6	3.2
-0.88	2.29
-0.11	-1.66
-1.12	-6.64
-0.2	-7.56
-0.66	-8.7
-0.06	-6.04
-0.11	-4.8
-0.41	-3.96
-0.9	-1.22
-1.26	0.66
-0.87	3.63
-3.37	6.66
-3.54	6.59
-2.7	4.59
-0.37	2.15
-0.87	0.28
1.59	-1.43
-0.01	-1.95
1.61	-3.34
************TIME_SERIES************
ClassID: 1
TimeSeriesLength: 30
TimeSeriesData: 
-0.19	0.24
-0.18	0.15
-0.14	-0.04
-0.23	-0.21
-0.13	-0.07
1.28	-0.22
1.6	0.16
-0.69	1.21
-0.32	7.95
-0.44	6.73
-0.07	-0.35
-1.12	-0.64
-1.25	-2.85
-0.57	-4.55
-0.72	-6.78
-0.48	-7.04
-0.5	-7.52
-0.15	-5.38
-1.04	-1.38
-1.11	1.59
-3.15	4.17
-3.15	6.1
-3.26	5.78
-2.71	5.62
-0.3	2.35
-0.53	3.2
-1.25	-0.15
-0.19	-3.16
1.63	-4.3
1.28	-3.55
************TIME_SERIES************
ClassID: 1
TimeSeriesLength: 29
TimeSeriesData: 
-0.32	-0.17
-0.32	0.02
-0.19	0.12
-0.22	0.24
-0.25	0.14
-0.32	0
-0.1	-0.36
1.29	0.13
-1.16	3.09
-0.71	7.82
-0.93	4.56
-0.65	-0.48
-0.57	-4.27
-0.83	-5.16
-0.91	-6.3
-1.03	-6.17
-0.69	-5.92
-0.98	-6.03
-0.24	-3.46
-1.18	0.79
-1.24	2.54
-3.1	3.87
-3.76	6.49
-2.81	5.48
-0.87	3.67
-1.22	-0.13
-0.37	-1.53
-0.3	-2.72
0.11	-4.44
************TIME_SERIES************
ClassID: 1
TimeSeriesLength: 29
TimeSeriesData: 
-0.13	-0.08
-0.34	0.1
-0.29	0.13
-0.26	0.27
-0.42	-0.22
-0.15	0.11
-0.57	1.96
-0.16	4.54
-1.13	4.15
-1.16	2.7
-0.21	-0.26
-1.07	-2.14
-0.21	-5.71
-0.78	-9.41
-0.63	-5.36
-0.21	-6.19
-0.61	-7.2
-3.24	-1.12
-2.79	4.84
-1.06	2.76
-2.59	6.47
-2.64	5.35
-2.68	5.02
-1.13	5.7
-0.44	2.71
-1.18	-0.18
-0.29	-2.8
1.3	-4.25
1.71	-5.07
************TIME_SERIES************
ClassID: 2
TimeSeriesLength: 43
TimeSeriesData: 
-0.31	0.26
-0.09	0.05
-0.21	-0.27
-0.21	0.16
-0.24	0.06
-0.29	-0.09
-0.16	-0.23
-0.34	-1.1
1.95	-2.61
1.79	-6.06
-0.16	-3.62
-0.28	-1.73
-0.43	1.22
-0.96	4.9
-1.09	8.4
-2.6	10.05
-1	8.26
-1.08	4.83
-2.87	2.05
-2.91	-3.36
-0.58	-6.29
-1.06	-9.72
1.83	-10.81
-0.07	-8.02
-0.69	-6.9
-0.07	-3.57
-0.24	-1.51
-0.59	3.32
-0.87	6.19
-1.11	9.4
-0.84	7.8
-1.12	7.83
-3.18	4.69
-3.58	4.44
-2.85	0.08
-0.47	-4.76
-0.3	-5.6
2.1	-5.31
1.34	-6.91
-0.04	-7.51
-0.93	-3.9
-1.54	-2.22
-1.99	-1.08
************TIME_SERIES************
ClassID: 2
TimeSeriesLength: 43
TimeSeriesData: 
-0.07	-0.02
-0.11	0.08
-0.12	0.15
-0.28	0.04
-0.17	0.16
-0.1	-0.36
-0.02	-0.29
1.3	-3.02
1.95	-4.53
1.65	-4.83
-0.49	-1.31
-1.28	0.59
-0.08	3.14
-0.11	4.06
-1.24	7.56
-2.86	10.75
-2.95	8.65
-0.77	3.16
-2.86	-1.56
-0.81	-5.19
-0.52	-6.48
-1.07	-8.77
-0.14	-10.49
1.28	-9.69
-0.56	-8.6
-0.03	-3.58
-0.43	0.01
-2.92	4.99
-3.4	9.52
-2.77	10.5
-3.04	9.92
-3.23	7.18
-3.28	2.55
-3.81	2.41
-2.71	-3.98
-1.07	-5.19
-0.43	-7.14
2.18	-8.96
2.43	-9.72
-0.02	-7.01
-1.03	-2.82
-0.15	-1.67
-0.86	2.3
************TIME_SERIES************
ClassID: 2
TimeSeriesLength: 42
TimeSeriesData: 
-0.43	-0.09
-0.28	-0.26
-0.28	0.09
-0.29	0
-0.24	-0.28
-0.51	0.33
-0.9	2.1
-0.33	4.55
-2.66	6.87
-1.07	4.73
-0.65	0.51
-0.61	-4.8
-0.13	-7.51
1.53	-7.69
1.56	-12.39
1.99	-7.75
0.07	-10.21
-2.92	-3.56
-2.89	-1.45
-5.14	1.83
-5.97	10.69
-5.17	10.97
-2.93	9.19
-3.59	7.87
-2.72	4.41
-3.82	1.99
-0.88	-2.9
1.36	-5.1
2.51	-8.62
-0.62	-9.95
1.33	-10.82
-0.18	-8.45
-2.9	-3.84
-3.41	-0.89
-2.6	6.19
-3.29	6.44
-1.22	6.53
-0.68	7.91
-1.27	4.81
-0.79	1.96
-1.19	0.89
-0.66	-2.22
************TIME_SERIES************
ClassID: 2
TimeSeriesLength: 46
TimeSeriesData: 
-0.17	-0.07
-0.08	-0.19
-0.13	0.26
-0.15	0.15
-0.18	0.06
-0.16	-0.02
-0.22	-0.2
-0.44	1.82
-0.05	4.88
-0.4	5.61
-0.58	2.9
-0.71	2.77
-0.2	-1.86
-0.16	-5.31
-0.77	-7.18
1.44	-6.84
2.5	-7.92
1.47	-10.21
-0.3	-8.71
-3.37	-2.07
-3.33	1.99
-5.51	6.05
-5.27	6.68
-3.35	10.68
-3.01	10.16
-2.66	8.96
-2.66	3.28
-1.06	-0.68
-1.25	-1.42
1.29	-4.33
1.71	-5.01
2.19	-6.75
1.79	-9.98
-0.47	-10.5
-2.62	-6.51
-2.84	-1.51
-3.57	1.97
-2.7	5.15
-3.68	8.47
-0.65	6.73
-0.63	6.24
-0.25	4.29
-0.13	2.91
-0.84	0.8
-0.55	-1.92
-0.47	-3
************TIME_SERIES************
ClassID: 2
TimeSeriesLength: 41
TimeSeriesData: 
-0.16	-0.19
-0.19	0.05
-0.1	0.14
-0.27	-0.01
-0.23	0.52
-0.37	0.06
-0.29	4.99
-0.75	6.07
-0.32	4.39
-0.44	1.98
-1.02	-2.91
-1.24	-6.29
1.34	-6.98
2.07	-9.76
2.18	-7.99
-0.05	-7.97
-0.92	-3.85
-2.96	-0.19
-5.38	3.75
-6.24	14.34
-3.32	11.33
-2.85	11.12
-3.45	6.04
-3.33	3.38
-1.18	-3.11
-0.26	-6.94
-0.41	-11.4
1.5	-11.51
-0.86	-8.97
-0.3	-7.04
-3.1	-2.14
-1.24	-2.18
-3	4.96
-1.08	6.31
-1.07	8.22
-0.4	5.6
-0.54	5.51
-0.25	2.51
-1.01	0.02
-0.91	-2.31
-0.38	-4.38
************TIME_SERIES************
ClassID: 2
TimeSeriesLength: 41
TimeSeriesData: 
-0.18	0.38
-0.14	-0.14
-0.13	0.03
-0.11	-0.15
-0.26	0.11
1.31	1.11
-0.59	5.6
-1.28	6.07
-0.36	5.57
-0.3	-1.55
-0.97	-4.75
-0.07	-5.75
-0.81	-5.52
1.71	-6.05
2.07	-4.67
-0.11	-6.99
-0.11	-4.37
-0.49	-4.08
-3.73	0.16
-5.42	3.96
-5.6	8.96
-6.19	15.16
-3.29	12.23
-2.83	4.77
-0.27	-0.19
-0.74	-1.44
-0.38	-1.23
1.34	-10.98
1.88	-15.45
-0.61	-11.01
-1.2	-5.51
-3.68	-1.99
-3.52	4.52
-3.7	5.64
-2.82	8.82
-0.88	6.88
-0.24	6.75
-0.45	4.26
-1.79	0.47
-0.81	-4.8
1.65	-9.68
************TIME_SERIES************
ClassID: 2
TimeSeriesLength: 39
TimeSeriesData: 
-0.39	-0.19
-0.17	0.08
-0.16	0.18
-0.36	0.25
-0.23	0.46
-0.44	0.49
-1.13	4.72
-0.39	6.76
-1.08	0.99
-0.52	-2.18
-0.1	-5.1
-0.56	-7.8
2.54	-8.54
1.29	-7.23
-0.58	-7.06
-3.09	-4.24
-2.71	2.91
-3.65	7.16
-3.56	11.19
-3.56	10.4
-0.72	6.33
-1.25	4.07
-0.88	0.58
1.65	-2.94
2.13	-5.36
1.37	-9.09
-0.57	-8.77
-0.08	-10.29
-0.8	-5.58
-1.01	-0.31
-3.06	2.08
-3.03	11.02
-3.55	10.48
-1.21	7.39
-0.43	4.71
-0.7	3.86
-1.21	1.7
-1.28	-1.87
1.28	-6.47
************TIME_SERIES************
ClassID: 2
TimeSeriesLength: 40
TimeSeriesData: 
-0.13	0.07
-0.08	0.23
-0.14	-0.04
-0.11	0.15
-0.27	-0.08
-0.6	1.7
-0.32	5.63
-0.32	4.62
-0.08	3.49
-0.13	2.46
-0.66	-2.38
-0.85	-4.52
1.51	-8.57
1.84	-12.81
1.78	-8.28
-0.25	-6.47
-2.9	-2.06
-3.78	2.13
-5.4	5.9
-5.36	12.71
-3.73	9.95
-1.27	7.93
-1.12	2.76
-1.25	1.37
-0.63	-3.3
1.92	-4.19
2.18	-8.67
2.24	-10.29
-1.17	-10.39
-0.71	-6.55
-2.89	0.63
-1.1	5.34
-3.21	4.05
-2.95	8.43
-0.49	6.18
-0.13	5.04
-1	1.76
-0.36	-0.67
-0.11	-3.31
1.99	-4.1
************TIME_SERIES************
ClassID: 2
TimeSeriesLength: 40
TimeSeriesData: 
-0.31	0.17
-0.16	0.01
-0.49	0.82
-0.26	0.63
-0.51	0.61
-0.91	2.68
-1.51	4.83
-0.26	4.97
-0.29	1.82
-1.21	-1.33
-0.15	-4.26
-0.73	-4.76
2.09	-8.94
1.9	-6.81
1.58	-9.51
-0.37	-6.13
-2.9	-2.75
-2.97	1.31
-6.2	11.45
-5.88	14.12
-3.24	11.61
-3.37	8.21
-1.23	3.58
-0.33	0.49
-0.31	-5.7
1.56	-10.14
2.2	-11.92
-0.85	-10.82
-0.36	-7.62
-3.06	-2.33
-3.08	0.64
-3.42	5.02
-2.69	10.43
-2.73	8.07
-0.68	7.45
-0.3	2.47
-0.17	0.98
-0.96	-0.84
-0.89	-4.49
2.13	-5.12
************TIME_SERIES************
ClassID: 2
TimeSeriesLength: 41
TimeSeriesData: 
-0.25	-0.12
-0.2	0.24
-0.3	-0.03
-0.16	0.23
-0.11	-0.12
-0.24	0.3
-0.21	0.39
-0.33	1.31
-0.95	5.94
-0.87	7.19
-0.83	1.59
-0.68	-1.11
-0.68	-5.41
-0.09	-8.84
2.38	-11.52
1.28	-9.92
-0.32	-10.18
-3.62	-4.91
-5.67	5.13
-5.22	9.76
-5.18	12.94
-3.47	12.74
-3.6	7.74
-2.79	2.26
-2.76	1.74
-0.04	-0.93
-0.46	-3.9
1.94	-10.13
1.58	-10.24
-0.08	-11.65
-0.58	-9.2
-3.72	-2.59
-3.07	1.33
-2.73	9.71
-3.54	8.61
-0.61	6.81
-0.42	7.16
-0.49	3.13
-0.3	1.65
-1.27	-1.87
1.29	-5.93
************TIME_SERIES************
ClassID: 2
TimeSeriesLength: 43
TimeSeriesData: 
-0.17	-0.01
-0.3	0.09
-0.23	0.29
-0.29	-0.26
-0.24	0.41
-0.39	0.05
-0.82	2.82
-0.42	7.51
-0.74	6.53
-0.85	2.34
-0.88	1.04
-2.98	-2.78
1.59	-13.64
2.16	-9.56
1.39	-7.41
-0.26	-6.13
-0.03	-4.21
-1.11	-1.42
-3.48	-1.11
-5.64	2.78
-5.9	10.52
-2.92	10.98
-2.79	10.44
-0.07	5.69
-1.26	2.32
-1.52	-0.43
1.94	-4.19
2.44	-8.08
-0.35	-9.4
-0.61	-7.22
-0.02	-7.69
-1.06	-3.94
-1.21	-3.45
-3.13	0.85
-3.73	5.61
-2.85	9.85
-0.37	5.15
-0.46	6.12
-0.95	2.45
-1.24	0.79
-0.92	-1.77
-0.62	-5.03
-0.06	-3.91
************TIME_SERIES************
ClassID: 2
TimeSeriesLength: 46
TimeSeriesData: 
-0.48	0.11
-0.46	0.15
-0.38	-0.26
-0.48	0.37
-0.39	-0.39
-0.38	0.05
-0.58	-0.1
-0.09	5.71
-2.93	7.69
-0.71	4.26
-1.16	0.52
-0.01	-3.14
-1.05	-8.14
-0.34	-7.07
-0.78	-6.24
-0.47	-7.81
1.3	-7.52
-0.74	-5.41
-1.2	-1.29
-3.25	4.07
-5.9	8.04
-5.59	13.25
-5.71	11.94
-1.21	6.04
-1.22	3.36
-0.69	0.85
-1.23	-0.99
-0.63	-1.84
-0.85	-10.02
-0.87	-10.44
-0.54	-10.91
-0.61	-8.59
-3.45	-3.38
-2.63	-1.06
-2.89	2.24
-3.18	4.51
-3.47	7.73
-2.8	6.52
-0.58	6.48
-0.33	5.79
-0.88	2.98
-0.61	-0.31
-0.97	-0.96
-0.02	-4.44
1.67	-5.12
-0.11	-2.92
************TIME_SERIES************
ClassID: 2
TimeSeriesLength: 42
TimeSeriesData: 
-0.19	-0.02
-0.29	-0.07
-0.16	0.38
-0.2	-0.1
-0.19	0.18
-0.14	0.22
-0.04	1.41
-0.9	4.58
-0.52	6.02
-1.13	2.82
-0.62	-2.31
-0.52	-2.51
-0.72	-7.71
-0.02	-9.74
1.64	-9.39
-0.11	-8.71
-1.21	-3.66
-5.2	-326.64
-5.68	6.91
-5.15	11.49
-3.76	12.31
-3.29	9.75
-3.44	6.59
-0.96	2.73
-0.4	-1.38
1.85	321.51
-0.63	-4.57
-0.04	-9.08
-0.66	-6.53
-0.88	-6.6
-0.74	-4.26
-1.19	-0.58
-3.17	2.47
-0.65	5.12
-2.87	8.81
-0.69	6.93
-0.64	7.75
-0.36	2.77
-0.35	0.25
-1.09	-2.62
-0.25	-3.38
2	-5.16
************TIME_SERIES************
ClassID: 2
TimeSeriesLength: 44
TimeSeriesData: 
-0.35	-0.05
-0.37	0.36
-0.31	-0.1
-0.39	0.21
-0.36	0.02
-0.37	0.23
-0.18	1.26
-0.24	7.31
-0.27	7.08
-0.34	1.93
-1.21	-0.53
-0.04	-4.24
-0.31	-5.14
-0.27	-7.07
-0.69	-6.6
-0.24	-6.56
1.28	-5.59
-2.67	-5.37
-2.85	0.51
-2.63	1.83
-2.92	8.02
-2.95	10.56
-3.13	11.52
-1	4.76
-0.64	4.92
-0.55	0.06
-0.07	-1.47
-1.23	-4.49
-1.19	-5.48
-1.27	-9.04
-1.06	-8.77
-0.07	-7.29
-3.21	-5.13
-3.23	-0.88
-3.47	2.43
-2.62	6.4
-1	9.77
-0.88	8.91
-0.35	4.7
-0.9	4.09
-0.88	0.2
-0.34	-1.27
-0.68	-5.31
-0.18	-4.26
************TIME_SERIES************
ClassID: 2
TimeSeriesLength: 45
TimeSeriesData: 
-0.35	-0.15
-0.23	0.59
-0.34	-0.08
-0.31	0.48
-0.26	-0.22
-0.41	-0.03
1.47	0.94
-0.78	6.15
-1.14	6.12
-0.54	3.65
-0.05	-2.5
-0.54	-3.48
-1.86	-6.54
-0.4	-6.99
1.52	-8.11
2.2	-8.09
-0.1	-6.48
-0.39	-3.75
-3.15	-2.59
-3.08	1.48
-5.94	4.71
-5.26	9.62
-3.34	13.13
-2.76	10.58
-2.85	5.13
-1.95	1.22
-0.81	-0.38
-0.65	-3.85
1.28	-6.83
1.73	-10.17
-0.07	-10.75
-0.3	-6.46
-2.64	-3.94
-3.64	0.68
-3.17	2.82
-1.21	5.91
-2.96	10.18
-0.56	6.65
-0.76	4.58
-0.07	3.23
-1	-1.49
-1.11	-3.57
-0.07	-2.65
1.32	-3.72
1.41	-3.16
************TIME_SERIES************
ClassID: 2
TimeSeriesLength: 45
TimeSeriesData: 
-0.2	-0.08
-0.27	0.15
-0.09	-0.01
-0.09	0.11
-0.2	0.24
-0.24	0.22
-1.12	5.15
-0.48	6.32
-0.48	4.62
-0.63	0.73
-0.1	-3.3
-0.41	-6.33
1.4	-7.85
-325.19	-10.74
1.71	-11.54
-0.64	-8.65
-3.72	-3.51
-5.7	0.98
-7.77	7.79
-6.19	12.18
-4.87	11.03
-3.82	10.71
-0.08	4.12
-0.55	0.76
-0.83	-0.85
-1.15	-1.94
-0.84	-4.07
1.77	-8.46
1.28	-11.78
-0.21	-10.71
-0.32	-6.29
-3.06	-2.35
-2.82	3.58
-3.77	6.59
-3.01	6.34
-0.41	6.9
-0.99	5.61
-0.74	5.37
-0.92	2.93
-0.28	1.19
-0.26	-0.96
-1.24	-1.82
-0.49	-4.13
1.59	-5.18
1.58	-2.59
************TIME_SERIES************
ClassID: 2
TimeSeriesLength: 43
TimeSeriesData: 
-0.18	0.13
-0.17	0.2
-0.25	0.31
-0.04	0.06
-0.14	-0.01
-0.03	0.34
-0.17	3.51
-0.32	6.66
-0.23	4.89
-0.19	0.82
-0.9	0.1
-0.64	-2.15
-1.11	-7.49
-0.05	-9.73
2.01	-12.41
-0.39	-7.9
-3.43	-4.4
-3.74	3.4
-3.66	9.63
-2.7	10.06
-2.74	13.3
-2.78	9.15
-0.87	5.1
-1.07	2.48
-0.94	-1.73
-1.13	-2.69
-0.74	-6.49
-0.09	-8.89
-1.1	-9.89
-1.12	-8.7
-1.24	-7.32
-3.05	-2.51
-3.77	1.91
-3.19	5.8
-2.99	8.68
-0.55	9.82
-0.26	6.5
-1.71	5.89
-0.09	1.66
-0.21	-0.9
-0.18	-2.57
-0.08	-4.7
1.79	-6.65
************TIME_SERIES************
ClassID: 2
TimeSeriesLength: 45
TimeSeriesData: 
-0.03	0.08
-0.17	0.07
-0.22	-0.18
-0.14	0
-0.21	0.2
-0.12	-0.19
-0.28	2.67
-0.4	6.52
-0.58	7.62
-0.02	1.71
-1.02	1.13
-0.7	-4.74
-0.27	-10.46
1.82	-10.95
-0.84	-8.81
-1.08	-8.36
-0.39	322.63
-2.57	0.32
-5.56	5.21
-5.23	9.66
-2.76	13.65
-1.2	11.71
-1.16	9.36
-1.01	2.54
-0.94	-2.73
-1.07	-1.13
-0.46	-10.05
1.5	-10.69
-0.25	-8.8
-0.04	-6.59
-3.1	-6.66
-2.76	-1.69
-3.3	2.28
-0.98	5.16
-1.17	8.69
-0.13	7.8
-1.09	7.21
-0.32	5.98
-0.75	1.86
-0.25	-1.77
-0.73	-4.44
1.38	-5.42
2.21	-4.62
1.47	-3.32
1.3	1.04
************TIME_SERIES************
ClassID: 2
TimeSeriesLength: 43
TimeSeriesData: 
-0.14	-0.13
-0.12	0.01
-0.1	0.17
-0.11	-0.2
-0.19	0.4
-0.04	0.52
1.35	1.55
-0.95	7.31
-0.37	5.93
-0.35	3.52
-3.35	-1.16
-1.26	-4.78
-0.1	-8.61
1.54	-12.15
1.5	-10.01
-0.13	-7.19
-3.58	-1.07
-3.24	2.45
-2.6	5.25
-3.38	10.79
-2.87	9.46
-2.79	8.22
-0.06	5.27
-0.45	3.21
-0.7	1.39
-1.11	-5.46
-1.03	-8.61
1.62	-9.45
-0.96	-9.87
-0.62	-7.32
-1.05	-4.67
-2.9	-0.29
-0.98	-0.46
-2.62	2.88
-2.8	7.92
-2.62	9.73
-0.61	7.15
-0.78	6.1
-2.12	3.32
-0.48	0.67
-1.12	-2.46
1.34	-5.8
2.06	-5.14
************TIME_SERIES************
ClassID: 2
TimeSeriesLength: 41
TimeSeriesData: 
-0.14	-0.06
-0.16	0.06
-0.14	0.09
-0.13	0.17
-0.12	-0.02
-0.17	0.19
-0.64	4.07
-1.09	4.96
-1.13	4.83
-0.86	1.65
-1.22	0.35
-2.69	-4.07
-0.13	-9.67
2.05	-13.8
-0.06	-9.02
-0.91	-10.88
-2.83	-0.05
-6.01	3.74
-5.13	9.2
-3.37	11.68
-3.55	13.08
-0.2	5.88
-0.43	4.44
1.81	-2.17
-0.18	-2.82
-0.29	-6.44
-0.78	-7.11
-0.03	-8.57
-0.68	-8.64
-0.02	-7.52
-2.64	-3.17
-3.66	1.05
-2.99	4.59
-1	9.27
-1.22	8.91
-0.79	7.53
-0.69	3.84
-0.21	-0.38
-0.95	-3.86
1.65	-7.01
1.34	-4.59
************TIME_SERIES************
ClassID: 3
TimeSeriesLength: 38
TimeSeriesData: 
-0.3	0.06
-0.18	0.28
-0.14	0.11
-0.4	0.05
-0.33	-0.08
-0.14	-0.3
-0.03	-0.27
-1.01	-1.89
-0.98	0.73
-1.04	3.44
-1.18	6.11
-0.92	6.38
-0.17	4.14
1.47	-0.42
2.1	-3.14
1.61	-5.71
-0.43	-4.56
-0.49	-8.47
-1.14	-5.78
-2.83	-6.48
-3.78	-1.32
-2.98	2.94
-2.61	4.64
-0.46	3.14
-0.47	4.48
1.7	3.06
1.95	1.66
1.64	1.82
1.85	0.25
-1.67	2.17
-0.65	-0.31
-3.2	0.81
-1.17	-1.8
-0.01	-2.01
-0.09	0.44
-0.18	-1.09
-0.14	-0.9
-0.53	-0.73
************TIME_SERIES************
ClassID: 3
TimeSeriesLength: 36
TimeSeriesData: 
-0.52	-0.13
-0.14	-0.1
-0.52	-0.44
-0.36	0.22
-0.3	-0.3
1.28	-0.46
-0.94	326.52
-3.06	3.77
-2.9	8.08
-2.11	4.84
-0.83	2.57
-0.09	1.93
1.56	-0.8
1.95	-4.19
-0.52	-7.62
-0.73	-8.32
-0.84	-8.45
-3.09	-7.82
-3.38	-4.43
-5.39	-0.44
-4.6	5.91
-3.81	4.46
-1.13	4.6
1.92	5.36
1.82	1.9
2.48	-1.65
2.48	-0.33
-0.16	1.72
-0.78	1.39
-0.94	-0.72
-2.6	-2.02
-0.51	-0.13
-1.07	-0.16
-0.58	0.64
-1.08	-2.57
1.32	-0.18
************TIME_SERIES************
ClassID: 3
TimeSeriesLength: 36
TimeSeriesData: 
-0.4	0.13
-0.32	0.1
-0.2	-0.13
-0.47	-0.11
-0.32	-0.04
-0.35	-0.51
1.29	-0.48
-0.65	-1.04
-1.03	4.23
-0.82	5.16
-0.28	3.8
-0.13	4.26
-0.31	3.72
-0.04	2.6
-0.15	-2.93
1.43	-7.8
-0.86	-10.59
-1.25	-10.27
-3.42	-6.23
-2.67	-5.89
-3.23	0.29
-3.54	3.24
-3.66	4.05
-2.92	6.27
-0.36	6.3
2.37	3.1
1.69	2.21
2.33	-0.28
1.47	2.07
1.31	-0.58
-1.21	0.21
-0.37	0.54
-0.98	-0.38
-0.96	-1.75
-0.96	-1.41
1.28	-1.09
************TIME_SERIES************
ClassID: 3
TimeSeriesLength: 36
TimeSeriesData: 
-0.13	0.41
-0.17	0.04
-0.3	0.07
-0.37	0.34
-0.11	-0.13
-0.33	-1.39
-0.01	-2.71
-0.82	-3.73
-0.58	1.68
-2.94	9.03
-3.59	7.97
-1.1	3.26
-0.66	2.06
-0.93	1.69
-0.89	-0.5
-0.22	-4.51
-0.77	-5.48
-2.36	-8.19
-0.54	-8.67
-2.89	-7.44
-3.6	-3.02
-3.48	2.22
-3.62	2.61
-1.2	4.98
-0.06	1
-0.72	5.31
1.62	2.28
-0.14	2.16
1.64	-0.18
-0.99	0.89
-2.7	0.01
-0.53	0.09
-0.39	1.64
-2.21	0.1
1.69	0.46
-0.68	-2.12
************TIME_SERIES************
ClassID: 3
TimeSeriesLength: 34
TimeSeriesData: 
-0.31	0.02
-0.37	-0.1
-0.34	0.49
-0.29	-0.01
-0.25	0.43
-0.26	-0.4
-0.23	-2.68
-0.53	1.02
-1.11	3.37
-2.88	5
-2.87	5.77
-0.99	3.26
-0.72	0.74
-0.12	-0.61
-0.77	-5.32
-1.18	-6.25
-0.37	-11.16
-0.2	-8.92
-2.63	-6.05
-2.98	-0.78
-2.72	3
-3.26	4.72
-3.77	7.6
-2.68	5.41
-1.27	2.86
1.57	0.65
0.37	1.68
-0.24	0.34
-0.6	0.62
-1.21	0.63
-3.29	0.63
-1.26	-2.62
-0.19	-0.8
-0.04	-2.6
************TIME_SERIES************
ClassID: 3
TimeSeriesLength: 34
TimeSeriesData: 
-0.42	-0.43
-0.35	0.3
-0.32	-0.22
-0.31	0.22
-0.26	0.3
1.6	0.37
-0.52	-0.24
-1.14	4.95
-0.61	3.33
-0.66	3.54
-0.95	4.67
-0.05	2.15
-1.15	-0.94
-0.07	-3.86
-1.12	-7.97
-0.88	-10.09
-0.04	-9.89
-3.01	-6.17
-3.64	-3.14
-2.7	3.21
-2.64	3.78
-2.59	5.5
-1.28	4.27
-2.66	4.26
1.5	3.74
1.54	3.73
-0.05	1.39
-0.06	0.85
-0.96	-0.96
-2.63	0.59
-3.73	-1.34
-0.14	1.92
-0.53	-1.34
-0.23	-1.56
************TIME_SERIES************
ClassID: 3
TimeSeriesLength: 34
TimeSeriesData: 
-0.27	0.28
-0.47	-0.44
-0.37	0.22
-0.27	0.07
-0.32	0.47
1.73	0.51
-1.5	-0.18
-0.8	4.41
-2.64	5.13
-2.72	5.4
-0.5	3.14
-0.58	0.5
-0.2	-2.49
1.55	-5.67
-0.47	-6.61
-0.29	-7.57
-1.08	-7.51
-0.69	-6.84
-1.21	-3.54
-2.6	0.85
-3.45	2.77
-3.73	5.18
-0.76	5.56
-0.18	4.05
-0.32	1.5
-0.36	1.52
1.46	1.8
-0.51	1.38
-0.06	0.37
-0.94	-0.08
-0.66	1.3
-2.98	-0.47
-1.26	-2.06
-0.55	-0.99
************TIME_SERIES************
ClassID: 3
TimeSeriesLength: 32
TimeSeriesData: 
-0.44	0.07
-0.57	-0.18
-0.41	0.16
-0.34	-0.21
-0.42	0.12
-0.53	-0.15
1.99	-1.06
-0.91	0.55
-3.61	7.04
-3.18	4.38
-1.23	3.88
-0.94	3.14
-0.04	-0.57
-1.24	-3.52
-0.28	-7.63
-1.06	-7.87
-1.09	-8.5
-0.58	-6.14
-0.97	-5.6
-3.68	-1.53
-2.9	2.93
-2.91	4.07
-3.48	4.74
-3.03	3.61
-1.19	2.56
-0.07	0.93
1.46	1.59
-0.61	-0.53
-2.71	0.69
-1.12	-0.63
-2.78	-0.69
-3.38	-0.18
************TIME_SERIES************
ClassID: 3
TimeSeriesLength: 34
TimeSeriesData: 
1.4	-0.77
-0.48	-0.71
-0.3	0.59
-0.64	0.27
-0.63	1.22
-0.48	0.53
-0.51	4.15
-2.66	5.26
-1.27	6.57
-0.8	4.6
-0.04	0.02
1.44	-3.05
-0.51	-3.82
-0.05	-5.43
-0.53	-6.42
-0.71	-6.78
-1.06	-6.36
-2.62	-5.72
-3.45	-0.86
-3.79	3.42
-3.82	5.59
-3.42	4.79
-3.25	3.52
-1.13	4.46
1.28	1.4
2.06	1.43
1.63	0.54
-0.8	0.11
-0.4	-0.16
-2.89	-0.86
-3.01	0.23
-2.84	-0.98
-0.37	-1.71
-1.15	-0.85
************TIME_SERIES************
ClassID: 3
TimeSeriesLength: 36
TimeSeriesData: 
-0.26	0.19
-0.21	-0.11
-0.26	0.18
-0.24	0.13
-0.33	0.19
-0.21	-0.04
1.83	-0.44
-0.77	0.7
-1.7	3.31
-0.91	5.4
-0.93	5
-1.23	4.02
-0.69	1.55
-1.19	0.33
-0.67	-5.5
-0.26	-7.01
-0.44	-8.12
-0.39	-6.58
-2.62	-7.67
-0.73	-4.41
-0.82	-2.37
-2.6	1.6
-3.74	4.65
-2.79	6.98
-2.66	3.59
-0.21	1.57
-0.51	0.2
2.07	1.13
-0.52	0.38
-2.66	0.02
-2.78	-0.89
-2.96	0.9
-3.43	0.81
-2.81	2.92
-1.69	-0.47
2.36	-0.35
************TIME_SERIES************
ClassID: 3
TimeSeriesLength: 36
TimeSeriesData: 
-0.37	-0.27
-0.1	0.2
-0.3	-0.28
-0.27	-0.1
-0.04	-0.23
2.3	0.11
-0.57	-3.55
-0.17	5.27
-1.79	4.18
-1.2	5.2
-0.41	4.77
-0.35	1.45
-0.33	1.31
-0.03	-4.9
-0.17	-7.94
-0.64	-10.28
-2.58	-10.63
-2.05	-4.53
-1.27	-4.43
-1.16	-0.42
-3.96	2.44
-2.64	4.81
-2.87	5.75
-3.31	4.44
-0.8	1.97
1.75	0.62
2.31	-1.3
1.97	-0.08
-0.79	-0.96
-1	0.35
-2.7	-0.99
-3.36	2.31
-3.48	-0.03
-0.52	-0.64
1.53	2.06
-0.1	-1.62
************TIME_SERIES************
ClassID: 3
TimeSeriesLength: 37
TimeSeriesData: 
-0.19	0.16
-0.24	0.25
-0.21	0.05
-0.1	0.01
-0.3	-0.07
-0.07	-0.2
2	0.2
-0.89	0.95
-0.58	4.81
-3.08	7.33
-1.05	5.54
-0.68	2.19
-0.16	0.27
-0.96	-4.55
-0.63	-6.45
-0.71	-9.01
-0.58	-9.01
-1.92	-6.49
-0.61	-4.98
-1.09	-1.72
-1.21	2.22
-3.44	3.32
-3.82	4.25
-3	5.42
-0.61	1.41
-0.79	1.78
2.15	1.23
1.57	0.69
-0.14	0.23
-0.99	-0.41
-0.37	0.69
-3.16	-0.13
-3.39	-1.87
-3.7	-0.35
-0.68	-0.22
1.44	-0.79
-0.63	-0.51
************TIME_SERIES************
ClassID: 3
TimeSeriesLength: 33
TimeSeriesData: 
-0.2	0.27
-0.24	0.14
-0.38	0.12
-0.18	0.09
-0.08	-0.16
1.48	-0.35
-0.53	-2.73
-0.32	0.33
-0.5	6.52
-2.66	7.1
-0.94	6.81
-2.78	2.4
-1.06	0.74
-1.03	-5.82
-1.07	-6.78
-0.15	-8.3
-1.09	-10.81
-0.66	-6.62
-0.67	-5.27
-3.66	-0.49
-3.39	3.81
-3.61	2.88
-3.13	5.7
-0.84	3.23
-0.99	2.76
-0.83	1.75
-0.59	4.48
-0.62	-1.2
-2.84	0.02
-2.7	1.04
-3.28	-2.88
-1.21	1.7
-0.4	-1.8
************TIME_SERIES************
ClassID: 3
TimeSeriesLength: 36
TimeSeriesData: 
-0.26	0.05
-0.39	0.23
-0.26	-0.1
-0.17	-0.05
-0.24	-0.05
-0.13	-0.05
2.11	-0.27
-0.1	-5.43
-1.25	5.74
-3.72	7.9
-3.83	5.92
-3.29	0.8
-0.85	-0.63
-0.66	-3.83
-0.49	-6.05
-0.15	-5.72
-0.9	-9.81
-0.82	-9.68
-1.22	-5.65
-1.09	-2.83
-3.12	2.65
-0.53	4.13
-2.85	5.64
-3.14	4.43
-2.79	4.4
-0.42	0.02
-1.14	1.74
-0.99	-0.36
-1.25	-0.29
-0.62	-0.47
-3.82	-0.62
-3.09	0.22
-3.64	0.76
-0.91	0.54
-0.69	0.02
1.39	-0.26
************TIME_SERIES************
ClassID: 3
TimeSeriesLength: 38
TimeSeriesData: 
-0.47	0.33
-0.29	0.31
-0.43	0.27
-0.17	0.31
-0.31	0.11
-0.27	0.16
-0.22	-0.08
2.01	-0.63
-2.86	-1.06
-0.89	6.2
-3.06	3.18
-3.43	6.65
-0.87	1.93
-0.6	-0.3
-0.3	-2.62
-0.9	-5.62
-0.33	-8.44
-1.2	-5.92
-0.81	-6.75
-1.03	-5.92
-1.27	-1.38
-2.68	-0.59
-3.16	5.32
-3.73	5.48
-2.65	4
-2.63	4.2
-0.28	0.81
2	1.5
-0.3	1.27
1.87	-1.75
-1.11	0.72
326.94	-1.28
-3.09	0.37
-2.75	0.21
-3.43	1.27
-2.83	1.44
-0.83	-1.58
2.07	-1.03
************TIME_SERIES************
ClassID: 3
TimeSeriesLength: 37
TimeSeriesData: 
-0.33	-0.03
-0.33	-0.13
-0.41	0.12
-0.55	0.07
-0.37	0.3
-0.3	-0.19
1.63	0.12
-1.14	0.55
-3.1	5
-2.58	6.04
-2.88	5.68
-0.97	3.81
-0.56	-0.35
-0.12	-2.44
-0.97	-6.01
-0.83	-8.2
-0.3	-8.87
-1.13	-6.92
-1.2	-5.41
-1.15	-3.21
-3.2	-0.3
-2.65	2.01
-3.3	5.22
-3.18	4.9
-3.23	4.24
-1.1	2.4
-0.8	-0.34
1.86	0.22
1.3	0.11
-1.16	0
-0.89	0.33
-3.2	0.22
-2.6	0.37
-3.13	-0.05
-1.21	1.45
-0.14	-0.25
1.52	-1.61
************TIME_SERIES************
ClassID: 3
TimeSeriesLength: 38
TimeSeriesData: 
-0.3	0.27
-0.26	0.04
-0.18	0.45
-0.27	0.13
-0.06	0.27
-0.15	-0.15
2.53	1.2
-0.58	3.12
-0.58	3.92
-1.24	5.52
-2.59	4.42
-2.57	-0.27
-0.05	-0.59
-0.45	-4.36
-0.25	-5.49
-0.74	-6.82
-0.66	-9.39
-0.09	-7.79
-0.56	-3.74
-0.58	-0.72
-1.76	2.45
-0.4	4.57
-3.16	4.05
-2.64	6.41
-1.02	3.71
-0.8	2.02
-0.71	0
1.55	-0.92
1.53	-1.78
1.47	-2.17
-1.28	0.96
-0.1	-0.35
-2.75	0.42
-0.59	0.51
-3.23	-1.94
-2.86	0.33
-0.95	-0.6
-1.04	-0.74
************TIME_SERIES************
ClassID: 3
TimeSeriesLength: 40
TimeSeriesData: 
-0.24	0.49
-0.07	0.13
-0.16	-0.11
-0.09	-0.12
-0.16	0.21
-0.11	0.3
-0.03	0.06
1.62	-0.14
2.02	-0.94
-0.74	0.6
-0.55	6.37
-1.16	4.89
-2.69	4.72
-0.87	2.72
-0.38	1.26
-0.98	-4.42
-1.01	-1.83
-0.8	-5.31
1.77	-5.17
-1	-7.64
-0.17	-7.38
-0.45	-5.21
-1.24	-2
-2.73	1.09
-3.33	1.71
-3.54	6.01
-3.73	4.66
-2.59	4.22
-1.27	2.62
1.58	0.42
2.05	0.85
1.71	-0.19
-0.12	0.05
-0.05	0.34
-1.09	1.22
-2.77	-0.33
-3.21	0.09
-1.09	1.67
-0.08	2.55
-0.35	-3.41
************TIME_SERIES************
ClassID: 3
TimeSeriesLength: 36
TimeSeriesData: 
1.28	0.24
-0.07	-0.06
-0.04	-0.05
-0.01	0.02
-0.13	0.29
-0.15	-0.1
1.4	0.09
-0.43	-0.44
-0.51	5.02
-0.52	6.07
-0.72	4.24
-1.03	3.94
-1.03	2.63
-0.96	-0.4
-1.19	-3.57
-1.11	-6.74
-1.08	-8.79
-2.62	-8.79
-1.06	-5.04
-2.67	-5.23
-1.22	-2.5
-2.96	0.43
-3.84	4.54
-3.84	5.6
-3.47	7.06
-1.08	4.05
1.29	2.21
2.53	0.28
1.63	-0.14
-0.1	0.97
-0.75	1.09
-2.66	1.42
-5.31	-0.42
-3.82	0.01
-3.22	0.34
-1.2	1.31
************TIME_SERIES************
ClassID: 3
TimeSeriesLength: 38
TimeSeriesData: 
-0.03	0.18
-0.15	0.15
-0.49	0.26
-0.16	0.43
-0.29	-0.35
-0.01	-0.11
-0.59	-3.23
-0.34	3.63
-1.12	6.4
-1.11	5.45
-0.97	4.33
-0.41	2.54
-2.41	2.49
-0.19	0.51
-0.12	-5.39
-0.12	-6.24
-1.07	-9.93
-0.62	-8.91
-3.13	-6.68
-2.76	-6.83
-3.1	-1.14
-2.58	1.5
-3.42	2.58
-3.56	4.21
-3.35	3.22
-1.16	3.8
-0.49	3.52
1.63	1.88
1.43	1.29
-0.67	0.93
-0.28	0.74
-2.97	0.75
-3.8	-0.64
-2.91	0.6
-3.07	0.14
-0.51	-0.32
2.14	1.43
1.84	-4.08
************TIME_SERIES************
ClassID: 4
TimeSeriesLength: 37
TimeSeriesData: 
-0.6	0.66
-0.81	1.91
-0.81	0.71
-0.11	0.83
-0.14	1.37
-0.02	-0.92
-0.39	-0.38
-1.09	0.13
-0.73	0.28
-0.55	0.32
-0.59	0.38
0.29	-0.86
2.28	2.1
1.51	-4.25
1.48	0.19
1.51	2.84
-0.17	3.82
-2.78	5.61
-2.68	3.25
-3.57	3.32
-3.54	2.64
-3.11	1.45
-2.65	-0.15
-2.62	0.4
-0.66	-1.63
-0.8	-4.35
-0.25	-5.3
-1.07	-4.6
-0.22	-4.77
-0.77	-5.33
-0.81	-2.1
-1.02	-1.24
-0.75	1.51
-0.94	2.21
-0.64	3.08
-0.72	3.7
-0.87	4.3
************TIME_SERIES************
ClassID: 4
TimeSeriesLength: 35
TimeSeriesData: 
-0.54	0.03
-0.25	0.75
-0.23	4.11
-0.56	0.04
-1.11	1.84
-0.02	0.93
-0.6	0.15
-1.23	0.03
-1.03	-0.62
-0.96	1
-0.35	-5.43
1.85	-0.21
1.94	-2.84
1.61	-0.14
-1.06	2.54
-0.62	2.56
-1.16	3.09
-3.02	4.29
-2.68	3.38
-0.94	2.17
-0.96	1.78
-0.91	0.99
-1.87	0.13
-0.51	-3.56
-0.03	-3.92
-1.16	-1.95
-1.02	-5.49
-0.2	-6.22
-0.86	-3.87
-1.1	-2.49
-0.9	-1
-0.86	0.4
-1.05	2.52
-1.2	4.26
-0.89	4.54
************TIME_SERIES************
ClassID: 4
TimeSeriesLength: 34
TimeSeriesData: 
-0.31	1.89
-0.46	0.65
-0.09	2.38
-0.92	1.49
-0.3	0.1
-0.07	1.53
-1.24	0.17
-0.51	-0.55
-1.14	0.66
-0.38	-0.64
-0.8	-1.26
-0.46	-1.01
1.89	-3.11
1.67	-1.21
1.29	-0.08
-0.82	3.05
-0.54	3.12
-1.04	3.89
-1.1	3.4
-0.98	3.03
-0.8	1.87
-0.59	0.68
-0.55	-0.42
-0.92	-2
-0.91	-3.78
-1.2	-3.41
-0.78	-3.91
-0.88	-3.48
-0.86	-3.5
-0.93	-1.44
-0.65	-0.86
-1.26	2
-0.95	3.15
-0.72	3.07
************TIME_SERIES************
ClassID: 4
TimeSeriesLength: 34
TimeSeriesData: 
-0.17	2.27
-0.52	0.67
-0.16	1.01
-0.9	0.32
-1.21	-0.19
-0.28	-0.2
-1.05	0.57
-0.36	-0.88
-0.81	-0.71
-0.4	0.6
-0.96	-1.25
-0.6	-1.44
-0.09	-2.46
-0.38	-0.69
-0.89	1.12
-0.12	2.63
-0.89	2.21
-1.06	2.87
-1.13	2.96
-0.99	3.7
-0.45	1.58
-0.42	-0.01
-1.15	-0.09
-1.18	-2.79
-1.03	-3.83
-0.47	-5.27
-0.67	-3.54
-0.8	-4
-1.09	-3.04
-0.74	-1.64
-1.03	-1.44
-0.64	1.02
-1.08	3.81
-0.2	4.36
************TIME_SERIES************
ClassID: 4
TimeSeriesLength: 37
TimeSeriesData: 
-0.57	0.17
-0.39	1.9
-0.11	0.69
-0.87	0.1
-1.01	1.2
-0.5	-0.05
-0.57	0.13
-0.61	1.4
-0.7	0.01
-0.78	0.31
-1.19	-0.74
-0.19	-0.98
-0.99	-2.37
1.39	0.06
-0.25	-1.28
-0.54	1.45
-1.21	1.64
-0.45	2.19
-1.14	2.7
-2.6	2.94
-0.74	2.54
-0.65	1.47
-0.07	1.02
-0.19	-2.79
-0.6	-1.46
-0.78	-4.08
-0.78	-4.02
-0.44	-3.56
-1.1	-2.48
-0.83	-4.15
-0.82	-1.38
-0.13	0.18
-0.82	0.31
-0.82	2.43
-1.11	2.27
-0.87	3.26
-0.92	1.91
************TIME_SERIES************
ClassID: 4
TimeSeriesLength: 36
TimeSeriesData: 
-0.45	1.19
-0.29	1.51
-0.43	1.73
-0.03	1.21
-0.09	1.35
-0.35	0.2
-0.56	1.44
-0.63	0.34
-0.36	-0.23
-0.52	-0.38
-1.15	1.14
-0.81	-2.09
-0.03	0.6
1.78	-1.83
1.59	-1
-0.72	-0.12
-1.08	2.01
-0.26	3.06
-1.26	1.14
-0.66	2.02
-2.69	2.19
-2.68	2.11
-2.59	2.17
-0.52	-0.25
-0.97	-0.61
-1.03	-2.61
-0.89	-2
-0.9	-3.83
-0.04	-3.87
-1.27	-2.95
-1.14	-3.99
-0.22	-2.03
-1.24	-0.32
-0.08	1.21
-1.18	2.87
-1.21	3.5
************TIME_SERIES************
ClassID: 4
TimeSeriesLength: 39
TimeSeriesData: 
-0.48	0.1
-0.23	0.48
-0.03	0.78
-0.49	0.44
-0.35	1.51
-1	-0.61
-0.08	0.51
-0.42	-0.12
-0.05	-0.21
-0.24	0.44
-0.53	-0.64
-0.89	0.52
-1.13	-1.26
-0.17	-0.05
1.64	-1.4
1.45	-2.47
-0.39	1.15
-0.68	0.65
-1.2	2.42
-0.36	2.54
-0.11	2.66
-0.72	2.51
-0.36	2.07
-0.33	1.47
-0.39	1.38
-0.37	0.01
-1.03	-2.64
-0.67	-2.99
-0.47	-4.38
-0.71	-3.49
-0.84	-5.14
-0.95	-2.34
-1.1	-2
-1.1	-0.62
-0.86	0.86
-0.62	2.82
-0.92	3.06
-0.64	-325.16
-0.3	1.33
************TIME_SERIES************
ClassID: 4
TimeSeriesLength: 36
TimeSeriesData: 
-0.11	0.52
-0.41	0.04
-0.48	0.57
-0.89	-1.24
-0.84	2.19
-1.17	-0.58
-0.41	0.28
-1.16	1.72
-0.48	-1.03
-0.26	0.88
-0.16	0.24
-1.04	-0.48
-0.6	-0.22
1.53	-2.03
1.95	-1.96
1.46	-1.1
-0.32	1.33
-0.87	1.66
-0.1	1.95
-0.4	2.23
-0.82	2.17
-0.14	2.25
-0.87	-0.65
-0.19	2.83
-0.12	-1.14
-1.02	-0.88
-0.91	-2.76
-0.95	-3.32
-0.8	-3.56
-0.68	-4.21
-0.27	-3.38
-0.41	-2.08
-0.82	-0.66
-0.64	0.65
-0.9	2.64
-0.89	3.16
************TIME_SERIES************
ClassID: 4
TimeSeriesLength: 38
TimeSeriesData: 
-0.07	-0.61
-0.38	-1.47
-0.29	0.84
-0.9	1.89
-0.6	0.46
-0.87	2
-1.78	0.21
-0.39	1.16
-0.22	0.79
-1.15	-2.37
-1.05	0.61
-0.07	-1.09
-0.99	-1.41
-0.24	-0.04
1.29	-2.5
1.99	-1.3
1.51	0.02
-0.12	0.59
-0.27	1.46
-0.07	-0.34
-1.09	3.5
-0.72	2.86
-1.02	2.75
-0.6	1.72
-0.74	0.31
-0.06	1.27
-1.23	-1.65
-0.85	-1.54
-0.55	-2.55
-1.1	-4.36
-0.41	-5.97
-0.26	-3.84
-0.33	-4.62
-0.43	-2.57
-0.67	0.23
-0.95	0.67
-0.87	2.65
-0.78	3.49
************TIME_SERIES************
ClassID: 4
TimeSeriesLength: 39
TimeSeriesData: 
-0.44	0.01
-0.5	0.67
-0.01	1.43
-1.09	0.42
-0.38	0.02
-1.01	0.18
-0.77	0.55
-0.23	-0.21
-0.33	-0.63
-1.12	-0.04
-1.08	-0.26
-1.22	-0.01
-0.98	-0.8
1.35	-0.09
2.02	-2.17
2.15	-2.24
2.29	0.61
1.53	0.8
-0.87	1.99
-0.51	0.94
-0.95	2.37
-0.75	2.91
-0.43	2.25
-0.35	0.86
-0.42	1.89
-0.93	-0.72
-0.86	-0.23
-0.53	-2.72
-0.61	-1.99
-0.47	-2.44
-0.82	-3.91
-0.18	-3.46
1.3	-4.18
-0.76	-2.51
-0.33	-0.55
-0.73	0.62
-0.47	2.29
-0.81	2.78
-0.63	3.64
************TIME_SERIES************
ClassID: 4
TimeSeriesLength: 38
TimeSeriesData: 
-0.05	1.47
-0.44	0.52
1.28	1.76
-0.41	0.31
-0.74	1.22
-0.71	0.01
-1.09	0.84
-0.06	-0.89
-1.21	0.64
-1.17	-0.53
-0.58	-0.31
-0.57	-0.44
-0.77	-1.11
-0.08	-0.74
1.29	-3.27
2.37	-3.87
-0.15	-0.33
-0.98	0.99
-0.22	2.66
-0.07	2.27
-0.95	1.95
-0.75	3.49
-0.61	2.13
-0.36	1.4
-1.24	2.05
-0.63	-0.89
-1	-1.35
-0.58	-3.02
-0.09	-5.27
-0.29	-5.84
-0.47	-4.52
1.28	-3.25
-0.45	-3.78
-0.74	-0.04
-0.83	1.36
-0.87	3.04
-0.89	4.72
-0.59	3.69
************TIME_SERIES************
ClassID: 4
TimeSeriesLength: 40
TimeSeriesData: 
1.45	0.78
1.43	-0.35
-0.07	0.26
-0.17	0.81
-0.86	0.24
-0.87	1.33
-1	-0.22
-1.16	1.05
-1.12	0.27
-0.92	-0.01
-0.52	-0.14
-1.2	-1.84
-0.61	1.27
-0.42	-0.75
-1.1	-0.51
1.65	0.31
2.17	-2.55
2.07	-1.59
1.72	0.73
-0.97	-0.36
-1.18	2.08
-0.55	2.96
-0.61	2.03
-0.35	2.08
-0.18	3.16
-0.64	2.3
-0.1	0.74
-0.86	-0.54
-0.59	-3.19
1.44	-4.31
1.46	-5.37
-0.12	-3.67
-0.24	-4.88
-0.49	-2.79
-0.15	-2.35
-0.36	-0.52
-0.74	0.87
-0.62	2.56
-0.56	3.08
-0.46	3.52
************TIME_SERIES************
ClassID: 4
TimeSeriesLength: 40
TimeSeriesData: 
1.38	0.5
1.44	0.41
1.46	0.2
-0.2	-0.36
-0.7	0.22
-0.62	0.67
-1	-0.22
-0.99	0.29
-0.84	-0.08
-0.99	-0.61
-0.98	0.66
-0.41	0.91
-0.48	-1.13
-0.36	-0.84
-0.07	-1.1
1.38	-1.42
2.08	-2.29
2.5	-1.71
1.61	-0.85
-0.36	1.92
-0.04	1.08
-1	2.23
-1.19	2.05
-1.26	2.16
-0.24	0.41
-0.12	1.9
-0.78	0.8
-0.9	-0.42
-0.25	-0.12
-0.58	-1.75
-0.43	-2.67
-0.37	-3.66
1.38	-4.81
-0.23	-3.8
-0.27	-3.85
-0.34	-1.75
-0.46	-0.48
-0.48	0.46
-0.69	2.03
-0.62	3.73
************TIME_SERIES************
ClassID: 4
TimeSeriesLength: 40
TimeSeriesData: 
1.45	0.1
1.79	0.46
1.71	0.87
1.67	1.08
1.45	0.62
-0.17	-0.03
-0.56	0.89
-0.82	0.82
-0.71	-0.37
-0.91	-1
-0.59	1.04
-0.97	-0.51
-0.18	0.87
-0.76	-1.08
1.76	-0.61
1.54	-2.02
2.51	-2.82
2.16	0.11
-0.3	0.46
-1.25	1.39
-0.52	2.76
-0.54	3.01
-0.55	2.7
-1.18	1.32
-0.1	0.11
-0.8	2.24
-0.06	-0.27
-0.43	-1.26
-0.25	-0.81
-0.63	-2
-0.46	-5.69
1.61	-4.48
-0.08	-4.65
1.52	-4.24
-0.04	-1.33
-0.55	-1.68
-0.4	-0.1
-0.32	1.49
1.42	2.11
-0.4	3.66
************TIME_SERIES************
ClassID: 4
TimeSeriesLength: 38
TimeSeriesData: 
1.82	0.1
1.51	0.36
1.59	0.55
-0.46	0.41
-0.54	1.5
-0.59	0.08
-0.42	0.23
-0.82	-0.72
-1.08	-0.32
-0.67	0.39
-0.51	0.28
-0.03	-1.03
-0.54	-0.27
1.74	-0.4
1.88	-2.14
2.15	-1.29
1.46	-0.28
-0.6	1.83
-0.95	2.09
-1.23	2.6
-0.24	1.68
-0.31	1.85
-0.52	2.13
-1.08	2.5
-1.07	0.86
-0.62	-0.54
-0.52	-1.81
-0.25	-3.8
-0.27	-5.45
1.62	-5.02
-0.27	-4.55
-0.29	-3.19
-0.46	-1.95
-0.19	-1.07
-0.08	0.16
-0.2	0.53
-0.21	1.9
-0.57	4.1
************TIME_SERIES************
ClassID: 4
TimeSeriesLength: 37
TimeSeriesData: 
1.79	1.49
-0.15	0.43
1.39	0.43
-0.38	-0.15
-0.86	0.6
-0.39	-0.03
-0.48	0.26
-0.67	0.01
-0.61	-0.56
-0.38	-0.21
-0.42	-0.06
-0.41	-1.1
1.52	-0.09
1.83	-1.59
1.86	-1.66
1.66	-1.17
1.32	0.43
-0.46	0.96
-0.95	1.63
-1.28	3.37
-0.76	3.24
-1.26	3.43
-1.11	2.16
-0.93	1.11
-0.56	0.37
-0.59	-2.21
-0.59	-3.24
-0.02	-4.57
-0.16	-4.55
-0.24	-4.02
-0.09	-4.51
-0.15	-1.87
-0.59	-1.59
-0.28	-0.61
-0.22	0.84
-0.74	3.21
-0.49	3.51
************TIME_SERIES************
ClassID: 4
TimeSeriesLength: 40
TimeSeriesData: 
1.64	-0.27
1.32	0.13
-0.11	0.95
-0.25	0.57
-0.26	0.64
-0.53	0.39
-0.6	0.63
-0.72	-1.02
-0.47	0.55
-0.61	-1.11
-0.78	0.5
-0.42	-0.02
-0.3	-0.54
-0.55	-0.51
2.19	-2.42
1.9	-2.52
1.33	-0.03
-0.26	-0.3
-0.68	1.92
-0.78	0.97
-1.05	1.68
-1.19	2.45
-0.12	1.73
-1.03	2.82
-0.91	0.88
-0.81	1.41
-0.25	-0.33
-0.34	-2.29
-0.4	-2.55
1.3	-4.46
1.7	-4.36
1.48	-4.3
1.29	-3.74
-0.46	-1.4
-0.56	0.25
-0.57	0.87
-0.45	1.9
-0.64	2.23
-0.41	2.97
-0.09	1.25
************TIME_SERIES************
ClassID: 4
TimeSeriesLength: 41
TimeSeriesData: 
1.56	-0.45
1.31	0.39
-0.16	0.35
-0.31	0.26
-0.33	0.71
-0.59	0.2
-0.92	-0.36
-0.7	-0.01
-0.68	-0.3
-0.68	-1.69
-1.2	0.34
-0.62	1.43
-0.97	-1.01
-1	-0.47
1.41	-1.05
1.87	-2.18
0.69	-1.31
1.43	-1.23
1.36	-326.99
-0.17	0.95
-0.84	0.02
-1.2	1.74
-0.82	2.35
-0.08	3.47
-0.32	2.73
-1.22	1.07
-0.9	-0.24
-0.11	-1.66
-0.31	-1.77
-0.13	-3.24
-0.07	-3.47
-0.1	-4.02
-0.04	-3.27
-0.78	-3.2
1.37	-1.57
-0.5	-0.89
-0.2	0.71
-0.46	2.53
-0.53	2.4
-0.21	2.63
-0.07	1.44
************TIME_SERIES************
ClassID: 4
TimeSeriesLength: 40
TimeSeriesData: 
1.33	1.36
-0.03	-0.07
-0.15	1.19
-0.51	0.74
-0.84	-0.03
-0.59	1.25
-0.9	-0.44
-1.16	-0.11
-1.06	0.45
-0.99	-0.14
-0.72	-0.2
-0.52	-0.45
-0.17	-0.08
-0.51	-0.37
1.63	-1.35
1.98	-1.85
1.52	-0.49
-0.39	0.24
-0.74	0.45
-0.29	1.62
-0.59	3.34
-1.15	2.69
-0.01	1.83
-0.86	1.1
-0.75	0.19
-0.41	-0.19
-0.56	-1.97
-0.12	-4.19
-0.12	-2.71
-0.29	-3.27
-0.48	-4.27
1.28	-2.91
1.3	-3.3
1.3	-3.05
-0.07	-0.85
-0.16	-0.73
-0.38	1.5
-0.69	3.52
-0.43	3.43
1.3	1.24
************TIME_SERIES************
ClassID: 4
TimeSeriesLength: 43
TimeSeriesData: 
1.78	0.06
1.87	-0.61
1.67	1.56
1.61	-0.28
1.49	0.49
-0.36	-0.27
-0.54	1.25
-0.28	-1.56
-0.53	0.77
-0.49	0.07
-0.57	-0.05
-0.66	0.74
-0.54	-1.4
-0.95	0.48
-0.45	-0.42
-0.46	-0.22
1.86	-1.02
2.02	-1.66
1.78	-1.85
1.34	-1.01
-0.86	-0.35
-0.52	1.37
-1.16	2.8
-0.9	1.9
-0.22	2.93
-0.89	1.12
-0.76	1.95
-0.47	1.83
1.28	0.91
-0.01	-1.19
1.35	-1.96
1.34	-2.41
-0.14	-5.27
1.36	-2.55
1.7	-4.96
1.4	-4.65
1.28	-3.22
-0.03	-2.76
-0.36	1.19
-0.7	1.8
-0.36	3.7
-0.24	2.51
1.44	1.2
************TIME_SERIES************
ClassID: 5
TimeSeriesLength: 49
TimeSeriesData: 
1.39	-0.37
1.55	-1.21
1.42	-1.6
1.39	-1.46
1.42	-2.73
1.29	-1.93
1.28	-2.1
-0.05	-1.42
-0.13	-2.5
-0.57	-1.01
-0.37	-1.1
-0.46	0.26
-0.44	0.73
-0.3	0.5
-0.38	2.34
-0.39	1.74
-0.1	4.48
1.4	2.07
1.66	1.79
2.14	-1.1
1.85	-1.08
-0.34	2.23
-0.86	2.53
-1.12	2.61
-1.23	3.02
-0.47	2.99
-0.08	1.81
-0.28	1.03
-0.06	3.54
-0.25	-0.16
-0.27	1.03
-0.08	-0.26
-1.14	-2.6
-1.18	-1.42
-0.59	-2.99
-0.77	-2.81
-0.77	-2.79
-0.18	-2.37
-0.03	-3.33
-0.15	-3.15
1.63	-6.08
-0.14	-1.26
-0.21	-0.43
-0.56	0.18
-0.29	1.43
-0.36	-325.72
-0.34	1.97
-0.53	3.1
-0.31	2
************TIME_SERIES************
ClassID: 5
TimeSeriesLength: 48
TimeSeriesData: 
1.82	-2.22
-0.09	-0.94
1.63	-2.77
1.49	-1.94
-0.35	-2.19
-0.25	-1.78
-0.22	-1.21
-0.28	-1.43
-0.34	-1.26
-0.27	-0.35
-0.62	1.17
-0.81	2.14
-0.51	2.32
1.32	1.93
1.36	2.61
-0.19	3.92
1.95	1.32
1.73	-0.3
1.38	1.04
-0.21	1.82
-0.99	1.94
-0.73	2.27
-1.11	1.8
-0.92	3.44
-0.89	0.66
-0.32	2.96
-0.05	1.7
-1.31	1.74
-0.91	2.16
-0.61	-2.11
-0.18	-1.14
-1.24	-2.12
-0.65	-2.77
-0.5	-3.36
1.48	-3.76
-0.12	-2.94
1.63	-3.01
-0.11	-4.43
1.67	-2.24
1.4	-1.08
1.65	-2.47
1.77	-0.47
1.51	-0.2
-0.46	0.62
-0.18	2.58
-0.31	2.65
-0.53	3.62
-0.89	2.98
************TIME_SERIES************
ClassID: 5
TimeSeriesLength: 48
TimeSeriesData: 
1.64	0.4
1.71	-1.69
1.83	-2.52
1.45	-3
-0.05	-2.22
1.32	-2.67
-0.29	-0.81
-0.3	0.58
-0.19	-0.84
-0.32	0.07
-0.09	-0.47
-0.59	1.31
-0.26	1.08
-0.19	2.41
-0.45	3.3
-0.36	4.13
2	0.01
1.75	-1.93
2.09	-0.02
-0.35	1.29
-0.88	1.63
-1.15	3.81
-0.35	1.42
-0.17	3.25
-0.18	2.07
-0.17	3.05
-0.76	-0.03
-0.67	2.36
-0.15	0.06
-0.36	-1.61
-0.67	-1.77
-0.64	-1.66
-0.55	-6.08
-0.82	-4.1
-0.42	-1.98
1.34	-7.21
1.42	-3.57
1.3	-4.87
1.43	-2.45
-0.74	-2.94
-0.46	-2.13
1.86	-0.37
1.31	0.31
-0.58	2.35
-0.49	3.29
-0.61	1.02
-0.81	1.71
-0.16	3.21
************TIME_SERIES************
ClassID: 5
TimeSeriesLength: 49
TimeSeriesData: 
1.38	0.12
1.34	-1.02
-0.07	-2.16
-0.06	-3.24
-0.46	-2.62
-0.79	-2.85
-0.6	-1.54
-0.49	-2.83
-1.06	-0.56
-1.14	-0.26
-1.07	0.3
-0.64	1.19
-1.02	1.06
-0.18	1.81
-0.71	2.59
-0.36	3.72
-0.15	2.19
2.47	-0.8
2.43	-2.31
1.42	-0.26
-0.66	2.04
-0.07	2.7
-0.48	2.08
-0.47	3.39
-0.36	2.14
-0.13	2.01
-0.07	1.28
-0.96	1.74
-1.07	0.85
-0.07	-0.66
-0.42	-1.37
-0.09	0.04
-0.72	-4.4
-0.7	-3.02
-0.36	-3.64
-0.76	-4.24
-0.93	-3.72
-0.6	-3.49
-0.79	-3.64
-0.66	-4.12
-0.5	-2.25
-0.74	-2.95
-0.27	-0.73
-0.18	0.01
1.61	1.26
-0.47	1.48
-0.34	2.65
-0.68	2.86
-0.96	3.24
************TIME_SERIES************
ClassID: 5
TimeSeriesLength: 48
TimeSeriesData: 
1.37	-0.41
-0.14	-0.95
1.38	-4.18
-0.45	-2.81
-0.43	-3.4
-0.53	-1.86
-0.74	-1.43
-0.86	-0.51
-0.66	-0.45
-0.42	0.7
-0.31	1.03
-0.23	1.14
-0.59	1.05
1.67	0.78
1.49	1.47
-0.33	4.38
1.4	1.73
1.48	-1.35
2.15	-1.84
-0.21	-0.69
-1.07	4.21
-0.13	4.18
-0.73	3.3
-0.24	2.63
-0.2	1.71
-0.47	1.94
-0.77	2.35
-0.51	0.97
-0.56	1.05
-0.72	-2.52
-1.27	0.03
-0.49	-2.07
-1.18	-4.13
-0.57	-2.78
-0.5	-6.91
1.34	-5.93
1.66	-4.47
-0.35	-6.93
1.32	-3.66
-0.87	-1.86
-0.43	-0.87
-0.33	1.11
-1.09	3.49
-1.2	2.79
-0.81	2.87
-1.15	2.48
-0.83	1.77
-0.36	3.15
************TIME_SERIES************
ClassID: 5
TimeSeriesLength: 50
TimeSeriesData: 
1.67	-1.99
-0.07	-2.55
-0.34	-2.97
1.34	-3.55
-0.53	-2.01
-0.43	-0.99
-0.37	-0.83
-1.09	0.2
-0.38	-0.59
-0.65	0.43
-0.38	0.57
-0.82	2.49
-0.61	1.16
1.28	1.01
-0.15	2.15
1.44	3.02
-0.01	2.2
1.54	-0.97
1.88	-2.93
-0.48	1.55
-0.28	2.39
-0.79	3.41
-0.77	3.62
-0.75	2.33
-0.85	2.54
-1.97	1.51
-0.51	1.15
-0.16	1.72
-0.39	-1.67
-0.65	1.13
-0.14	-2.31
-0.82	-4.08
-0.97	-1.07
-0.9	-3.07
-0.52	-3.85
-0.38	-3.65
-0.38	-4.78
1.81	-3.54
1.41	-2.88
-0.45	-2.48
-0.14	-3.1
-0.26	-1.36
1.51	0.06
-0.74	1.42
-0.61	3.48
-0.57	2.52
-0.63	4.07
-0.76	2.39
-0.43	1.38
1.32	1.31
************TIME_SERIES************
ClassID: 5
TimeSeriesLength: 50
TimeSeriesData: 
1.57	-1.1
1.55	-2.64
1.43	-3.12
-0.09	-2.16
-0.45	-1.99
-0.12	-2.46
-0.41	-0.52
-0.56	-1.15
-0.04	-0.34
-0.07	-0.15
-0.48	0.59
-0.16	0.17
1.41	0.27
-0.13	1.29
-0.65	4.84
-0.52	2.44
2.2	0.64
1.31	-1.02
1.33	-1.2
0.93	0.44
-0.65	1.63
-0.8	1.91
-0.35	2.42
-0.82	1.86
-0.84	2.95
-1.27	1.96
-1.18	1.52
-0.01	1.7
-0.1	0.62
-0.7	1.96
-1.58	-0.56
-1.14	-3.06
-1.01	-1.1
-0.71	-3.67
-0.63	-3.83
-0.77	-3.75
1.28	-1.3
-0.14	-5.53
-0.19	-0.91
1.61	-3.54
1.54	-3.68
-0.01	-2.99
-0.06	-2.14
-0.09	0.27
-0.13	1.15
-0.36	2
-0.63	3.01
-1.14	3.17
-0.94	3.34
1.28	1.61
************TIME_SERIES************
ClassID: 5
TimeSeriesLength: 48
TimeSeriesData: 
1.72	-1.21
1.53	-1.73
1.8	-1.33
1.37	-2.44
1.4	-2.33
1.32	-1.56
-0.27	-1.32
1.3	-1.43
-0.29	-1.53
-0.2	-0.42
-0.31	-0.02
1.45	0.06
1.38	-0.24
-0.56	1.83
-0.6	3.77
-0.37	3.74
1.38	1.1
2.17	-0.6
1.97	-1
1.83	0.99
0	1.84
-0.84	1.78
-1.12	3.65
-1.12	2.21
-1.21	2.94
-1.02	2.53
-0.46	0.99
-0.23	2.04
-1.18	-0.32
-0.18	-1.22
-1.26	0.36
-1.17	-1.56
-0.71	-5.79
1.43	-3.04
-0.21	-6.84
-0.4	-6.33
1.63	-4.04
1.46	-5.02
-0.64	-2.75
-0.09	-2.01
-0.28	-1.97
-0.32	0.38
-0.65	2.22
-0.46	2.63
-0.57	3.21
-0.72	2.75
-0.64	2.57
1.41	2.29
************TIME_SERIES************
ClassID: 5
TimeSeriesLength: 54
TimeSeriesData: 
1.53	-0.85
1.6	-0.62
1.7	-1.63
1.28	-2.78
-0.08	-3.19
-0.14	-2.53
-0.55	-1.48
-0.36	-1.09
-0.66	-0.25
-0.57	0.19
-0.64	0.66
-0.57	0.19
-0.5	0.03
-0.28	0.87
-0.09	0.27
-0.12	2.36
-0.75	3.06
-0.57	4.17
1.62	1.94
2.13	0.55
2.4	-0.91
1.39	-2.74
0.79	0.67
-0.1	1.98
-0.2	3.66
-0.66	3.99
-0.53	3.89
-0.35	2.51
-0.37	4.09
-0.05	1.46
-0.51	1.05
-0.82	2.13
-0.66	-0.15
-0.7	-2.83
-0.39	-1.21
-1.06	-3.71
-0.78	-6.7
1.46	-4.22
-0.28	-5.89
-1.11	-2.34
1.37	-3.95
-0.51	-2.49
1.4	-2.49
1.51	-1
-0.3	-1.43
-0.52	0.47
-0.81	3.15
-1.06	3.89
-0.96	3.36
-0.7	3.24
-0.49	0.88
-0.14	1.93
1.31	0.15
-0.15	1.43
************TIME_SERIES************
ClassID: 5
TimeSeriesLength: 52
TimeSeriesData: 
1.59	-1.79
1.59	-1.73
1.79	-3.49
-0.02	-2.66
-0.42	-1.98
-0.22	-1.53
-0.56	-1.03
-0.56	-0.38
-0.39	-0.69
-0.38	0.12
-0.44	-0.07
-0.52	-0.32
-0.33	0.88
-0.84	1.38
-0.8	3.41
-0.46	4.11
-0.13	2.17
1.54	1.68
1.65	-1.83
1.36	-0.97
1.84	1.65
-0.45	0.02
-0.55	3.19
-0.09	3.47
-0.21	1.23
-0.37	3.15
-0.86	2.13
-0.96	2.56
-0.9	1.82
-0.22	-0.02
-0.32	-0.41
-0.21	-0.46
-0.57	-2.23
-3.64	0.62
-1.05	-1.42
1.53	-3.99
-0.41	-6.64
1.38	-3.44
-0.75	-4.87
-0.76	-3.51
-0.07	-2.96
-0.1	-1.02
1.41	-3.32
2.02	-2.16
1.8	1.23
-0.59	0.51
-0.17	2.23
-0.85	2.89
-0.52	3.32
-0.89	2.46
-1.24	2.78
-0.79	0.51
************TIME_SERIES************
ClassID: 5
TimeSeriesLength: 49
TimeSeriesData: 
1.57	-2.25
1.47	-1.88
-0.25	-2.94
-0.36	-2.06
-0.62	-1.92
-0.39	-1.19
-0.66	-0.9
-0.6	-1.11
-0.66	-0.59
-0.65	-0.14
-0.66	-0.17
-0.31	0.56
-0.35	1.73
-0.8	5.28
1.28	3.82
1.8	1.27
2.02	0.72
1.91	0.19
0.31	2.26
-0.62	1.92
-0.47	2.65
-0.92	2.49
-1.2	2.53
-1.14	2.17
-0.46	1.14
-0.3	0.94
-0.09	0.9
-0.16	-0.18
-0.35	-0.22
-0.19	-2.1
-1.18	0.99
-0.41	-4.31
-1.17	-1.77
-0.28	-2.08
-1.12	-4.11
-1.08	-2.07
-0.36	-3.01
-0.21	-4.14
-0.3	-3.67
-0.07	-3.12
-0.58	-0.91
-0.59	1.03
-0.9	0.48
-0.32	2.47
-0.95	2.2
-0.89	3.39
-1.12	1.99
-1.24	2.87
-0.18	0.89
************TIME_SERIES************
ClassID: 5
TimeSeriesLength: 55
TimeSeriesData: 
-0.29	-0.64
1.4	-0.95
1.38	-3.12
1.28	-2.74
-0.64	-2.56
-0.58	-1.95
-0.83	-2.18
-0.97	-1.87
-1.27	0.33
326.86	-0.78
-1.05	0.75
-0.89	0.23
-0.67	1.49
-0.65	1.81
-0.45	3.2
-0.34	3.55
-0.39	4.34
1.45	2.09
1.88	0.87
2.19	-0.64
-0.34	1.3
-0.64	2.89
-0.9	2.04
-0.33	2.57
-0.11	2.21
-0.94	1.72
-1.06	0.36
-1.04	3.46
-0.71	-0.56
-0.19	2.19
-0.56	0.16
-2.04	0.27
-0.33	-1.43
-0.27	-1.87
-1.21	-2.75
-0.51	-2.63
-0.39	-3.23
-0.39	-2.3
-0.92	-2.24
-0.13	-4.81
-0.7	-4.69
-0.59	-5.04
-1.17	-3.01
-0.36	-3.11
-0.02	-1.83
-0.51	-0.94
-0.6	0.39
-0.69	1.14
-0.02	3.36
-1.21	2.81
-0.02	3.03
-0.95	3.13
-0.49	0.89
-0.56	1.75
-0.18	1.02
************TIME_SERIES************
ClassID: 5
TimeSeriesLength: 51
TimeSeriesData: 
-0.02	0.75
-0.25	-1.94
1.35	-2.73
-0.35	-1.63
-0.39	-2.8
-0.37	-1.92
-0.76	-1.86
-0.6	-1.41
-0.2	-2.31
-0.84	-0.88
-0.03	-0.07
-1.18	1.06
-1.16	1.38
-0.86	1.1
-0.86	2.38
-0.42	3.56
-0.34	2.49
1.28	2.04
1.97	0.64
2.37	-0.69
-0.01	0.73
-0.68	3.21
-0.54	2.21
-0.78	1.81
-1.03	2.94
-1.09	1.6
-0.12	2.14
-0.07	1.49
-0.89	0.87
-2.6	2.54
-0.77	-0.3
-0.62	-0.56
-0.37	-0.43
-0.31	-3.15
-0.22	-2.42
-1.17	-2.91
-0.99	-3.95
-0.68	-4.57
-0.66	-6.01
-0.33	-2.68
-0.39	-2.42
-0.3	-2.79
-0.43	-1.45
-0.43	-0.3
-0.39	1.3
-0.65	1.96
-0.67	3.12
-1.15	1.74
-1.17	2.55
-1.22	1.79
-0.24	2.02
************TIME_SERIES************
ClassID: 5
TimeSeriesLength: 46
TimeSeriesData: 
-0.16	-1.1
-0.06	-1.57
1.37	-1.8
-0.39	-3.93
-0.07	-2.22
-0.5	-2.08
-0.57	-1.1
-0.63	-1.77
-0.32	-0.38
-0.68	0.33
-0.24	0.72
-0.12	1.49
1.55	2
-0.6	1.75
-0.12	6.28
1.52	2.16
2.14	3.41
1.92	0.15
1.58	2.42
-0.74	1.69
-0.09	2.69
-0.05	2.45
-0.42	1.85
-0.09	2
-0.35	0.67
-0.68	0.39
-0.49	-1.17
-0.71	-3.19
-0.4	-2.58
-1.25	-1.61
-0.94	-5.66
-1.03	-4.84
-0.48	-3.93
-0.76	-3.94
-0.09	-2.92
-0.09	-2.46
1.35	-2.64
1.37	-1.11
1.65	-0.62
1.68	1.27
1.42	3.33
-0.5	1.82
-0.73	2.67
-1.08	2.98
-0.13	2.59
-0.21	0.75
************TIME_SERIES************
ClassID: 5
TimeSeriesLength: 50
TimeSeriesData: 
1.49	-1.63
1.51	-2.99
1.28	-3.43
-0.3	-3.06
-0.29	-2.15
-0.61	-1.51
-0.87	-0.04
-0.85	-0.22
-0.8	0.42
-0.72	-0.04
-0.76	0.56
-0.72	2.34
-0.58	3.41
-0.32	2.66
-0.33	2.99
1.32	2.92
1.48	0.85
1.92	0.17
1.54	0.9
1.52	1.08
-0.4	3.28
-0.03	3.05
-0.66	3.21
-0.19	2.69
-0.08	1.65
-0.02	1.26
-0.86	-0.38
-0.39	1.23
-0.18	0.77
-0.63	-3.32
-0.01	-0.19
-1.2	0.09
-1.5	-3.31
-0.86	-0.32
-0.78	-3.21
-0.74	-5.55
1.57	-4.17
1.68	-4.93
1.34	-3.89
-0.12	-1.24
1.44	-1.71
-0.08	-1.27
-0.14	1.23
-0.48	2.05
-0.37	2.5
-0.78	2.65
-0.45	3.38
-0.45	1.66
-0.5	1.62
-0.22	1.51
************TIME_SERIES************
ClassID: 5
TimeSeriesLength: 47
TimeSeriesData: 
1.64	-1.69
1.53	-1.62
1.47	-3.2
-0.27	-2.84
-0.2	-1.99
-0.25	-1.97
-0.2	-1.23
-0.73	-0.43
-0.57	-0.02
-0.58	0.42
-0.38	1.17
1.28	1.33
-0.01	1.77
-0.28	3.36
1.65	4.18
1.71	1.56
1.83	0.2
1.66	0.98
-1.08	2.13
-1.07	3.7
-0.94	3.58
-0.38	1.09
-1.21	2.5
-0.06	0.1
-0.67	-0.01
-0.53	-0.13
-0.13	-0.02
-0.02	-1.32
-1.19	-2.25
-1.22	-3.28
-1.11	-2.34
-0.79	-3.51
-0.72	-5.57
-0.29	-4.14
-0.22	-3.98
1.28	-3.51
-0.58	-2.95
1.28	-1.21
1.79	-0.74
1.72	0.3
-0.2	1.84
-0.41	1.96
-0.69	1.64
-0.78	1.85
-0.88	1.71
-1.21	2.21
-0.32	2.94
************TIME_SERIES************
ClassID: 5
TimeSeriesLength: 49
TimeSeriesData: 
1.73	-0.86
1.83	-0.8
1.56	-2.05
1.39	-3.58
1.3	-2.76
-0.21	-1.97
-0.41	-1.54
-0.27	-1.72
-0.15	-1.28
-0.25	-1.07
-0.06	-0.18
-0.48	0.11
-0.13	1.39
-0.37	3.12
-0.71	5.14
-0.33	3.27
1.88	1.4
2.26	0.15
1.31	-1.98
2.22	0.44
-0.05	2.45
-1.06	2.5
-0.26	3.82
-0.41	2.65
-0.06	3
-0.52	2.25
-1.25	0.7
-0.31	0.38
-0.57	0.09
-1.27	-2.08
-0.89	-0.78
-0.5	-3.88
-0.95	-1.02
-0.35	-2.87
-0.97	-4.71
-0.48	-3.46
-0.78	-2.8
-0.45	-3.86
1.28	-2.71
1.4	-4.36
2.19	-1.08
-0.44	-2.36
1.58	-0.18
-0.03	0.94
-0.03	1.44
-0.43	3.52
-1.11	3.13
-1.1	3.15
-0.88	1.28
************TIME_SERIES************
ClassID: 5
TimeSeriesLength: 48
TimeSeriesData: 
1.65	-1.86
1.59	-2.55
1.33	-3.18
-0.34	-2.41
-0.22	-1.83
-0.5	-0.96
-0.65	-0.53
-0.74	-0.98
-0.24	0.16
-0.62	-0.38
-0.54	1.6
-0.32	2.43
-0.61	3.58
-0.28	4.1
1.37	3.19
1.63	0.53
2.5	-0.01
1.29	-0.16
1.64	1.22
-1	2.69
-1.04	2.77
-0.73	2.78
-0.25	1.36
-0.34	3.05
-1.89	0.05
-1.15	2.45
-2.67	1.6
-0.77	-0.54
-0.32	-1.99
-0.38	-2.52
-0.62	-4.64
-0.98	-2.54
-0.97	-5.11
-0.02	-5.69
-0.99	-1.96
-0.81	-3.57
-0.94	-5.49
1.39	-2.47
-0.39	-2.95
-0.38	-0.65
1.45	0.44
1.44	1.28
-0.51	2.29
-0.19	2.22
-0.46	2.78
-0.69	3.04
-0.9	2.57
-0.1	1.82
************TIME_SERIES************
ClassID: 5
TimeSeriesLength: 45
TimeSeriesData: 
1.9	0.03
1.83	-2.41
2.06	-2.14
1.48	-2.62
-0.12	-2.15
1.98	-2.58
1.53	-0.99
1.43	-1.06
1.34	0.1
-0.12	0.7
-0.25	3.49
-0.1	1.83
1.32	4.22
1.5	2.23
2.24	0.57
2.02	2.03
2.22	-1.36
1.64	2.7
1.47	2.11
-0.55	1.73
-0.2	2.65
-0.9	3.39
-0.47	0.96
-0.69	0.73
-1	0.71
-1.04	3.01
-1.27	-1.22
-0.79	0.74
-0.69	-3.73
-0.68	-2.73
-0.93	-2.66
1.28	-4.76
-0.54	-4.26
1.48	-4.53
1.59	-4.11
-0.66	-3.75
1.41	-0.57
2.05	-0.05
2.06	-2.1
1.59	0.93
1.61	2.33
-0.47	2.71
-0.79	3.79
-1.21	3.19
-0.2	3.86
************TIME_SERIES************
ClassID: 5
TimeSeriesLength: 50
TimeSeriesData: 
1.77	-2.18
1.97	-2.59
1.65	-2.13
0.33	-1.79
1.63	-1.64
1.52	-1.39
1.6	-0.91
1.54	-0.41
1.64	-0.55
1.41	-0.07
1.35	0.65
1.73	0.27
1.75	0.72
1.71	0.99
1.78	0.91
1.91	1.16
1.47	1.59
2.01	1.74
1.98	2.45
2.48	1.52
1.97	1.75
1.44	2.66
-0.68	2.46
-0.86	4.01
-0.58	1.52
-0.45	0.24
-0.66	0.79
-0.86	0.38
-1.22	1.17
-0.53	-1.55
-0.62	-3.2
-0.08	-0.93
-0.52	-1.85
-0.2	-2.68
-0.22	-1.26
1.28	-3.87
1.74	0.5
2.18	-4.47
1.79	-5.28
1.34	-3.4
2.1	-1.45
2.23	-2.07
2.14	-0.38
1.64	0.82
-0.04	1.3
-0.36	1.77
-1.03	3.21
-1.13	4.49
-0.29	2.15
-0.05	2.24
