GRT_PIPELINE_FILE_V3.0
PipelineMode: CLASSIFICATION_MODE
NumPreprocessingModules: 1
NumFeatureExtractionModules: 0
NumPostprocessingModules: 0
Trained: 1
Info: 
PreProcessingModuleDatatypes:	MovingAverageFilter
FeatureExtractionModuleDatatypes:
ClassificationModuleDatatype:	DTW
PostProcessingModuleDatatypes:
PreProcessingModule_1
GRT_MOVING_AVERAGE_FILTER_FILE_V1.0
NumInputDimensions: 3
NumOutputDimensions: 3
FilterSize: 4
GRT_DTW_Model_File_V2.0
Trained: 1
UseScaling: 0
NumInputDimensions: 3
NumOutputDimensions: 0
NumTrainingIterationsToConverge: 3
MinNumEpochs: 0
MaxNumEpochs: 100
ValidationSetSize: 20
LearningRate: 0.1
MinChange: 1e-05
UseValidationSet: 0
RandomiseTrainingOrder: 1
UseNullRejection: 0
ClassifierMode: 1
NullRejectionCoeff: 3
NumClasses: 5
NullRejectionThresholds:  0 0 0 0 0
ClassLabels:  2 3 1 5 4
DistanceMethod: 1
UseSmoothing: 0
SmoothingFactor: 5
UseZNormalisation: 0
OffsetUsingFirstSample: 1
ConstrainWarpingPath: 1
Radius: 0.2
RejectionMode: 0
NumberOfTemplates: 5
OverallAverageTemplateLength: 36
***************TEMPLATE***************
Template: 1
ClassLabel: 2
TimeSeriesLength: 39
TemplateThreshold: 346.86
TrainingMu: 70.9344
TrainingSigma: 91.9753
AverageTemplateLength: 39
TimeSeries: 
0	0	0	
-0.025	-0.03	0.05	
-0.0025	0.02	-0.0275	
0.0325	0.02	-0.0225	
0.0225	0.035	0.015	
0.045	0.14	-0.1475	
0.0025	0.41	-0.0475	
-0.2075	1.925	-0.38	
-0.365	3.6475	0.75	
-0.52	3.9475	2.81	
-0.6075	3.3425	4.205	
-0.54	0.505	5.13	
-0.345	-3.5025	3.5325	
0.4575	-6.78	0.3875	
0.9475	-8.9825	-2.3525	
1.0375	-10.175	-3.99	
0.155	-9.1925	-2.82	
-1.8575	-5.03	0.4825	
-3.4825	-0.11	3.455	
-4.6975	5.67	5.67	
-4.66	10.0825	5.4175	
-4.1425	10.735	3.045	
-3.535	8.86	0.5375	
-2.93	6.06	-2.23	
-2.0725	2.6425	-4.7125	
-1.2875	-0.2675	-6.61	
-0.105	-3.365	-7.135	
0.98	-6.36	-6.1225	
0.97	-9.04	-4.2325	
0.94	-10.365	-1.7125	
-0.475	-8.48	0.365	
-1.6375	-5.5875	1.4375	
-2.3	-0.2475	1.43	
-3.04	4.205	1.7025	
-2.2625	6.555	1.2675	
-1.6	8.0125	1.08	
-1.04	6.3675	1.9475	
-0.23	4.6275	2.15	
-0.395	2.4575	2.905	
***************TEMPLATE***************
Template: 2
ClassLabel: 3
TimeSeriesLength: 30
TemplateThreshold: 516.932
TrainingMu: 68.714
TrainingSigma: 149.406
AverageTemplateLength: 33
TimeSeries: 
0	0	0	
0.0316667	0.0716667	-0.0683333	
0.065	0.015	-0.08	
0.07	0.0275	0.005	
0.08	0.035	0.06	
0.68	-0.27	0.975	
0.5375	-0.08	3.355	
-0.26	1.65	4.18	
-0.9225	2.7825	3.885	
-1.7275	4.0175	1.66	
-1.735	4.665	-2.6	
-0.8425	2.7625	-5.665	
-0.3575	0.7875	-7.4725	
-0.12	-2.09	-7.7675	
-0.15	-4.8425	-6.1225	
-0.4125	-6.825	-3.6325	
-0.2475	-7.48	-0.555	
-0.42	-6.9725	2.6275	
-1.075	-5.3875	5.83	
-1.5275	-2.53	8.3775	
-2.11	0.0225	9.315	
-2.7375	2.6075	8.5025	
-2.575	3.8925	4.8625	
-2.1475	3.8	-0.4875	
-1.4375	3.015	-5.4825	
-0.2025	2.2275	-9.47	
0.4025	1.1925	-11.5775	
0.0225	0.725	-10.6325	
-0.24	0.335	-9.0625	
-1.3	-0.235	-5.1175	
***************TEMPLATE***************
Template: 3
ClassLabel: 1
TimeSeriesLength: 26
TemplateThreshold: 225.535
TrainingMu: 44.7497
TrainingSigma: 60.2616
AverageTemplateLength: 25
TimeSeries: 
0	0	0	
0.0266667	0.0466667	-0.0633333	
0.025	0.05	-0.045	
0.09	0.1025	-0.27	
0.0825	-0.03	-0.1275	
0.5475	-0.295	0.23	
0.44	-0.1425	1.4425	
0.3425	1.53	2.18	
0.3175	2.9925	1.765	
-0.3875	3.4325	0.6175	
-0.245	3.6075	-2.3125	
-0.21	1.38	-4.235	
-0.155	-0.5475	-6.1575	
-0.065	-2.435	-5.4725	
-0.11	-4.0375	-4.36	
-0.0825	-5.575	-1.705	
-0.2625	-7.065	2.6375	
-0.4425	-6.33	4.9525	
-0.6075	-4.9775	8.0225	
-0.8275	-1.51	8.3125	
-1.3025	2.57	7.8975	
-1.5775	5.48	5.445	
-1.5125	6.575	2.0925	
-1.4975	5.73	-0.65	
-1.06	4.0925	-3.66	
-0.4175	2.0375	-4.9125	
***************TEMPLATE***************
Template: 4
ClassLabel: 5
TimeSeriesLength: 46
TemplateThreshold: 335.841
TrainingMu: 65.8974
TrainingSigma: 89.9812
AverageTemplateLength: 47
TimeSeries: 
0	0	0	
0.0583333	0.0466667	-0.518333	
-0.02	-0.2075	-0.125	
-0.1	-0.4875	0.1525	
-0.1525	-0.445	-0.005	
-0.67	-0.4425	0.5225	
-0.6875	-0.19	0.15	
-1.11	0.01	0.1275	
-1.49	0.295	-0.11	
-1.5	0.62	0.0225	
-1.4625	0.9925	0.0275	
-1.045	1.315	0.0475	
-1.135	1.8775	0.4125	
-1.2075	2.825	0.585	
-1.6625	3.745	1.3875	
-1.6625	4.08	1.98	
-0.98	3.4725	2.86	
-0.3375	2.28	3.8125	
0.2125	1.5925	4.055	
-0.1325	1.7775	3.9075	
-0.885	2.3725	3.58	
-1.6575	3.535	1.945	
-2.395	3.84	0.66	
-2.6975	4.115	-0.605	
-2.7425	4.3025	-2.07	
-2.5775	3.6375	-2.2825	
-2.355	3.595	-3.1375	
-2.3475	2.78	-3.4	
-2.1375	1.8425	-3.6325	
-2.3375	1.685	-3.94	
-2.5725	0.785	-3.3275	
-2.455	-0.5825	-2.4125	
-2.0525	-1.0375	-1.8875	
-1.79	-2.8375	-0.7525	
-1.5975	-4.03	0.505	
-1.0125	-3.5925	0.5225	
-1.005	-4.0875	1.3125	
-1.1125	-3.065	1.7	
-1.035	-1.985	1.73	
-1.5125	-1.4675	3.275	
-1.9575	-0.1175	3.95	
-1.96	1.125	4.43	
-2.0525	2.285	4.6775	
-2.125	3.58	3.625	
-2.225	4.1725	2.2875	
-2.2225	4.26	0.315	
***************TEMPLATE***************
Template: 5
ClassLabel: 4
TimeSeriesLength: 38
TemplateThreshold: 54.872
TrainingMu: 26.8174
TrainingSigma: 9.35153
AverageTemplateLength: 36
TimeSeries: 
0	0	0	
0.03	0.196667	-0.561667	
0.035	0.3475	-1.205	
0.035	0.4775	-2.15	
-0.455	0.355	-1.74	
-1.0225	0.36	-1.285	
-1.645	0.295	-0.6975	
-2.185	0.0475	0.08	
-2.37	-0.195	0.5175	
-2.3775	-0.1575	0.8775	
-2.415	-0.49	2.3125	
-2.2825	-0.18	2.945	
-2.245	-0.2	3.7325	
-1.6575	-0.6125	4.2375	
-1.03	-0.99	4.575	
-0.3575	-1.9125	6.5775	
0.3725	-1.615	7.885	
-0.1425	-1.3475	9.1125	
-0.84	-0.495	8.9375	
-1.5975	0.9	6.685	
-2.2725	1.625	4.1225	
-2.335	2.185	2.0575	
-2.3175	2.1675	0.1975	
-2.2125	1.505	-0.735	
-2.2775	1.3125	-1.97	
-2.155	0.57	-3.4425	
-1.9675	-0.075	-3.485	
-2.005	-0.305	-4.0025	
-1.9625	-1.365	-3.0525	
-2.0625	-2.72	-1.1125	
-1.5525	-3.525	-0.5625	
-1.51	-4.485	1.2975	
-0.9725	-5.045	2.3825	
-0.8675	-3.955	2.72	
-1.4075	-3.255	4.23	
-1.4875	-2.1175	3.945	
-1.9475	-0.685	4.0275	
-1.5825	0.175	3.91	
